10.104,15.435,15.435,14.929,17.366,18.505,17.733,13.754,9.0406,4.0921,-1.9285,7.3657,9.6852,14.604,14.092,17.02,19.486,18.881,17.366,14.355,10.743,7.6139,14.604,19.041,19.294,18.505,16.908,14.604,13.19,15.592,16.201,9.0406,13.754,13.386,13.386,12.221,8.0715,7.3657,9.6852,12.221,14.092,14.604,14.092,16.201,17.733,18.602,16.764,14.355,13.19,14.355,14.092,13.754,12.914,13.754,9.6852,7.3657,4.6036,-4.9388,-1.9285,5.0612,1.0818,22.094,26.15,26.306,27.146,27.449,26.244,24.709,24.929,27.319,29.15,29.206,28.294,28.329,27.807,28.058,26.274,25.219,25.592,25.914,25.86,25.379,24.929,25,23.494,21.99,19.407,15.592,12.304,6.2006,2.0509,3.1713,3.3211,3.5976,3.4059,3.1358,2.9998,2.8278,3.0008,3.2925,3.4422,3.0516,1.766,1.2135,1.2214,1.3354,0.98508,0.8241,0.63647,0.64433,0.8476,1.9479,2.5613,2.4273,2.3537,2.1045,2.1562,2.3828,2.7299,3.0793,3.1713,1.3222,1.1013,0.81215,0.40833,0.15145,0.36194,1.1567,1.3784,1.672,1.6338,1.578,1.8061,1.6948,1.8132,1.5343,1.5219,1.5545,1.7349,1.7268,1.5679,1.4975,1.5091,1.3394,1.1858,1.1365,0.97762,1.0638,1.9353,1.5578,1.3222,1.5595,1.5634,1.4932,1.3943,1.2393,1.3375,1.6909,2.0613,2.2993,2.3309,2.3772,2.4652,2.514,2.7,2.725,2.9353,3.2014,3.42,3.5065,3.5689,3.6592,3.7408,3.7258,3.6716,3.5433,3.3287,3.0208,2.6131,1.9127,1.5595
10.124,15.881,15.594,14.912,17.217,18.453,17.465,14.207,9.5364,4.9124,0.93298,7.2169,8.8918,14.207,13.042,15.881,19.258,18.356,16.644,14.207,9.0621,7.2169,14.051,18.586,19.625,18.605,17.217,15.083,14.051,15.74,16.526,9.0621,13.237,13.486,13.237,10.933,7.2169,7.9227,10.227,10.933,13.546,13.997,14.051,16.615,17.191,17.489,15.165,14.78,13.546,12.974,14.051,14.207,13.042,12.766,10.933,7.2169,1.9021,-2.0773,0.93298,4.9124,3.9433,22.701,25.765,26.229,26.937,27.209,26.135,25.053,24.744,26.615,28.786,28.685,27.899,28.331,27.695,27.26,25.722,25.165,25.083,25.083,25.17,25.17,24.574,25.19,23.811,22.22,19.923,16.556,12.155,9.0621,4.9124,4.89,5.0233,5.2256,5.1227,4.7471,4.6077,4.6205,4.3965,4.5954,4.5314,4.5441,3.476,2.8716,2.9398,3.142,2.6911,2.4559,2.4914,2.357,2.5935,3.9796,4.3716,4.1883,4.0471,3.882,3.8655,4.0026,4.5684,4.7154,4.89,3.0792,2.8332,2.4892,2.1451,1.7748,2.048,2.953,3.2261,3.2038,3.4372,3.2749,3.3606,3.5025,3.4692,3.3276,3.1931,3.3006,3.4375,3.2751,3.3609,3.4493,3.3452,3.1846,3.008,2.6377,2.6154,2.49,3.4718,3.3465,3.0792,3.2429,3.2467,3.1741,3.0872,2.8796,2.9734,3.433,3.7691,3.9196,3.978,4.0151,4.0677,4.1928,4.4358,4.4991,4.6323,4.8895,5.1033,5.1294,5.2166,5.4914,5.6,5.481,5.4244,5.2023,4.9409,4.7375,4.3075,3.4872,3.2429
10.144,9.6605,9.7678,15.254,17.295,15.599,16.144,14.779,16.821,17.238,16.65,17.739,17.478,17.181,15.788,13.893,9.6605,12.725,14.322,15.919,15.007,14.779,16.562,15.788,16.65,13.134,13.508,14.014,10.172,14.468,13.893,10.883,13.64,14.504,14.779,14.609,12.671,13.64,12.332,12.273,9.6605,11.769,11.769,8.9547,7.7896,5.6811,6.6502,7.7896,10.8,13.182,12.671,12.671,14.284,13.64,14.468,11.493,11.965,13.893,11.274,13.182,12.213,23.472,23.917,26.1,26.829,25.665,25.254,25.202,26.107,24.769,23.798,24.148,24.55,23.579,23.202,20.305,19.031,18.955,18.609,19.883,18.609,20.035,21.191,20.094,20.733,17.332,17.084,19.403,16.585,18.929,17.295,11.239,10.921,10.62,10.216,9.9902,9.8242,10.01,9.9717,9.9297,9.9554,9.7862,9.7418,9.7015,9.6388,9.9284,10.422,10.778,10.869,10.96,10.895,11.012,11.03,11.033,10.958,10.936,11.021,10.989,10.852,11.067,11.239,10.224,9.9349,9.5494,9.3629,9.1545,8.8597,9.0285,9.0408,9.0815,9.0335,8.9361,9.1738,9.1415,8.941,9.3761,10.472,10.444,10.686,10.657,10.504,10.493,10.281,10.367,10.356,10.113,10.295,10.176,10.149,10.055,10.224,10.492,10.225,9.9475,9.7328,9.4819,9.3383,9.3576,9.3042,9.2462,9.28,9.2804,9.2658,9.3308,9.2515,9.5747,9.6543,9.8774,10.01,10.113,10.285,10.345,10.279,10.292,10.192,10.241,10.337,10.349,10.455,10.236,10.492
10.164,8.5182,11.596,16.138,16.851,15.771,16.52,15.508,16.345,17.616,17.699,18.743,19.184,17.14,15.847,12.961,10.456,12.498,14.33,16.477,14.33,16.019,16.851,16.911,17.14,14.606,13.467,14.436,11.596,14.606,13.637,12.961,12.552,14.606,15.314,14.111,12.961,13.997,14.33,13.467,11.792,12.498,11.101,9.1487,7.4461,5.7711,0.45636,8.0906,12.605,13.467,12.552,15.199,15.314,12.961,13.334,12.1,11.101,13.51,11.32,13.51,12.498,23.574,24.189,26.229,26.985,26.086,25.973,25.847,26.138,25.683,24.111,24.623,24.623,24.32,23.379,20.774,19.541,19.832,19.53,19.921,19.137,20.534,21.747,20.252,20.643,16.988,17.616,18.857,16.345,18.944,18.091,11.222,11.245,10.862,10.423,9.9536,9.8291,10.149,10.144,10.143,10.123,9.9336,9.7342,9.7698,9.7494,10.027,10.484,10.846,10.976,10.965,10.954,11.084,11.155,11.001,11.009,10.875,10.898,11.118,11.103,11.002,11.222,10.478,10.113,9.8499,9.5906,9.292,8.9996,9.3529,9.1902,9.284,9.2484,9.1865,9.131,9.2076,9.376,9.3404,10.849,10.769,10.925,10.755,10.758,10.794,10.726,10.569,10.622,10.491,10.331,10.473,10.343,10.196,10.478,10.672,10.5,10.126,9.8906,9.6396,9.4664,9.653,9.5206,9.4463,9.4962,9.4773,9.3654,9.4548,9.4731,9.7882,9.8439,10,10.135,10.241,10.437,10.635,10.579,10.417,10.383,10.509,10.39,10.531,10.609,10.451,10.672
10.184,9.2032,11.036,14.55,16.193,15.487,15.735,15.487,16.875,18.459,17.67,19.705,18.573,16.446,16.038,13.864,11.244,13.557,14.322,16.3,15.735,14.796,16.626,15.563,16.363,13.05,12.676,12.477,10.343,14.152,13.864,10.817,13.183,14.152,14.55,15.278,13.183,13.183,11.508,11.756,12.477,12.676,11.312,8.4974,5.4871,2.725,3.1826,7.3323,11.036,12.477,13.05,13.557,14.914,13.05,13.436,11.875,11.312,12.725,12.725,13.436,11.875,22.768,23.827,25.747,26.16,25.755,25.843,25.601,26.132,25.738,24.362,24.844,24.597,22.844,23.557,21.036,19.456,20.111,20.343,19.466,18.9,19.885,21.141,19.82,19.577,17.332,16.127,17.807,17.282,18.497,18.026,13.049,12.822,12.387,12.096,11.74,11.499,11.748,11.774,11.703,11.677,11.536,11.356,11.486,11.469,11.804,12.006,12.504,12.675,12.593,12.487,12.729,12.769,12.669,12.628,12.412,12.607,12.62,12.645,12.667,13.049,12.136,11.839,11.482,11.191,10.808,10.773,10.881,10.949,10.67,10.854,10.827,10.691,10.777,10.742,11.248,12.321,12.552,12.625,12.462,12.279,12.32,12.403,12.125,12.23,11.853,12.173,12.083,11.907,11.829,12.136,12.356,12.141,11.729,11.533,11.277,11.101,11.23,11.114,11.033,11.075,11.08,11.015,11.068,11.09,11.44,11.503,11.614,11.843,11.932,12.07,12.212,12.094,12.045,12.023,12.016,12.18,12.136,12.125,12.079,12.356
10.204,8.9879,11.278,14.564,16.869,15.157,14.564,15.127,16.478,16.435,16.28,18.268,18.476,16.542,15.805,11.554,11.278,11.278,14.564,15.978,15.157,15.008,16.002,15.466,17.08,12.919,13.425,13.425,11.059,14.792,12.719,12.563,11.998,14.394,14.76,12.058,13.425,11.554,11.554,11.554,10.327,11.998,11.75,9.1069,7.4043,4.5643,2.4558,8.0488,10.415,12.117,11.059,12.719,13.425,13.468,13.678,9.957,10.415,12.719,10.415,13.425,11.278,23.072,23.464,25.922,26.478,25.13,25.334,25.095,25.533,24.432,23.257,23.649,24.31,23.464,22.719,19.957,18.988,18.714,18.714,19.445,18.268,19.553,20.309,19.79,19.82,17.117,16.947,18.544,16.097,18.816,17.245,10.289,10.034,9.693,9.3517,9.0182,8.9446,9.1335,9.0338,9.1102,9.0605,8.8691,8.7947,8.7402,8.7754,9.0291,9.4738,9.9127,10.104,9.9949,10.119,10.128,10.016,10.12,10.013,10.026,10.088,10.065,10.162,10.029,10.289,9.2005,9.0938,8.6966,8.4142,8.083,8.0825,8.1314,8.056,8.0915,8.1404,7.9231,7.9507,8.1086,8.1983,8.4271,9.1925,9.3557,9.6851,9.491,9.5134,9.4579,9.3173,9.3415,9.3028,9.2708,9.2333,9.2346,9.0824,8.865,9.2005,9.5307,9.329,9.0244,8.7833,8.567,8.4197,8.4471,8.3514,8.3298,8.3739,8.3302,8.3472,8.4033,8.2876,8.6191,8.7319,8.8447,9.0264,9.2122,9.3763,9.3686,9.2801,9.3326,9.2444,9.332,9.4623,9.4508,9.3894,9.3263,9.5307
10.224,7.6262,10.89,14.616,16.224,15.349,15.379,15.26,17.32,17.538,17.339,19.038,18.806,16.657,15.951,12.941,10.807,12.941,13.514,15.688,14.178,14.616,15.951,15.606,16.764,14.786,12.785,12.339,11.5,14.616,13.141,10.89,12.678,16.151,14.786,13.817,13.647,13.514,14.021,11.5,12.28,12.678,10.807,7.6262,6.1995,2.6777,3.6468,6.1995,11.281,12.678,10.636,13.69,12.941,13.817,14.329,11.5,10.636,14.178,11.281,13.9,10.807,23.022,23.965,25.691,26.484,25.494,25.445,25.431,26.027,25.148,23.514,24.485,24.786,23.488,23.141,20.823,19.764,19.775,19.41,20.179,17.992,19.27,20.914,19.92,19.931,17.245,17.031,18.49,16.318,19.317,18.134,10.684,10.4,9.9242,9.5436,9.2829,9.1253,9.235,9.2374,9.3192,9.2954,9.1921,9.0859,9.0485,8.9771,9.3189,9.5869,10.104,10.297,10.194,10.301,10.399,10.29,10.423,10.35,10.288,10.375,10.281,10.663,10.426,10.684,9.3677,9.2109,8.9157,8.613,8.4857,8.23,8.306,8.1815,8.3634,8.4312,8.1939,8.2599,8.2571,8.0568,8.642,9.6907,9.8122,10.017,9.7335,9.9969,9.6969,9.6731,9.5935,9.3932,9.8716,9.4388,9.447,9.5851,9.2582,9.3677,9.7873,9.5521,9.2033,9.0341,8.7632,8.6277,8.6592,8.5686,8.5628,8.5583,8.5623,8.6058,8.5971,8.5686,8.8743,8.9118,9.0777,9.2747,9.4056,9.61,9.6238,9.5534,9.5509,9.4769,9.5371,9.767,9.6938,9.5742,9.5679,9.7873
10.244,7.6125,9.7609,14.602,16.643,16.21,15.336,15.938,17.288,16.751,17.507,18.752,18.257,16.578,16.814,12.325,10.876,11.762,14.007,15.365,13.633,15.247,15.48,16.305,16.489,14.773,12.927,14.007,11.267,14.968,13.676,11.958,11.267,14.773,15.912,13.501,14.278,12.927,12.927,11.958,13.176,11.267,10.623,8.9479,5.9376,3.6331,3.6331,7.7828,10.165,11.762,12.771,13.545,12.718,13.127,12.664,11.762,10.623,12.771,10.165,13.803,10.165,23.791,23.369,25.899,26.801,25.5,25.15,25.542,26.014,25.15,23.313,24.497,24.63,23.633,23.195,20.535,18.589,20.028,19.315,19.397,18.242,19.697,20.743,20.317,20.298,16.687,16.014,18.011,15.592,19.315,17.783,10.775,10.526,10.034,9.715,9.4868,9.4606,9.3752,9.4226,9.4532,9.4347,9.3311,9.1646,9.1802,9.1674,9.4514,9.756,10.249,10.479,10.457,10.493,10.413,10.46,10.563,10.466,10.318,10.522,10.598,10.548,10.569,10.775,9.5676,9.25,9.1822,8.8758,8.6662,8.4975,8.5017,8.4615,8.6012,8.6379,8.3971,8.4536,8.6585,8.4764,9.1566,9.7599,9.8441,10.181,10.197,10.17,10.099,9.9168,9.9615,10.016,10.032,9.974,9.9026,9.9317,9.6253,9.5676,9.8917,9.7009,9.3723,9.1488,8.9339,8.8071,8.8001,8.7201,8.657,8.7264,8.7007,8.6925,8.7008,8.6269,8.9699,9.1444,9.2087,9.3589,9.5114,9.6311,9.6396,9.6145,9.5987,9.5826,9.6763,9.7414,9.7504,9.7138,9.656,9.8917
10.264,7.5164,10.527,14.048,16.289,16.038,15.069,15.462,17.059,17.258,17.258,18.93,17.976,15.871,16.42,12.909,11.496,12.909,13.897,15.214,14.011,14.702,15.671,14.98,16.311,12.861,12.909,12.909,10.356,13.41,13.234,11.001,11.496,13.62,14.336,13.367,13.537,13.234,12.398,11.428,11.22,12.661,9.8988,5.9194,7.5164,-0.61277,-0.61277,7.5164,9.4945,12.505,11.496,12.909,14.011,10.527,13.537,9.4945,10.609,12.398,10.527,12.909,11.94,22.661,23.354,25.01,25.625,25.486,25.408,25.098,25.827,25.671,24.166,24.734,24.248,22.737,23.198,21.046,19.821,20.609,19.266,19.13,18.109,19.821,20.543,18.591,19.322,16.038,16.245,17.241,16.289,17.991,17.04,10.903,10.776,10.257,9.932,9.6476,9.5113,9.5486,9.6182,9.6148,9.6289,9.5011,9.3996,9.3404,9.3398,9.6334,10.094,10.305,10.566,10.616,10.648,10.656,10.696,10.704,10.589,10.617,10.584,10.598,10.792,10.764,10.903,9.7328,9.695,9.2777,9.0028,8.7884,8.6674,8.6607,8.5808,8.7261,8.6403,8.5918,8.5184,8.8056,8.8266,9.2381,9.847,10.259,10.169,10.214,10.193,10.072,9.9786,9.9852,9.8088,9.9404,9.9316,9.7985,9.8883,9.5875,9.7328,10.138,9.9111,9.5839,9.3494,9.1481,9.0276,9.0017,8.8976,8.8953,8.9154,8.9207,8.9165,8.9125,8.8513,9.1579,9.3101,9.4366,9.5607,9.7362,9.9209,9.9162,9.805,9.8473,9.768,9.9648,9.9114,10.015,9.9325,9.8425,10.138
10.284,7.4573,11.607,16.031,17.37,15.982,16.031,16.055,17.577,17.855,17.628,19.241,19.499,17.17,16.031,13.39,9.6058,13.346,13.521,16.055,14.447,15.092,15.782,16.595,17.298,13.39,13.648,13.852,12.17,14.617,13.521,12.509,12.772,14.813,15.982,14.813,13.648,13.478,14.123,12.772,11.607,11.803,11.803,10.638,8.1019,8.1019,2.5088,8.1019,10.468,12.772,11.112,12.772,15.21,13.648,14.447,11.331,10.468,13.346,12.17,13.852,12.17,23.478,24.219,26.585,27.163,26.091,25.826,25.896,26.456,25.387,24.317,24.892,25.573,24.005,23.884,21.607,19.499,20.646,20.01,19.241,18.992,20.308,20.745,20.18,20.511,17.019,16.595,17.903,15.782,18.992,17.352,9.5541,9.3535,8.938,8.578,8.2649,8.1418,8.3347,8.2316,8.2998,8.2521,8.0927,7.9402,8.0614,7.9676,8.2131,8.6698,8.9805,9.0299,8.964,9.157,9.1775,9.2612,9.2568,9.1311,9.1736,9.1528,9.2313,9.4697,9.3527,9.5541,8.4411,8.2836,7.9968,7.7544,7.4757,7.2628,7.3415,7.3196,7.2453,7.4697,7.1879,7.2228,7.4046,7.3272,7.8521,8.7818,8.9018,8.9042,8.8624,8.93,8.8313,8.6147,8.7263,8.5901,8.7025,8.6746,8.6393,8.6318,8.245,8.4411,8.8336,8.59,8.3134,8.1008,7.8442,7.6696,7.7068,7.6588,7.6116,7.6715,7.6243,7.5817,7.6409,7.6228,7.8636,7.9462,8.0506,8.2184,8.3978,8.5755,8.6169,8.5342,8.5617,8.4717,8.5699,8.7329,8.6946,8.7288,8.6223,8.8336
10.304,9.2062,10.428,15.334,16.449,15.227,16.041,16.041,17.006,17.899,17.268,19.428,18.773,17.024,16.784,14.553,10.346,13.186,14.888,15.49,14.829,14.888,15.762,14.799,16.707,13.356,13.439,13.83,11.315,14.917,13.56,11.878,12.48,14.258,15.49,14.917,13.56,14.258,13.56,12.68,11.315,13.053,12.68,7.3353,8.5004,5.7383,4.325,8.5004,12.324,13.186,11.315,12.728,13.867,12.728,13.716,10.088,11.039,14.155,9.7177,13.83,13.356,23.242,23.849,25.864,26.354,25.729,25.66,25.69,26.354,25.782,24.395,24.915,24.923,23.364,23.504,21.472,19.971,20.82,20.219,19.718,18.576,20.175,20.453,19.669,19.669,16.63,16.63,18.029,16.63,18.761,17.563,11.406,11.118,10.627,10.357,10.069,9.9023,10.071,9.965,9.958,10.021,9.8839,9.7634,9.7136,9.7438,9.9454,10.389,10.733,10.938,10.889,10.994,11.085,11.096,11.129,11.085,11.038,11.017,11.017,11.195,11.042,11.406,10.17,10.074,9.7049,9.4781,9.2303,8.9635,9.1049,9.2464,9.0317,9.1741,8.8721,8.9136,9.1878,9.0854,9.4758,10.309,10.502,10.707,10.588,10.421,10.61,10.585,10.31,10.415,10.332,10.273,10.212,10.204,10.113,10.17,10.519,10.305,9.9959,9.761,9.4997,9.3579,9.4152,9.3495,9.2559,9.3454,9.2997,9.2819,9.2656,9.2703,9.5248,9.6107,9.7995,9.9565,10.088,10.234,10.397,10.262,10.185,10.179,10.173,10.321,10.384,10.419,10.318,10.519
10.324,8.275,11.353,16.079,16.101,16.101,16.404,16.745,17.892,18.905,18.513,19.618,18.987,17.323,17.521,14.837,11.857,13.394,14.363,16.277,14.926,15.502,16.745,16.168,16.667,14.363,12.766,15.319,12.518,16.079,14.363,11.916,13.267,14.559,15.728,14.559,14.926,14.363,15.265,14.087,12.518,13.394,11.857,9.3513,10.213,8.7865,3.2235,8.7865,11.857,13.477,12.362,13.223,13.598,13.598,16.079,11.549,11.549,12.717,12.362,15.372,12.518,23.626,24.588,26.33,26.835,26.245,26.689,25.795,27.092,26.491,24.837,25.691,25.518,23.735,24.193,22.238,20.902,21.091,19.907,19.351,19.832,20.152,21.797,20.213,20.213,16.897,15.528,18.342,16.608,19.298,18.342,9.9649,9.6552,9.337,9.0418,8.8055,8.4504,8.7112,8.7849,8.781,8.6879,8.6059,8.5289,8.5892,8.4712,8.8828,9.1151,9.5538,9.6903,9.6716,9.7511,9.7912,9.8588,9.7441,9.6777,9.7111,9.7232,9.8597,9.8931,9.7464,9.9649,8.8782,8.7138,8.3386,8.1269,7.8788,7.7287,7.7883,7.7558,7.8989,7.8364,7.7272,7.7265,7.966,7.7674,8.181,9.0582,9.292,9.4887,9.3393,9.4983,9.2997,9.2194,9.1919,8.9962,9.2686,9.3341,9.1224,9.23,8.7788,8.8782,9.2898,9.0125,8.6438,8.4786,8.2862,8.128,8.1348,8.095,8.0569,8.039,8.0975,8.1237,8.0808,8.0324,8.3312,8.386,8.5198,8.5982,8.8148,9.0283,9.0681,9.026,8.9397,8.8533,9.0386,9.1433,9.1892,9.1969,9.1408,9.2898
10.344,8.2445,11.255,14.484,16.197,15.467,15.58,16.001,17.005,18.23,17.313,18.045,18.739,15.925,16.125,14.484,11.255,12.651,14.302,15.234,13.621,15.58,16.631,14.693,16.631,13.488,11.75,12.759,11.474,14.988,13.791,10.61,13.114,14.484,15.234,13.621,13.114,13.488,12.254,12.915,12.254,11.255,10.61,7.7703,6.6308,4.76,3.6205,9.7484,10.153,12.759,11.474,12.915,13.488,10.781,13.664,12.313,11.255,12.915,11.474,13.621,11.255,23.168,23.874,25.793,26.127,25.361,25.961,25.361,26.098,26.001,24.265,24.699,24.843,23.333,23.677,21.474,20.075,19.904,19.985,19.486,18.245,19.748,21.474,19.486,19.291,17.313,15.662,17.064,14.988,18.464,17.853,10.231,10.061,9.6016,9.2887,8.9267,8.7159,8.985,8.9542,8.983,8.9114,8.7251,8.714,8.8185,8.657,9.1366,9.2568,9.8138,9.9104,9.855,9.9104,10.098,10.073,10.045,10.017,10.073,10.055,10.041,10.073,10.161,10.231,9.0458,8.9058,8.5448,8.1705,8.0043,8.0062,7.9728,7.7563,7.9669,8.0241,7.8209,8.0009,7.9734,7.8729,8.309,9.1358,9.3433,9.4714,9.4576,9.434,9.3372,9.2608,9.2567,9.1296,9.1695,9.1843,9.1213,9.0244,8.8902,9.0458,9.4418,9.2154,8.8693,8.6748,8.4277,8.2565,8.3594,8.2508,8.219,8.255,8.2561,8.2463,8.2528,8.2116,8.5719,8.5391,8.7572,8.7687,8.9804,9.2334,9.287,9.2325,9.1713,9.1017,9.1934,9.2434,9.3964,9.4813,9.2892,9.4418
10.364,8.9297,11.482,15.787,15.581,15.058,16.45,15.581,16.583,18.015,18.224,19.393,18.93,16.564,16.729,14.244,11.038,13.878,15.188,16.353,15.413,15.413,16.783,15.854,16.431,14.95,12.452,13.44,13.079,14.553,14.641,11.038,12.203,15.787,14.868,14.95,14.276,12.952,14.049,13.283,12.203,13.44,11.038,10.543,9.0369,5.2136,4.0485,7.5331,11.038,12.203,12.203,12.403,13.878,11.234,12.403,9.8988,11.542,12.403,12.047,12.821,13.283,23.199,24.73,26.016,26.45,26.388,26.327,25.614,26.498,26.536,24.693,25.569,25.369,23.162,24.069,21.902,20.152,21.058,19.363,20.43,18.842,19.942,21.291,19.274,19.363,15.765,16.583,17.059,16.583,18.198,18.015,10.789,10.322,9.8091,9.544,9.2108,9.0214,9.2963,9.2157,9.3041,9.2354,9.1082,9.0098,9.1274,9.102,9.4622,9.5909,10.175,10.352,10.254,10.288,10.474,10.465,10.482,10.407,10.441,10.438,10.548,10.666,10.682,10.789,9.4107,9.2544,8.76,8.6372,8.3976,8.0788,8.2119,8.232,8.1952,8.2665,8.2147,8.2017,8.2539,8.3443,8.496,9.4205,9.7945,9.8711,9.7148,9.8063,9.6105,9.6434,9.5163,9.3305,9.4953,9.5761,9.5042,9.4164,9.3232,9.4107,9.6623,9.4769,9.0513,8.93,8.6215,8.4606,8.6154,8.5119,8.4626,8.4212,8.4668,8.4001,8.4559,8.4605,8.6838,8.7722,8.9169,9.0124,9.1583,9.3429,9.5032,9.4112,9.3465,9.266,9.3672,9.4579,9.6123,9.518,9.4712,9.6623
10.384,7.9744,10.252,14.686,15.903,14.214,16.022,14.994,16.468,16.794,16.361,18.306,18.019,16.206,16.228,14.178,9.8825,12.381,14.032,14.964,14.49,15.629,16.022,15.499,16.273,13.881,12.645,13.725,11.924,14.934,13.218,11.204,11.48,14.49,14.718,13.218,13.218,12.043,13.521,12.844,11.48,11.675,12.043,7.9744,9.0324,6.3607,-0.62902,7.9744,10.51,12.645,10.34,13.394,14.032,11.48,13.725,10.34,11.675,12.381,10.51,12.893,11.204,23.026,23.537,25.708,26.302,24.964,25.499,25.053,25.768,25.183,23.337,24.316,24.852,23.47,23.068,20.809,19.414,19.478,18.665,19.216,19.032,19.959,20.418,19.067,19.624,16.295,15.903,17.33,14.964,17.648,16.735,10.995,10.456,10.077,9.7237,9.3585,9.2904,9.4263,9.4398,9.4692,9.5246,9.2886,9.2316,9.2377,9.2134,9.4975,9.6852,10.336,10.469,10.449,10.522,10.658,10.616,10.67,10.647,10.579,10.597,10.738,10.896,10.762,10.995,9.5282,9.2987,9.1028,8.6826,8.4684,8.2215,8.2787,8.4454,8.279,8.3755,8.201,8.085,8.4348,8.4787,8.7698,9.823,10.032,10.019,9.8022,9.8251,9.7289,9.6308,9.7567,9.5357,9.6313,9.6804,9.5614,9.6318,9.3116,9.5282,9.8146,9.622,9.2928,9.0729,8.8778,8.6576,8.7408,8.6539,8.5633,8.6525,8.6157,8.5754,8.6063,8.5919,8.9185,8.9759,9.116,9.1995,9.341,9.5198,9.6163,9.5146,9.513,9.4129,9.5699,9.6277,9.7188,9.7891,9.6431,9.8146
10.404,9.474,10.613,15.3,16.464,16.03,15.758,15.097,17.345,17.603,17.751,19.076,18.047,16.464,15.758,13.453,11.778,13.497,14.789,15.412,15.067,16.125,16.571,16.006,16.838,14.593,13.453,14.317,12.087,15.097,13.453,11.778,12.146,15.097,15.097,14.422,14.821,13.828,13.984,12.591,11.582,11.582,10.696,7.4328,8.0773,3.4534,5.4946,9.0164,10.613,13.828,13.624,14.525,14.317,12.748,12.748,12.748,11.307,13.497,10.613,13.497,12.087,23.453,23.984,26.236,26.464,26.049,25.958,25.758,26.464,26.073,24.596,25.454,25.052,23.624,23.561,21.307,20.156,20.761,19.737,20.005,18.931,19.937,21.328,19.517,19.581,16.309,15.758,17.878,16.006,18.423,17.751,11.12,10.872,10.305,9.7821,9.5684,9.4683,9.626,9.6065,9.6796,9.5499,9.4504,9.431,9.4486,9.401,9.7015,9.9641,10.281,10.501,10.631,10.71,10.825,10.755,10.741,10.789,10.69,10.69,10.798,11.01,10.886,11.12,9.6241,9.5182,9.0711,8.9533,8.6628,8.5041,8.4636,8.636,8.4945,8.4644,8.5316,8.3339,8.5685,8.6214,9.1624,9.4404,10.04,10.052,9.9603,10.071,10.083,9.8066,9.7884,9.7446,9.907,9.8494,9.6547,9.7661,9.4828,9.6241,10.091,9.8462,9.5003,9.2729,9.0146,8.8319,8.9457,8.8444,8.7999,8.8297,8.8343,8.7757,8.795,8.852,9.1175,9.1151,9.2641,9.4968,9.6302,9.8255,9.898,9.7863,9.7365,9.6699,9.8088,9.9648,9.924,9.9956,9.8532,10.091
10.424,8.6795,12.147,15.421,16.234,15.421,15.788,15.693,16.638,16.638,17.462,19.016,17.96,17.283,15.972,13.117,10.359,12.147,14.452,16.061,14.256,15.995,16.234,15.788,17.349,13.798,13.117,14.452,10.751,15.158,14.189,11.246,11.442,15.265,15.421,14.848,13.16,13.647,13.761,13.491,11.809,12.201,11.69,9.6486,7.0959,4.2559,-3.8732,7.7405,10.277,12.411,12.411,13.117,13.647,13.761,13.761,11.246,10.359,13.647,10.359,13.798,12.61,23.394,23.75,26.181,26.964,25.795,25.821,25.534,25.995,25.331,23.883,24.7,25.028,24.012,23.643,21.075,19.571,19.639,19.938,18.982,18.88,19.938,20.751,19.947,19.782,16.234,15.265,17.604,15.158,18.127,17.349,11.342,10.912,10.559,10.02,9.9046,9.7164,9.854,9.7982,9.8318,9.8266,9.7269,9.596,9.6615,9.6763,9.8253,10.224,10.716,10.826,10.891,10.979,11.113,10.991,11.158,11.021,10.901,10.99,11.127,11.178,11.129,11.342,9.9149,9.7211,9.4142,9.0542,8.7837,8.6861,8.6798,8.8212,8.762,8.7157,8.7083,8.5357,8.8268,8.976,9.0008,9.4162,10.434,10.444,10.251,10.22,10.124,10.018,10.159,10.011,9.953,9.7683,9.9406,9.9798,9.7263,9.9149,10.268,10.045,9.7077,9.4584,9.2688,9.1182,9.1352,9.0655,9.0108,9.0742,8.9861,8.9797,9.0331,8.958,9.2877,9.3113,9.5466,9.6851,9.8088,9.9634,10.037,9.9223,9.9338,9.8879,9.9158,10.072,10.098,10.093,10.129,10.268
10.444,9.4221,12.028,15.943,16.582,15.746,16.153,15.562,17.377,17.733,17.514,19.374,18.56,16.334,17.056,15.038,10.743,14.225,15.194,16.007,15.746,15.394,17.04,16.274,16.582,13.962,13.264,14.029,12.184,14.737,13.859,12.802,12.933,14.504,15.194,15.038,13.718,13.535,14.225,13.754,11.921,12.89,12.028,7.5139,6.8693,4.9311,5.9002,9.0178,11.975,13.143,12.384,13.06,13.962,13.754,14.931,11.582,12.028,12.184,11.582,14.593,12.384,23.478,24.407,26.073,26.947,25.841,26.427,25.562,26.471,26.387,24.688,25.305,25.194,23.504,23.992,21.541,20.561,20.569,19.792,19.818,18.964,20.642,21.196,19.818,19.555,16.412,15.768,18.513,16.007,18.572,17.845,9.8864,9.476,9.0663,8.7692,8.5099,8.2896,8.5251,8.472,8.5241,8.4727,8.4514,8.2677,8.3007,8.1632,8.455,8.8398,9.2715,9.3939,9.4707,9.4464,9.7312,9.5713,9.5996,9.4943,9.4923,9.5844,9.6127,9.7564,9.7252,9.8864,8.6426,8.2913,8.0807,7.9647,7.5257,7.3848,7.5381,7.422,7.5061,7.4856,7.5558,7.5568,7.5995,7.5865,7.4769,8.4743,9.2193,9.0784,9.1051,9.1338,8.9117,8.8575,8.6966,8.818,8.7231,8.7473,8.9518,8.7538,8.5022,8.6426,8.9787,8.732,8.3385,8.181,7.9312,7.7756,7.8397,7.7672,7.7274,7.6951,7.7558,7.7559,7.752,7.7278,7.9657,8.057,8.2101,8.4001,8.4793,8.6877,8.7278,8.692,8.5646,8.5363,8.6923,8.8616,8.9429,8.9421,8.7806,8.9787
10.464,9.2257,12.296,14.802,15.704,15.51,15.811,15.306,16.926,17.185,17.261,19.053,18.331,15.758,16.607,15.03,11.516,13.663,14.491,15.967,15.03,15.03,16.518,15.365,16.334,13.663,12.957,12.957,12.296,14.307,14.491,10.823,11.792,14.193,14.632,14.307,14.802,13.663,12.801,13.157,12.296,11.792,11.792,9.3447,8.9775,4.8021,-0.31672,8.2867,11.792,12.236,11.792,12.957,14.037,12.694,13.53,10.652,12.236,12.748,10.823,13.706,12.296,22.694,24.132,25.464,26.083,25.877,25.879,25.365,26.22,25.877,24.548,25.213,24.953,22.957,23.575,21.098,19.38,20.214,19.854,20.058,18.952,19.78,21.214,19.226,19.226,15.276,16.167,17.047,17.047,18.008,17.895,11.853,11.345,10.781,10.502,10.203,9.9869,10.222,10.221,10.276,10.204,10.103,10.057,10.093,10.083,10.367,10.544,11.197,11.257,11.395,11.444,11.45,11.461,11.472,11.399,11.474,11.47,11.53,11.657,11.53,11.853,10.328,10.111,9.7772,9.5206,9.1522,9.1476,9.1286,9.0165,9.2107,9.1993,8.9635,9.0731,9.3611,9.2977,9.4974,11.122,10.574,10.711,10.692,10.673,10.482,10.554,10.441,10.394,10.476,10.474,10.331,10.385,10.144,10.328,10.693,10.406,10.086,9.9153,9.6586,9.4682,9.5732,9.4727,9.4413,9.4324,9.4554,9.4917,9.4488,9.377,9.7759,9.8394,10.007,10.134,10.294,10.448,10.46,10.383,10.359,10.364,10.49,10.639,10.567,10.632,10.542,10.693
10.484,8.5101,12.226,14.059,16.249,14.335,16.051,15.576,16.313,17.804,17.937,19.438,18.782,15.867,16.459,13.239,11.52,13.84,14.335,16.118,15.154,15.867,17.345,15.29,16.887,14.164,12.226,13.195,13.063,13.448,14.023,10.438,11.888,14.059,13.726,14.023,14.335,13.84,13.366,13.195,10.83,11.829,11.324,8.8773,7.8193,4.3347,3.1953,8.2468,11.888,12.489,11.049,13.84,14.839,12.689,13.366,9.3231,12.226,12.489,11.049,13.239,13.063,22.757,24.005,25.655,26.26,25.655,25.948,25.407,26.378,26.046,24.335,24.809,24.483,22.781,23.448,20.867,19.727,20.583,19.479,19.65,19.64,20.364,20.859,19.386,19.128,16.073,16.794,17.069,16.073,17.682,17.069,10.335,9.9458,9.5437,9.1824,8.8449,8.6829,8.9219,8.9513,8.9174,8.8672,8.8364,8.7525,8.6856,8.6364,8.8729,9.342,9.8209,9.9061,9.8596,9.9747,10.146,10.008,9.9612,9.9876,9.941,9.912,10.063,10.259,10.228,10.335,9.1801,8.8472,8.553,8.3092,8.0229,7.9275,7.9639,7.9517,8.0713,8.1145,7.9166,7.7893,8.001,8.021,8.3792,9.2111,9.3132,9.7137,9.4404,9.53,9.6002,9.3587,9.3388,9.1485,9.2368,9.3701,9.2534,9.1617,9.1323,9.1801,9.3344,9.1178,8.7407,8.5929,8.2966,8.1763,8.2659,8.178,8.1491,8.1322,8.2286,8.1949,8.2071,8.1282,8.3818,8.5678,8.6405,8.8703,8.9875,9.1084,9.1689,9.0909,9.0302,9.0055,9.1506,9.2142,9.2153,9.2697,9.163,9.3344
10.504,8.6191,11.629,16.118,17.036,15.514,15.242,15.086,16.757,17.591,17.948,19.054,18.892,17.036,16.459,12.849,12.479,12.98,14.978,16.381,14.64,16.055,17.103,16.535,16.811,13.801,13.906,14.669,12.231,14.009,13.906,11.066,11.57,14.669,14.64,14.076,14.64,12.479,11.968,12.937,13.19,12.805,11.066,9.0649,8.9577,2.9371,4.0765,8.6191,10.571,12.937,13.906,14.009,13.765,13.906,14.272,12.075,11.629,12.805,11.57,12.937,12.231,23.906,23.833,26.472,27.148,25.644,25.808,25.846,26.3,25.799,24.253,25.285,25.412,24.026,23.833,20.999,20.047,20.204,19.821,20.434,19.18,20.571,21.369,20.114,20.097,16.811,16.381,18.619,15.514,18.252,17.17,10.543,10.386,9.8061,9.3892,9.242,9.0607,9.091,9.0839,9.0928,9.175,8.9885,8.909,8.8856,8.808,9.2944,9.459,9.8653,10.072,10.189,10.245,10.276,10.146,10.261,10.146,10.17,10.244,10.376,10.175,10.237,10.543,9.2372,9.1147,8.7156,8.491,8.2352,8.061,8.1445,7.9294,8.0362,8.0994,8.0243,8.0521,8.0721,8.0682,8.6386,9.4752,9.6227,9.6231,9.671,9.4181,9.3829,9.1679,9.2746,9.2783,9.4189,9.2583,9.2964,9.0898,9.0916,9.2372,9.5308,9.2634,9.0357,8.7828,8.6405,8.4567,8.3975,8.3195,8.3338,8.3853,8.3588,8.3462,8.319,8.311,8.6214,8.6705,8.8307,9.0071,9.1904,9.4282,9.3355,9.1764,9.2367,9.1407,9.2873,9.3294,9.4049,9.4038,9.3597,9.5308
10.524,7.6305,10.811,14.987,15.93,15.956,14.791,16.228,16.769,17.306,17.801,18.62,18.508,15.93,16.228,14.296,9.6717,12.789,14.62,15.295,13.694,15.8,16.769,14.987,17.306,12.945,11.504,12.945,11.285,13.904,12.945,11.78,10.894,14.333,15.265,14.182,12.789,14.62,13.145,13.694,11.504,13.194,12.682,8.7026,7.8009,5.6923,4.7906,7.6305,10.811,12.945,11.285,13.651,13.694,12.945,13.194,9.6717,10.641,12.789,10.811,12.945,12.284,23.116,23.483,26.037,26.235,25.741,25.128,25.201,25.698,25.053,24.097,25.015,24.73,23.061,23.081,21.323,18.77,19.768,19.639,19.606,18.94,20.58,21.015,19.715,19.551,16.507,15.956,17.036,14.987,18.32,17.036,10.894,10.554,10.068,9.6796,9.318,9.1274,9.3033,9.3189,9.3453,9.341,9.1783,9.0764,9.1784,9.088,9.273,9.8567,10.067,10.356,10.318,10.434,10.502,10.459,10.35,10.367,10.386,10.371,10.537,10.556,10.54,10.894,9.4451,9.262,8.986,8.6767,8.465,8.314,8.3299,8.3717,8.3037,8.2989,8.3349,8.1398,8.4083,8.4106,8.8035,9.9818,9.9841,9.9864,9.8125,9.7793,9.8472,9.6943,9.6756,9.7255,9.6723,9.7989,9.4931,9.6061,9.4322,9.4451,9.7681,9.5548,9.1538,8.9614,8.7519,8.5699,8.6639,8.5614,8.5066,8.51,8.5261,8.4867,8.5483,8.5135,8.7858,8.9095,9.0578,9.1905,9.3697,9.491,9.5523,9.4595,9.3915,9.3475,9.4239,9.56,9.5767,9.6277,9.5576,9.7681
10.544,9.3346,11.782,14.988,15.931,14.988,16.157,15.801,16.157,17.544,17.307,19.216,18.51,16.033,15.748,14.988,10.555,12.947,15.266,15.694,15.499,16.229,16.597,15.384,16.77,14.622,12.683,12.791,10.185,13.696,12.947,11.287,12.286,14.183,13.696,14.183,13.696,13.52,13.906,12.791,11.506,12.947,11.287,7.632,5.6938,5.9571,3.6526,9.3346,11.506,13.696,13.146,12.683,14.792,12.345,13.696,10.813,11.287,12.286,11.506,12.791,11.506,22.962,24.086,25.343,25.761,25.499,25.653,25.203,25.957,25.761,24.622,25.02,24.835,22.444,23.219,21.506,19.541,20.107,19.13,18.967,18.967,20.175,21.204,19.335,19.895,16.157,15.355,17.526,16.157,18.262,17.096,11.189,10.636,10.24,9.8724,9.5052,9.4012,9.6165,9.6105,9.5832,9.5442,9.4808,9.4354,9.4055,9.436,9.8542,9.977,10.422,10.577,10.718,10.814,10.884,10.886,10.867,10.781,10.77,10.79,10.879,11.189,10.845,11.189,9.7174,9.5161,9.0443,8.8978,8.552,8.5386,8.6266,8.5869,8.575,8.5967,8.5451,8.5274,8.8946,8.5731,8.9339,10.106,10.225,10.12,10.131,10.079,10.136,10.012,9.9333,9.8192,9.9367,9.9646,9.8067,9.8952,9.6957,9.7174,9.9756,9.7911,9.3761,9.1786,8.9005,8.7331,8.883,8.8129,8.7614,8.7021,8.7751,8.7161,8.7678,8.7671,9.0836,9.0869,9.2228,9.4322,9.6115,9.7232,9.7695,9.7134,9.582,9.5894,9.5979,9.8076,9.8797,9.8321,9.717,9.9756
10.564,9.0784,11.276,15.873,16.842,16.004,15.895,15.099,17.183,16.624,17.296,19.502,18.982,16.824,16.643,13.92,10.804,12.818,14.653,15.961,15.873,16.395,18.069,16.004,17.56,14.023,12.951,14.09,11.584,13.92,13.204,11.584,12.951,13.814,15.806,15.622,14.992,12.818,13.204,12.818,12.245,11.276,10.804,11.08,8.2654,4.09,2.9506,10.585,11.08,13.204,13.121,13.92,14.653,13.632,13.325,10.804,12.951,13.481,12.089,13.481,11.276,23.614,23.947,26.532,26.814,25.786,25.855,25.622,26.549,25.734,24.315,25.175,24.752,23.76,23.325,20.471,19.984,19.559,19.55,20.448,19.781,21.352,21.643,20.622,20.111,17.575,16.335,18.938,16.335,18.24,17.575,12.853,12.483,11.929,11.594,11.216,11.174,11.2,11.261,11.295,11.293,11.101,11.071,11.098,11.191,11.301,11.842,12.156,12.344,12.496,12.482,12.516,12.399,12.541,12.427,12.414,12.4,12.511,12.732,12.681,12.853,11.397,11.103,10.793,10.549,10.43,10.188,10.156,10.218,10.001,10.265,10.02,10.097,10.234,10.278,10.938,10.985,11.776,11.955,11.724,11.728,11.526,11.605,11.496,11.324,11.448,11.461,11.45,11.417,11.296,11.397,11.636,11.392,11.054,10.843,10.636,10.472,10.47,10.418,10.382,10.407,10.41,10.376,10.43,10.385,10.736,10.826,10.982,11.226,11.265,11.41,11.442,11.362,11.318,11.242,11.349,11.505,11.444,11.353,11.376,11.636
10.584,9.0295,11.596,16.043,17.121,15.08,14.606,14.436,16.988,16.477,16.988,18.572,18.477,16.988,16.043,12.497,11.596,12.497,14.436,15.508,14.802,15.771,16.52,15.847,17.14,14.111,12.96,13.637,11.32,13.51,11.596,9.9986,11.101,13.997,15.08,14.111,13.72,13.334,14.111,12.497,11.792,9.9986,10.456,8.518,5.771,3.4665,3.0089,8.7813,10.709,13.334,13.009,13.334,14.111,13.72,12.497,11.101,11.32,11.792,10.627,12.497,11.32,22.776,23.298,25.753,26.302,25.551,25.104,25.029,25.852,24.712,23.544,24.294,24.436,23.142,23.202,20.862,18.895,18.585,18.477,19.498,18.981,20.132,20.499,19.75,19.75,16.647,15.847,18.06,15.771,18.09,16.019,12.907,12.631,12.051,11.689,11.382,11.166,11.461,11.414,11.405,11.395,11.244,11.116,11.226,11.164,11.671,11.859,12.296,12.429,12.42,12.487,12.646,12.614,12.552,12.462,12.306,12.451,12.471,12.568,12.55,12.907,11.475,11.485,10.94,10.85,10.455,10.28,10.346,10.26,10.245,10.249,10.099,10.205,10.274,9.9556,11.234,11.625,11.797,11.757,11.772,11.653,11.626,11.566,11.39,11.502,11.346,11.587,11.359,11.334,10.994,11.475,11.845,11.626,11.259,11.052,10.774,10.609,10.756,10.647,10.576,10.568,10.601,10.497,10.552,10.534,10.891,11.005,11.115,11.268,11.372,11.483,11.57,11.545,11.457,11.379,11.514,11.493,11.58,11.59,11.531,11.845
10.604,10.188,12.522,16.039,16.849,16.867,15.951,15.884,17.008,17.515,17.178,18.457,18.71,17.771,16.55,14.168,11.157,12.896,14.168,16.569,15.884,17.008,16.92,16.683,17.682,13.997,12.571,15.124,10.271,13.71,13.028,11.157,11.721,14.875,15.581,14.672,14.168,13.997,13.559,13.028,12.522,11.662,10.663,11.157,8.7104,3.0284,3.0284,10.188,10.882,13.199,14.168,14.612,14.168,14.396,13.997,11.353,10.663,13.028,11.157,13.559,11.353,23.71,24.1,26.657,27.118,25.754,25.735,25.605,26.328,25.105,23.762,24.853,25.004,24.09,23.426,20.663,18.457,19.092,19.049,20.36,19.512,20.931,21.802,20.882,19.93,16.721,16.902,18.343,15.906,19.103,17.111,11.829,11.384,10.933,10.466,10.123,10.04,10.214,10.195,10.273,10.226,10.138,10.027,10.068,10.018,10.343,10.654,11.063,11.273,11.381,11.489,11.47,11.387,11.387,11.325,11.279,11.196,11.435,11.63,11.466,11.829,10.424,10.326,9.776,9.5597,9.3152,9.0831,9.2828,9.2566,9.1835,9.2708,9.2632,9.1453,9.1444,9.1059,9.5952,10.884,10.621,10.978,10.732,10.665,10.65,10.635,10.72,10.553,10.337,10.333,10.456,10.334,10.253,10.424,10.551,10.351,9.9802,9.7564,9.5349,9.4013,9.4331,9.3959,9.3305,9.3504,9.3453,9.2977,9.3947,9.286,9.6368,9.7043,9.9745,10.072,10.229,10.331,10.367,10.32,10.223,10.169,10.291,10.434,10.418,10.473,10.374,10.551
10.624,10.262,10.955,16.701,17.48,16.283,16.366,15.606,17.335,17.589,17.252,19.177,18.866,17.335,16.701,14.071,12.133,13.633,14.746,16.922,16.112,16.794,17.48,17.082,18.261,15.197,13.273,13.747,11.795,14.071,13.476,11.735,11.676,15.407,15.407,14.242,15.251,13.966,13.355,13.102,12.24,13.102,12.133,8.6652,7.0816,4.2416,3.1022,9.23,11.231,14.746,12.97,13.966,14.834,13.476,14.469,13.102,11.231,13.476,10.736,14.949,12.596,23.145,24.099,26.546,27.082,25.937,25.599,25.83,26.351,25.562,23.777,24.969,24.772,23.966,23.037,21.061,19.701,20.135,19.711,20.262,19.293,20.736,21.559,20.135,20.271,16.047,15.381,18.772,15.483,18.784,17.335,10.665,10.008,9.6259,9.2505,8.852,8.7736,8.8947,9.0057,9.1058,8.91,8.9481,8.9031,8.9079,8.9246,9.2384,9.5807,9.9517,10.153,10.091,10.193,10.231,10.223,10.321,10.231,10.182,10.22,10.268,10.324,10.51,10.665,8.7755,8.8974,8.5838,8.205,7.9206,7.8393,7.8038,7.7546,7.8829,7.6773,7.693,7.7779,7.8628,7.7678,8.3719,9.1867,9.3822,9.1591,9.1566,8.9792,9.0189,9.0474,8.9273,8.8356,8.8057,8.8351,8.9678,8.6419,8.5406,8.7755,9.2402,9.0218,8.691,8.4709,8.269,8.1171,8.1677,8.0691,8.0402,8.021,8.0235,8.0512,8.0637,7.9959,8.3005,8.3842,8.5648,8.7659,8.935,9.027,9.0535,8.955,8.9568,8.8085,8.9326,9.0223,9.0767,9.1103,9.0265,9.2402
10.644,8.7607,10.239,15.383,17.228,15.12,14.722,15.383,17.228,18.034,17.703,19.363,18.666,16.523,17.178,14.048,12.373,13.723,15.383,16.132,16.089,15.934,17.424,17.228,17.058,14.446,12.11,12.946,10.932,13.942,13.332,9.6108,13.723,14.218,14.692,14.692,14.048,14.151,14.218,14.048,13.453,13.332,11.771,8.6417,9.6108,4.2181,4.2181,10.321,12.621,14.048,12.373,13.609,14.692,12.991,13.249,11.771,10.321,12.373,12.11,14.218,13.609,22.851,23.974,25.519,26.166,26.003,26.311,25.345,26.028,26.209,24.677,25.12,24.948,22.754,23.477,21.208,19.9,20.239,20.146,20.466,19.687,20.69,20.953,20.007,18.842,15.934,16.023,18.393,16.771,18.089,17.228,12.132,11.712,11.284,10.883,10.486,10.465,10.615,10.651,10.677,10.601,10.498,10.596,10.438,10.489,10.691,11.173,11.419,11.689,11.807,11.791,11.849,11.778,11.741,11.739,11.796,11.765,11.61,11.88,11.822,12.132,10.559,10.491,10.109,9.9408,9.7898,9.4246,9.4778,9.6175,9.5463,9.3894,9.2497,9.465,9.5035,9.6987,10.233,10.892,10.846,10.905,10.778,10.755,10.78,10.637,10.594,10.664,10.506,10.492,10.654,10.424,10.353,10.559,10.918,10.694,10.312,10.172,9.9325,9.7975,9.8425,9.7769,9.7293,9.6974,9.6923,9.7676,9.6896,9.625,10.051,10.095,10.273,10.5,10.593,10.688,10.742,10.608,10.594,10.521,10.745,10.811,10.838,10.838,10.639,10.918
10.664,11.264,10.988,16.013,17.367,16.145,15.414,15.439,16.252,17.481,17.729,19.156,18.45,17.481,17.301,12.429,13.003,14.104,15.176,16.579,15.439,16.252,17.285,16.955,17.432,14.719,13.817,15.807,11.46,13.666,12.677,10.769,12.166,15.414,15.807,14.867,15.414,14.274,14.749,13.305,12.166,14.104,11.264,10.295,8.1865,5.4394,6.1453,8.698,12.166,13.388,13.305,13.666,14.982,13.388,14.274,11.46,11.264,13.003,11.768,14.47,13.135,23.509,23.604,26.392,26.579,25.543,25.622,25.793,25.977,25.346,24.291,24.876,25.243,23.934,23.509,20.295,19.09,19.419,19.156,20.467,18.805,20.402,21.176,20.168,19.92,16.188,15.414,18.359,15.807,18.817,17.481,10.794,10.437,10.019,9.6434,9.3159,9.1736,9.2501,9.3216,9.2874,9.3902,9.2479,9.1825,9.2085,9.2262,9.5412,9.7405,10.145,10.287,10.419,10.401,10.535,10.559,10.422,10.411,10.398,10.454,10.413,10.512,10.548,10.794,9.3261,9.2057,8.9291,8.6335,8.3061,8.3227,8.2435,8.2475,8.3001,8.2209,8.1593,8.1531,8.2713,8.6558,8.6972,9.4977,9.616,9.7342,9.716,9.5933,9.5206,9.6286,9.4584,9.6376,9.3134,9.6211,9.5696,9.3744,9.2847,9.3261,9.6488,9.4247,9.1181,8.891,8.6844,8.5365,8.5638,8.4835,8.4464,8.5002,8.4214,8.4142,8.4146,8.3875,8.7346,8.8699,8.9949,9.1795,9.3182,9.4496,9.4448,9.3531,9.3175,9.2583,9.434,9.5268,9.55,9.6695,9.4672,9.6488
10.684,9.1037,11.716,15.232,16.903,16.201,15.636,15.232,17.182,17.508,17.57,19.537,17.926,16.346,17.063,14.052,12.221,13.728,14.697,16.093,15.042,16.201,17.233,16.093,18.189,15.755,13.253,15.124,12.377,14.667,13.336,9.211,13.253,15.232,14.697,14.697,14.786,13.083,15.124,13.728,13.083,13.911,12.577,11.212,7.0625,5.3876,2.6255,9.1037,11.775,13.253,12.577,13.457,14.052,14.052,14.45,12.577,11.716,12.114,12.577,12.377,11.656,23.022,24.09,25.925,26.556,25.845,25.769,25.388,26.15,26.08,24.305,25.13,24.744,23.224,23.253,20.986,19.868,19.682,18.983,19.914,19.537,20.439,21.383,20.243,19.692,16.201,16.903,17.316,16.093,18.598,17.381,10.901,10.667,10.069,9.7896,9.5682,9.3285,9.5525,9.4717,9.6192,9.579,9.4901,9.4305,9.3961,9.3656,9.5962,10.183,10.349,10.541,10.613,10.628,10.645,10.745,10.74,10.611,10.639,10.551,10.688,10.804,10.752,10.901,9.3806,9.4952,8.9938,8.8279,8.6589,8.3591,8.4728,8.4592,8.349,8.3942,8.3427,8.3761,8.475,8.5479,8.8949,9.7319,10.002,9.9654,9.7397,9.9705,9.8418,9.6787,9.6272,9.4068,9.789,9.7275,9.4971,9.5406,9.3553,9.3806,9.8865,9.6625,9.2799,9.084,8.8794,8.6926,8.7803,8.7158,8.695,8.6792,8.6828,8.6459,8.6235,8.6065,8.8504,9.0244,9.1535,9.4056,9.487,9.6054,9.613,9.573,9.5076,9.4515,9.6054,9.7293,9.7567,9.7522,9.6474,9.8865
10.704,9.1332,10.747,16.166,16.805,15.968,14.959,15.784,16.711,17.092,17.6,19.001,18.83,17.279,17.004,12.251,10.102,13.366,15.261,16.654,15.968,16.556,17.956,17.537,18.337,15.208,14.726,14.252,11.746,15.154,13.643,10.966,13.283,13.025,15.391,15.208,13.976,14.185,13.283,14.082,12.407,12.251,10.966,8.4273,11.438,3.1126,3.1126,7.7365,11.242,14.082,11.686,13.94,14.448,13.487,12.606,11.805,12.251,13.794,11.438,14.448,11.805,23.366,23.835,26.134,26.345,25.59,25.47,25.154,26.179,25.327,24.335,25.058,25.116,23.997,23.794,20.865,19.176,18.978,19.068,19.934,19.144,20.222,21.514,19.934,19.567,16.057,15.665,17.825,15.493,18.402,17.49,11.005,10.829,10.407,9.9926,9.8155,9.7107,9.682,9.5889,9.7842,9.7901,9.7372,9.6238,9.5407,9.4823,9.7976,10.213,10.516,10.796,10.856,10.929,10.898,10.811,10.892,10.824,10.872,10.838,10.762,10.879,10.867,11.005,9.6908,9.6167,9.2386,9.0578,8.8771,8.6057,8.5156,8.5322,8.4758,8.6819,8.4673,8.4878,8.7568,8.5761,9.1039,10.352,10.254,10.188,10.094,10.093,9.9119,9.9762,9.8419,9.5965,9.8092,9.6829,9.8102,9.677,9.4963,9.6908,10.077,9.7955,9.4906,9.2961,9.1145,8.9569,8.9043,8.845,8.8447,8.8743,8.8337,8.8296,8.7859,8.7026,9.01,9.1052,9.3546,9.5042,9.6767,9.8102,9.7435,9.6547,9.6856,9.5863,9.8216,9.893,10.012,9.8459,9.8195,10.077
10.724,10.219,11.188,15.439,16.714,16.24,14.762,14.702,16.444,17.158,16.897,18.634,18.348,16.6,16.24,14.198,10.302,13.923,15.612,15.937,15.563,17.291,17.683,17.038,18.487,15.363,14.198,14.906,13.059,15.439,13.312,11.188,11.632,15.1,15.018,14.426,14.028,13.059,13.59,12.601,12.09,12.601,10.302,10.219,7.6829,5.3634,7.2087,7.0383,11.632,14.028,12.553,11.692,14.198,13.741,13.102,12.353,11.188,12.927,10.912,14.198,12.353,23.62,23.722,26.493,26.821,26.01,25.957,25.407,26.375,25.197,23.869,24.762,25.092,23.912,23.425,20.61,18.573,19.176,19.187,20.169,18.925,20.219,20.912,19.987,19.302,16.069,15.439,17.653,14.762,18.741,17.683,11.486,11.067,10.55,10.225,9.9196,9.7897,9.8856,9.9231,10.055,10.019,9.9216,9.824,9.7929,9.8261,10.192,10.497,10.997,11.131,11.078,11.172,11.258,11.262,11.286,11.279,11.129,11.079,11.256,11.261,11.153,11.486,9.8829,9.8379,9.3467,9.213,8.9808,8.8384,8.9907,8.8878,8.9736,8.8042,8.6347,8.6507,8.9569,8.9706,8.9611,10.019,10.438,10.269,10.279,10.156,10.119,10.11,10.009,9.9377,9.7912,9.8229,9.8962,10.054,9.7094,9.8829,10.294,10.107,9.706,9.4872,9.2916,9.1122,9.1576,9.1201,9.0197,9.0629,8.9915,8.9002,8.9777,8.8748,9.162,9.3447,9.5536,9.6703,9.794,9.9469,10.042,9.9102,9.8389,9.8421,9.7827,10.107,10.093,10.091,10.057,10.294
10.744,6.0866,11.205,14.045,15.932,14.779,15.748,14.72,16.021,17.789,18.366,19.36,18.84,16.617,16.52,15.225,11.71,13.94,15.954,17.309,16.768,16.731,17.934,17.176,18.391,15.581,15.118,14.216,12.214,15.225,14.808,10.066,10.711,13.721,14.444,14.045,13.451,12.371,14.045,13.721,10.066,13.076,11.769,10.236,9.0969,3.0763,6.0866,7.2261,12.107,12.619,12.214,13.076,14.045,12.619,13.758,11.401,10.711,12.57,12.214,12.989,12.107,23.247,24.155,25.783,26.555,25.829,26.028,25.27,26.054,26.294,24.519,25.457,25.052,22.993,23.51,21.769,19.204,20.236,19.608,20.109,19.097,19.961,21.225,18.758,18.699,16.194,16.13,17.226,16.194,17.789,17.422,10.357,9.7381,9.3683,8.9895,8.7249,8.5439,8.6414,8.7564,8.8204,8.8734,8.6972,8.7402,8.6843,8.626,9.0807,9.3776,9.7224,9.8775,10.029,10.097,10.108,10.095,10.105,10.072,10.05,10.114,10.139,10.202,10.029,10.357,8.4648,8.4486,8.1937,7.995,7.7672,7.5426,7.5025,7.5043,7.4745,7.6001,7.3453,7.2556,7.4236,7.6879,8.2185,8.8909,8.7605,9.0248,8.7699,8.8681,8.8658,8.6489,8.6779,8.5474,8.7349,8.6156,8.5389,8.6215,8.256,8.4648,8.9833,8.7697,8.4559,8.2656,8.006,7.8606,7.8572,7.7513,7.8161,7.7689,7.7816,7.7741,7.7464,7.6231,7.9011,8.0709,8.3004,8.4297,8.5458,8.7193,8.704,8.6171,8.6044,8.5501,8.7601,8.8449,8.821,8.8018,8.8211,8.9833
10.764,7.6659,10.032,14.656,16.734,15.898,15.083,15.137,16.159,17.021,17.021,18.724,18.975,17.192,16.427,13.573,10.202,13.416,15.321,16.564,15.92,16.862,18.053,17.711,18.556,15.714,14.409,16.223,13.085,15.898,14.181,11.171,11.104,13.724,15.964,13.573,13.906,13.295,13.295,11.171,12.536,11.675,10.032,9.1698,7.6659,5.3464,4.1814,7.6659,11.367,13.573,13.085,12.536,13.416,13.212,13.573,12.18,12.336,13.295,11.104,14.377,12.536,23.705,24.201,26.56,27.021,25.519,25.94,25.45,26.46,25.619,24.225,24.889,25.235,24.011,23.705,20.374,18.997,18.605,18.629,19.17,18.331,20.109,20.374,20.075,18.617,15.714,15.137,17.388,15.083,18.053,17.021,10.247,9.8123,9.5578,9.1303,8.8991,8.6633,8.8137,8.8535,8.9347,8.9053,8.7572,8.7425,8.6955,8.6913,9.0805,9.4306,9.7481,10.071,10.041,10.095,10.082,10.051,10.117,10.055,9.9553,9.9221,9.9022,10.028,10.014,10.247,8.6371,8.6583,8.2158,8.1681,7.8564,7.7685,7.7111,7.6948,7.8523,7.7096,7.5965,7.6361,7.4223,7.6683,8.0731,8.9564,9.2892,9.204,9.1373,8.8591,8.9405,8.76,8.8115,8.8303,8.6293,8.8403,8.5356,8.5687,8.5686,8.6371,9.216,8.9585,8.6716,8.455,8.2133,8.039,8.0487,7.9893,7.9347,8.0124,7.9512,7.9385,7.9047,7.8648,8.0581,8.1955,8.3529,8.6334,8.7776,8.8949,8.8827,8.7645,8.7511,8.7375,8.9887,9.0516,9.0608,9.0438,9.0105,9.216
10.784,6.0252,9.547,13.878,16.068,14.862,15.87,14.598,16.399,17.392,17.361,18.778,18.602,16.537,16.994,14.629,11.34,15.319,15.319,17.624,16.068,16.67,18.33,17.312,18.134,16.068,14.154,15.056,13.546,15.319,14.382,10.005,10.868,13.878,14.087,12.1,12.927,12.557,14.154,12.309,11.648,12.883,10.649,8.6969,7.6388,4.1543,3.0149,9.547,10.649,13.185,13.015,13.878,13.268,13.268,12.153,12.309,11.34,12.557,10.868,13.185,12.509,23.484,24.426,26.377,26.889,25.96,25.805,25.502,26.278,26.115,24.492,25.433,25.169,23.603,23.953,21.077,19.132,19.498,18.685,19.299,18.697,19.624,20.175,19.68,19.035,15.519,14.862,17.609,15.687,18.304,17.247,10.388,10.085,9.6923,9.3404,9.0335,8.8596,8.9554,9.0853,9.0689,9.0111,8.9114,8.8804,8.9133,8.9316,9.1505,9.6125,9.9146,10.101,10.158,10.096,10.24,10.24,10.168,10.191,10.074,10.079,10.115,10.208,10.19,10.388,9.1364,8.6842,8.646,8.3357,8.1161,7.8965,7.9987,7.9765,7.9464,8.1624,7.9512,7.7693,8.0954,8.1155,8.079,9.3059,9.7298,9.5934,9.5569,9.3928,9.4058,9.3738,9.383,9.3311,9.2989,9.2475,9.2466,9.2581,8.9318,9.1364,9.3869,9.1613,8.83,8.6362,8.3935,8.2741,8.2686,8.1593,8.1845,8.1518,8.1401,8.1408,8.0969,8.023,8.303,8.3944,8.5568,8.7714,8.9037,9.0642,9.13,9.0403,8.9556,8.9709,9.1162,9.2065,9.2281,9.3033,9.1762,9.3869
10.804,7.3766,9.4178,12.09,15.041,13.771,14.079,14.537,16.32,16.578,16.275,17.564,17.775,16.515,16.408,12.891,11.722,13.44,15.546,16.841,14.764,15.974,16.996,16.578,17.743,15.041,13.65,14.981,12.891,14.366,13.568,7.3766,10.299,12.09,13.44,12.891,12.691,11.251,12.94,11.722,10.387,10.387,8.712,8.4487,3.3972,-0.58217,3.3972,10.64,10.387,12.535,12.891,13.397,14.366,11.971,12.535,9.9294,10.557,12.535,11.526,13.397,12.94,22.847,23.764,25.622,26.239,25.342,25.778,24.619,25.872,25.611,23.905,24.5,24.764,23.059,22.93,20.49,18.712,18.622,18.254,18.516,18.139,18.367,20.326,18.006,18.021,14.366,14.981,16.578,15.356,17.089,16.253,10.436,10.465,9.8277,9.4155,9.1973,8.9525,9.2653,9.2389,9.2855,9.3045,9.1914,9.0723,9.0592,9.1195,9.5273,9.8483,10.138,10.198,10.279,10.222,10.473,10.402,10.316,10.213,10.176,10.173,10.301,10.377,10.179,10.436,9.1721,9.1035,8.7279,8.5829,8.2453,8.043,8.1419,8.1625,8.1707,8.2052,8.1367,8.0293,8.3593,8.4705,8.7237,9.6204,9.5953,9.6632,9.5633,9.469,9.6753,9.4269,9.3963,9.2964,9.2971,9.3529,9.2292,9.3956,8.9189,9.1721,9.7036,9.4688,9.0985,8.8792,8.5925,8.4158,8.5479,8.526,8.4291,8.3695,8.4214,8.3253,8.3994,8.3651,8.6079,8.6206,8.8163,9.0205,9.1577,9.3238,9.4426,9.3628,9.3168,9.1941,9.3687,9.4845,9.476,9.5721,9.4548,9.7036
10.824,2.441,9.0921,11.735,14.482,13.784,14.745,13.453,15.369,16.528,16.528,18.123,17.643,15.505,15.791,12.548,11.539,13.941,14.777,16.288,15.559,15.791,17.389,16.082,17.065,15.963,13.784,13.941,11.735,14.092,13.663,9.9422,9.4307,12.043,13.41,11.539,11.263,11.044,12.548,10.4,10.653,12.043,8.0341,5.4513,3.4101,0.39979,6.4204,8.7249,10.653,13.278,12.441,12.704,13.41,11.539,11.539,11.044,11.735,12.704,10.4,11.983,11.539,22.785,23.688,25.033,25.982,25.369,25.715,25.194,26.163,26.156,23.972,25.208,24.462,22.548,23.072,20.774,19.538,19.343,18.253,19.033,17.065,18.801,19.474,17.248,16.673,15.257,13.941,15.451,16.082,16.932,16.673,10.93,10.639,10.138,9.7674,9.3501,9.2708,9.4896,9.5502,9.5707,9.5868,9.5069,9.3609,9.4204,9.4473,9.8436,10.095,10.555,10.711,10.655,10.785,10.923,10.824,10.817,10.773,10.73,10.635,10.734,10.92,10.746,10.93,9.5962,9.4047,9.1084,8.7,8.491,8.2658,8.3885,8.4669,8.386,8.4728,8.4297,8.1921,8.4055,8.6776,9.1296,9.7235,10.241,10.082,9.9799,9.8849,9.7964,9.6817,9.5078,9.7069,9.654,9.5981,9.7283,9.602,9.2686,9.5962,9.9073,9.6301,9.2712,9.0902,8.7859,8.6671,8.7844,8.6641,8.6436,8.5734,8.6073,8.5932,8.5555,8.4876,8.7736,8.8405,9.0002,9.2193,9.2941,9.5862,9.6452,9.5049,9.4113,9.4963,9.5651,9.6834,9.7453,9.7171,9.6804,9.9073
10.844,5.5831,8.3452,13.074,15.702,14.17,13.675,13.201,14.644,14.877,16.685,17.684,17.517,16.704,15.535,13.283,10.19,13.712,14.644,16.904,15.309,15.908,17.639,17.654,18.32,15.953,14.17,13.405,10.273,14.989,12.325,10.02,11.723,12.169,14.17,13.074,13.03,11.355,12.061,11.16,12.325,12.524,11.664,6.0407,5.5831,2.0613,4.1698,8.3452,11.16,14.17,11.355,13.561,14.17,12.325,13.561,11.092,10.884,15.072,11.16,13.999,12.169,24.16,24.213,26.723,27.328,26.265,25.94,26.129,26.415,25.537,24.689,25.535,25.517,24.366,23.72,21.488,18.794,19.304,18.149,19.314,18.345,19.094,20.063,19.105,18.255,15.702,14.989,17.13,14.17,18.345,16.629,11.236,10.58,10.319,9.9467,9.7212,9.4667,9.5583,9.5811,9.769,9.7886,9.651,9.6589,9.6121,9.5032,9.8924,10.481,10.756,10.754,10.812,11,10.908,10.864,10.985,10.928,10.812,10.82,10.871,10.971,10.847,11.236,9.5687,9.4035,9.1605,8.9857,8.7725,8.6262,8.5408,8.4291,8.438,8.7344,8.554,8.4975,8.272,8.5471,9.144,9.9383,10.093,10.025,10.085,10.017,9.6504,9.6615,9.7735,9.7371,9.6152,9.5173,9.5599,9.3159,9.3248,9.5687,10.053,9.7432,9.5325,9.2808,9.0914,8.9764,8.832,8.7669,8.7918,8.8074,8.733,8.7145,8.6785,8.5348,8.8291,9.0181,9.1581,9.3078,9.6087,9.7464,9.5852,9.5236,9.5811,9.5537,9.6914,9.8501,9.8896,9.8924,9.8026,10.053
10.864,2.4264,7.5452,11.969,13.77,12.889,11.721,11.249,14.365,15.7,15.7,17.088,17.562,15.7,15.674,12.029,11.249,13.308,14.763,16.513,15.009,15.437,16.839,16.406,16.937,15.127,13.77,14.365,10.385,14.04,12.534,9.5233,10.297,12.69,13.439,11.525,11.721,11.525,11.969,11.03,11.525,11.969,9.4161,7.3749,4.5349,4.5349,5.9482,9.5233,10.638,12.029,11.969,13.395,14.077,13.649,13.439,11.525,10.556,13.566,10.385,13.566,11.721,23.168,23.334,25.781,26.149,25.371,25.228,25.009,25.87,25.066,23.841,24.894,24.81,23.334,23.043,20.63,18.685,19.018,18.004,18.138,17.216,18.685,19.159,18.365,17.693,14.763,12.534,16.251,15.354,16.34,16.513,9.4128,9.3973,8.9871,8.4828,8.3346,8.1036,8.2263,8.3865,8.4186,8.5012,8.2671,8.2617,8.2107,8.2166,8.4303,8.6669,9.1488,9.2847,9.2974,9.3544,9.4046,9.3124,9.4425,9.2963,9.1915,9.0955,9.1967,9.1637,9.3314,9.4128,8.4802,8.111,7.9292,7.6935,7.6016,7.3217,7.4792,7.345,7.4913,7.4889,7.3547,7.4179,7.623,7.5618,8.0887,8.4181,8.8343,8.9647,8.8544,8.9546,8.6961,8.6349,8.686,8.6061,8.7135,8.7767,8.5181,8.4569,8.3958,8.4802,8.8035,8.5435,8.2712,8.0418,7.8477,7.7087,7.659,7.5769,7.5276,7.611,7.5753,7.5517,7.5334,7.4374,7.6604,7.7937,7.9598,8.1513,8.3599,8.4485,8.4477,8.3937,8.424,8.3189,8.5359,8.6004,8.7069,8.6874,8.6407,8.8035
10.884,0.30875,5.6235,12.613,15.022,13.572,14.288,13.85,15.598,15.7,16.5,17.665,17.928,16.974,16.329,12.35,11.892,14.001,15.991,16.763,15.467,16.242,17.744,16.704,17.552,14.933,13.362,14.288,11.172,14.903,11.952,10.309,11.644,13.572,14.458,12.813,12.861,12.613,13.231,12.861,10.309,12.613,10.562,7.4688,8.6338,0.30875,7.943,9.4469,11.448,14.288,12.813,13.489,14.458,14.686,13.964,12.011,10.953,12.861,12.011,14.183,13.572,24.502,24.257,27.376,27.152,26.568,26.417,26.072,26.839,26.224,24.854,25.624,25.667,24.808,24.309,21.625,19.956,20.429,19.307,20.168,19.001,19.684,20.586,19.956,19.219,15.624,14.686,17.552,15.598,18.882,16.841,9.862,9.5921,9.2307,8.7955,8.4892,8.3944,8.4477,8.5827,8.6275,8.7843,8.6387,8.496,8.4122,8.4576,8.7281,8.9985,9.3933,9.696,9.6467,9.6859,9.6034,9.6242,9.7109,9.6238,9.5572,9.5225,9.5513,9.7311,9.6286,9.862,8.4593,8.4509,8.2309,7.9655,7.6727,7.5143,7.506,7.4713,7.5397,7.6081,7.5735,7.5216,7.578,7.767,7.7324,8.9911,9.0076,8.9892,8.9333,8.9168,8.6929,8.7613,8.7324,8.5351,8.4971,8.8138,8.6193,8.5225,8.3437,8.4593,8.9573,8.6893,8.4528,8.2176,8.0316,7.8837,7.8235,7.7264,7.7337,7.7992,7.7189,7.7085,7.6583,7.6358,7.9216,7.9321,8.1021,8.2184,8.4459,8.4924,8.5566,8.562,8.5242,8.503,8.5814,8.6893,8.8295,8.9288,8.7457,8.9573
10.904,4.1317,9.5244,13.245,14.695,14.606,13.82,14.636,14.724,15.915,16.884,18.111,18.281,16.666,16.533,14.636,11.121,14.328,14.839,16.377,16.046,15.297,16.666,16.11,17.338,14.132,12.13,13.961,10.846,13.856,12.86,9.5244,12.023,13.245,14.636,14.636,12.486,12.13,12.86,12.023,12.13,13.245,10.627,7.142,6.0026,4.1317,2.9923,8.0438,10.627,13.637,12.992,13.82,14.606,13.367,14.132,10.846,11.121,12.023,10.152,13.961,11.685,23.87,24.382,26.436,26.767,25.605,25.798,25.41,26.389,25.97,24.394,25.141,25.664,23.999,23.856,21.349,19.894,20.085,18.881,19.024,18.98,20.102,20.26,18.892,19.266,15.271,14.636,17.225,15.496,18.47,17.225,9.6742,9.745,9.3642,9.0556,8.6363,8.4996,8.6629,8.7195,8.6987,8.825,8.6471,8.5072,8.4686,8.4404,8.6703,9.1677,9.2465,9.541,9.392,9.5909,9.5719,9.5334,9.5366,9.4492,9.3744,9.1927,9.4296,9.6072,9.4118,9.6742,8.6931,8.5967,8.173,8.083,7.7768,7.7383,7.616,7.8555,7.7137,7.9077,7.837,7.7253,7.67,7.9508,8.3735,9.1868,9.2703,9.4368,9.1985,9.1987,9.1023,8.9227,8.917,8.9064,8.8436,8.8203,8.7794,8.8073,8.5865,8.6931,9.207,8.9702,8.6091,8.437,8.2318,8.0564,8.134,8.0294,8.0109,7.9862,7.9538,7.9049,7.9121,7.8669,8.118,8.23,8.3149,8.4964,8.6767,8.8695,8.8761,8.7885,8.7186,8.7353,8.7768,8.8987,9.0451,9.0786,8.9605,9.207
10.924,2.3814,5.655,11.924,13.394,13.351,14.214,14.032,15.903,16.361,16.794,18.575,18.469,17.005,17.005,14.49,13.263,14.49,15.655,17.224,15.855,16.022,16.404,16.892,16.872,14.32,12.893,13.351,12.489,14.032,12.645,9.4783,11.676,12.844,14.49,12.043,12.893,12.893,11.924,12.893,10.593,12.844,12.489,7.5002,7.3299,2.3814,5.9032,9.8826,12.489,14.423,12.489,13.995,15.082,14.32,15.927,11.676,12.381,13.881,11.412,14.032,12.381,24.084,24.596,26.481,26.824,26.076,26.328,25.655,26.667,26.423,25.197,26.036,26.01,23.965,24.32,21.808,20.053,20.682,20.34,20.034,18.665,20.016,21.218,19.305,19.033,14.32,14.423,17.33,15.855,19.593,18.004,9.7661,9.8242,9.3923,9.305,8.8765,8.7408,8.8419,8.9213,8.9142,8.9167,8.8474,8.6927,8.7132,8.5019,8.8442,9.3183,9.3977,9.6531,9.6336,9.5828,9.656,9.6679,9.6472,9.5356,9.3866,9.4835,9.4764,9.542,9.4418,9.7661,8.8223,8.7278,8.4808,8.2914,7.9615,7.8893,7.8023,7.8953,7.9882,7.9447,7.7674,7.876,8.1245,8.2349,8.6496,9.2062,9.441,9.4233,9.3051,9.1869,9.2523,9.2293,8.9953,8.9989,8.9625,8.8104,9.1118,8.8164,8.7849,8.8223,9.4038,9.1805,8.8544,8.6535,8.4271,8.2797,8.2855,8.2453,8.1929,8.2327,8.1712,8.1416,8.1294,8.0479,8.2781,8.4422,8.4658,8.7633,8.9118,8.999,9.0794,9.016,8.9663,8.9709,8.9127,9.153,9.2514,9.2649,9.2339,9.4038
10.944,3.026,5.5787,12.111,14.361,13.995,14.669,13.89,15.603,16.289,16.846,18.302,18.25,16.864,17.125,13.4,13.279,14.165,16.036,16.411,15.579,15.949,17.323,17.372,17.869,14.985,13.196,13.557,11.155,13.671,11.599,10.016,11.718,13.854,13.557,13.89,12.938,12.057,12.568,13.026,11.351,12.057,9.5581,10.016,7.0054,2.5684,6.0363,10.186,11.659,12.568,13.279,14.64,14.165,13.069,13.995,12.52,11.155,13.026,11.155,13.995,12.32,23.46,24.515,26.3,26.846,25.686,26.133,25.346,26.75,26.223,24.313,25.289,25.406,23.89,24.115,20.893,19.625,20.186,19.3,19.48,18.914,19.883,20.992,18.789,19.154,15.33,14.985,16.7,17.108,18.981,17.176,9.9081,10.056,9.8826,9.4641,9.0718,9.0031,9.0976,9.0673,9.1194,9.1923,9.0063,8.9406,8.9321,8.8209,9.0789,9.475,9.6842,9.7769,9.7528,9.7514,9.8996,9.8557,9.7974,9.7518,9.7046,9.6196,9.5769,9.5942,9.7011,9.9081,8.9779,9.066,8.682,8.3965,8.1535,8.0253,8.27,8.0511,8.012,8.18,8.0379,7.9609,7.9218,7.9867,9.1967,9.2995,9.7417,9.6841,9.5701,9.3946,9.3709,9.1108,9.1159,9.1191,9.137,9.2693,9.0679,8.8314,8.8099,8.9779,9.5514,9.4038,9.03,8.834,8.6143,8.4409,8.5235,8.4108,8.3838,8.3606,8.3755,8.2985,8.2907,8.2321,8.5248,8.6654,8.7663,8.9374,8.9565,9.1596,9.2697,9.1945,9.126,9.0843,9.2283,9.3794,9.4334,9.4555,9.3152,9.5514
10.964,0.047591,8.3727,12.352,13.921,14.701,14.701,14.13,16.068,17.208,17.224,18.621,18.572,17.208,17.29,15.337,13.101,16.321,15.635,17.208,15.017,16.239,17.157,16.502,17.157,15.206,12.6,13.432,10.911,12.196,11.383,7.6819,10.048,12.352,13.101,13.058,11.187,12.089,11.187,11.187,12.089,12.196,11.187,9.1857,7.2076,5.3624,5.3624,9.9599,13.058,13.432,12.089,14.393,13.921,12.97,13.921,11.187,10.692,10.301,10.911,13.058,12.089,23.131,24.197,25.783,26.175,25.781,25.841,25.73,26.58,26.29,25.148,25.929,25.525,23.4,23.74,21.75,19.879,20.292,19.723,19.879,18.486,19.742,20.516,18.645,19.078,15.017,14.672,16.502,16.239,18.282,17.915,10.658,10.734,10.127,9.8166,9.4055,9.1947,9.4784,9.4773,9.4587,9.43,9.3702,9.3222,9.2817,9.3066,9.515,9.8623,10.127,10.315,10.244,10.262,10.421,10.413,10.285,10.252,10.157,10.226,10.255,10.313,10.371,10.658,9.6506,9.2009,8.9491,8.7852,8.357,8.4365,8.4472,8.4579,8.6618,8.6725,8.2746,8.2435,8.6866,8.5866,9.2329,9.8316,10.185,10.14,10.103,9.9469,9.9789,9.9465,9.8504,9.7544,9.7433,9.6952,9.6107,9.7929,9.5156,9.6506,9.8155,9.6087,9.2757,9.0511,8.7687,8.6089,8.7397,8.7006,8.6123,8.5961,8.5998,8.4994,8.5266,8.509,8.7361,8.8067,8.9735,9.1826,9.3352,9.4426,9.5276,9.4152,9.4225,9.316,9.4778,9.6512,9.8147,9.7646,9.6011,9.8155
10.984,4.1859,6.0568,11.176,14.186,14.119,15.351,14.382,15.902,16.867,16.49,18.622,18.002,17.392,16.431,14.66,11.68,14.66,15.195,16.49,14.893,16.057,17.279,16.227,17.392,15.599,13.421,13.09,12.341,13.691,11.108,8.7285,10.207,13.421,14.778,12.341,14.016,12.341,12.341,12.589,10.681,11.62,8.7285,6.0568,5.5992,0.036189,4.1859,11.372,12.077,13.691,12.341,12.959,14.66,14.186,13.691,11.68,13.3,12.185,11.176,13.91,12.341,23.728,24.343,26.229,26.798,25.725,25.909,25.706,26.377,25.918,24.831,25.394,25.394,23.984,23.68,21.535,19.904,19.569,19.11,19.975,18.729,19.491,20.949,19.579,19.121,15.351,15.551,16.31,16.49,18.634,17.424,10.29,10.401,10.048,9.892,9.47,9.2376,9.4036,9.531,9.3721,9.4294,9.3213,9.2056,9.2549,9.1457,9.4252,9.687,10.041,9.9129,9.9896,10.031,10.121,10.15,10.007,9.8985,9.8196,9.6336,9.8722,9.8929,10.041,10.29,9.5715,9.3515,9.0697,8.9988,8.7671,8.4763,8.3916,8.3458,8.5566,8.4276,8.6447,8.6221,8.591,8.8669,9.1428,9.8649,10.12,10.009,9.8796,9.8781,9.909,9.8044,9.6579,9.7263,9.5847,9.4774,9.6786,9.6465,9.2832,9.5715,10.003,9.8127,9.4482,9.2677,8.9982,8.8657,8.9561,8.8459,8.8225,8.7992,8.777,8.6894,8.6687,8.6961,8.9228,8.9882,9.2376,9.403,9.4789,9.6222,9.737,9.6388,9.5114,9.5076,9.5689,9.8306,9.9272,9.9742,9.7855,10.003
11.004,4.2003,7.2106,11.634,15.102,14.03,14.704,13.743,15.365,16.114,16.505,18.337,18.03,17.227,17.67,15.565,13.231,13.314,15.614,16.753,15.638,16.178,16.445,16.178,17.715,13.705,12.603,12.355,9.0815,14.428,12.355,9.593,12.355,12.555,13.231,13.061,13.104,13.314,13.705,11.123,10.914,10.304,11.19,9.593,5.3653,2.6033,5.3653,10.695,10.051,12.199,13.061,14.03,15.02,13.705,12.603,12.555,11.19,12.355,10.304,12.555,12.555,24.068,24.348,26.31,26.867,25.768,25.939,25.851,26.517,25.721,24.273,25.381,25.169,24.348,23.69,21.658,19.66,19.345,19.426,19.882,19.092,20.094,20.581,19.189,18.743,15.365,14.396,16.583,15.983,18.016,17.211,10.46,10.321,10.378,9.9172,9.7776,9.5331,9.6228,9.6039,9.6407,9.7445,9.5349,9.4084,9.3877,9.3332,9.7158,9.9374,10.274,10.319,10.304,10.415,10.433,10.374,10.376,10.23,10.045,9.9882,10.094,10.353,10.328,10.46,9.7959,9.5222,9.3596,9.1596,8.9334,8.7205,8.7285,8.66,8.8943,8.8143,8.8312,8.6485,8.6752,9.0713,9.4411,10.301,10.266,10.5,10.219,10.3,10.168,10.103,10.027,9.9395,9.8638,9.7956,9.8261,9.8569,9.6348,9.7959,10.218,10.017,9.6672,9.4586,9.2571,9.0881,9.1072,9.002,8.9681,8.9922,8.9336,8.8646,8.9014,8.8321,9.0966,9.1647,9.3441,9.587,9.6663,9.8062,9.9054,9.7657,9.7702,9.6519,9.7008,9.8498,10.076,10.045,9.9118,10.218
11.024,2.7479,3.717,12.042,13.97,13.585,13.585,13.887,15.449,14.686,15.331,17.161,17.949,16.835,16.27,13.76,9.399,13.259,14.248,16.98,14.362,15.331,16.097,16.835,17.609,14.686,12.29,11.351,9.399,13.629,11.846,9.28,10.877,12.855,14.399,12.042,11.846,9.8448,11.846,11.351,10.877,10.707,9.0318,6.7273,3.717,0.70669,3.717,9.7376,11.57,13.011,10.96,13.629,12.855,13.585,13.211,11.779,9.8448,13.211,10.96,13.717,12.042,23.824,23.585,26.221,26.559,25.316,25.084,25.538,25.973,24.873,23.896,24.627,25.231,23.97,23.508,20.268,19.195,18.822,18.836,19.032,17.609,19.34,20.082,19.28,19.583,14.399,13.717,16.835,15.084,18.836,17.409,8.905,8.9922,8.9763,8.7084,8.3339,8.1504,8.0856,8.2232,8.2776,8.2816,8.1778,8.081,8.0141,7.8901,8.077,8.363,8.7573,8.911,8.8882,8.7802,8.8674,8.8442,8.81,8.6861,8.5934,8.5387,8.7091,8.6899,8.6204,8.905,8.49,8.4352,8.0962,7.9308,7.7262,7.4953,7.6516,7.6344,7.6383,7.5936,7.3969,7.5316,7.4981,7.8894,7.6372,8.9558,8.8455,9.0058,8.8816,8.9178,8.9439,8.8024,8.8067,8.7459,8.7205,8.579,8.7748,8.4711,8.3553,8.49,8.9424,8.7674,8.3754,8.1865,7.9934,7.8303,7.8586,7.7763,7.6872,7.7769,7.6793,7.6824,7.7102,7.6239,7.8736,7.9952,8.0891,8.2836,8.448,8.5833,8.5485,8.5725,8.4719,8.4266,8.6297,8.8242,8.9255,8.8994,8.7992,8.9424
11.044,5.9329,5.6847,11.015,14.747,13.38,13.754,14.349,14.994,15.227,14.747,17.678,17.53,16.052,15.421,12.518,11.015,12.073,14.349,16.303,15.112,16.498,16.979,15.957,16.921,13.911,12.013,12.674,9.9123,12.923,11.509,7.3596,9.5081,11.442,12.674,11.509,11.954,10.54,11.442,9.9123,9.4008,9.0622,10.54,8.695,3.3802,0.36992,3.3802,10.37,10.54,12.465,12.674,12.923,13.423,13.292,13.423,10.54,10.54,12.518,10.54,12.674,11.509,23.225,23.995,25.552,26.289,25.121,25.213,25.112,26.052,25.112,23.5,24.882,24.452,23.225,23.153,20.54,19.003,18.808,18.391,19.062,18.049,18.943,19.745,18.967,18.771,15.339,13.423,16.052,14.994,18.049,16.644,9.1924,9.225,9.1482,8.9041,8.4848,8.422,8.5237,8.55,8.5238,8.5031,8.5098,8.3027,8.3713,8.3241,8.686,8.7435,9.1012,9.1873,9.2967,9.259,9.3043,9.3124,9.18,9.0868,8.8744,8.9542,8.9498,9.2779,9.0655,9.1924,8.7501,8.4,8.2712,8.1085,7.9166,7.5528,7.9013,7.8593,7.9416,7.7021,7.7612,7.4895,7.9878,8.3151,8.0756,8.7635,9.4893,9.1943,9.1523,8.9896,8.9951,9.1196,8.9798,8.84,8.6983,8.8495,8.6967,8.7653,8.5472,8.7501,9.195,9.023,8.6134,8.422,8.1318,7.9869,8.1302,8.0832,8.0068,7.9799,7.9672,7.9084,7.9293,7.9188,8.1821,8.1749,8.3481,8.5021,8.6333,8.8125,8.9227,8.8373,8.7191,8.688,8.7983,8.9476,9.0985,9.1019,9.0414,9.195
11.064,3.6464,5.6876,12.22,15.349,14.177,14.615,14.718,15.493,15.688,16.223,17.168,17.944,16.764,16.318,13.14,11.776,12.28,14.615,16.318,14.615,15.925,16.7,17.187,17.168,12.941,12.677,13.14,9.667,13.14,11.5,9.667,10.179,13.514,13.899,11.776,13.14,10.889,12.339,11.776,10.636,10.636,10.889,8.2704,6.6567,2.6773,2.6773,8.9612,10.548,13.14,12.28,12.28,14.786,14.51,14.328,10.889,11.281,13.646,10.636,14.328,12.339,23.559,23.825,26.259,27.102,25.566,25.655,25.317,26.114,24.803,23.833,24.735,25.039,24.127,23.419,20.495,19.328,19.269,18.765,18.805,18.255,19.161,20.179,20.255,19.93,15.493,14.786,17.538,15.26,18.936,16.764,9.3609,9.6221,9.4196,9.052,8.9482,8.6324,8.6099,8.6524,8.6686,8.7354,8.5855,8.5128,8.3917,8.4651,8.7879,8.8778,9.3004,9.3448,9.4788,9.2996,9.3079,9.4006,9.3644,9.2373,9.1116,9.0122,9.0466,9.3927,9.0954,9.3609,9.0696,8.8476,8.529,8.4469,7.984,8.0543,7.7807,8.0021,8.134,8.0363,7.9561,8.0124,7.9169,8.3971,8.6387,9.202,9.5204,9.5433,9.548,9.458,9.3038,9.3161,9.1277,9.1937,9.0526,8.9327,8.9737,9.0354,8.8688,9.0696,9.42,9.1603,8.8741,8.6508,8.47,8.3017,8.2968,8.2222,8.2029,8.3042,8.2049,8.1629,8.1293,8.032,8.3677,8.4458,8.6752,8.831,8.946,9.1316,9.1743,9.0387,9.0927,8.9846,9.0596,9.2084,9.3272,9.3454,9.208,9.42
11.084,4.6011,5.7662,11.315,15.045,15.421,15.164,14.534,15.842,17.117,16.642,18.086,18.417,15.842,16.014,13.374,12.493,12.095,14.431,16.906,14.601,16.014,17.135,15.766,16.515,14.325,13.462,13.004,11.591,12.756,12.095,9.1437,9.5895,13.004,13.329,13.329,13.004,10.364,12.756,12.095,10.704,12.756,11.591,8.0857,8.5132,0.45138,7.4411,9.9938,11.787,13.992,11.591,12.956,14.106,12.493,12.756,10.364,10.622,12.956,11.787,12.756,13.004,23.649,25.12,26.074,26.074,26.017,26.267,25.766,26.371,26.75,25.191,26.038,25.385,23.518,23.828,21.787,20.818,21.013,19.916,19.328,18.776,19.45,21.081,19.482,18.581,15.766,15.194,16.472,15.741,17.886,17.694,9.7372,9.9979,9.6619,9.3896,8.9219,8.8611,8.8446,8.8156,8.8617,8.8876,8.8445,8.7616,8.6926,8.68,8.962,9.244,9.7428,9.8079,9.7585,9.8907,9.7645,9.8127,9.788,9.5834,9.4108,9.4617,9.4598,9.8662,9.4834,9.7372,9.3729,9.221,8.8035,8.5518,8.2943,8.0425,8.2998,8.1702,8.2459,8.1878,8.3365,8.1777,8.2519,8.426,8.6833,9.726,9.8414,9.7118,9.6838,9.6684,9.5645,9.5118,9.2467,9.4272,9.2976,9.2886,9.4434,9.2189,9.1807,9.3729,9.6424,9.3749,9.0362,8.8949,8.5855,8.4703,8.5234,8.4309,8.4369,8.3816,8.4482,8.3556,8.3214,8.3351,8.5896,8.7023,8.8246,8.8721,9.1435,9.2685,9.2885,9.2635,9.208,9.0853,9.1504,9.3333,9.4408,9.4804,9.4521,9.6424
11.104,5.6439,6.3497,11.469,13.252,14.203,14.412,13.383,15.071,15.298,15.644,17.572,17.032,14.479,15.844,14.479,9.36,12.37,14.479,15.644,14.479,16.011,16.457,16.011,17.032,13.87,11.401,12.833,10.974,13.984,12.032,9.8715,11.469,12.032,11.973,12.833,12.634,12.032,10.582,11.973,12.032,10.582,9.8715,8.3909,9.0214,4.4788,5.3806,9.36,12.032,13.339,13.252,12.478,13.339,13.207,13.383,11.913,10.329,10.499,10.974,10.974,11.193,22.789,23.773,25.248,25.952,25.34,25.416,24.875,26.03,25.554,24.106,25.172,24.829,22.634,23.112,21.508,19.623,20.125,19.01,19.228,17.963,19.103,19.862,18.768,19.103,15.042,13.714,15.435,15.042,17.717,16.783,9.7215,10.112,9.7376,9.4366,9.1693,9.0833,9.0064,8.9047,9.0528,9.2389,9.029,9.0063,8.7566,8.6824,8.7981,9.3514,9.8182,9.9809,10.005,9.8763,9.8738,9.7517,9.8509,9.6334,9.5876,9.4775,9.5277,9.5292,9.3525,9.7215,9.225,9.2186,8.974,8.5766,8.5048,8.3091,8.1588,8.3985,8.343,8.3328,8.5725,8.4121,8.672,8.6333,8.4618,9.6314,9.8912,9.844,9.8054,9.6016,9.5084,9.3359,9.4084,9.4721,9.368,9.3061,9.1578,9.1615,8.9333,9.225,9.826,9.5725,9.2841,9.0972,8.9163,8.7355,8.643,8.6047,8.6356,8.6695,8.641,8.6217,8.5859,8.4488,8.7668,8.927,8.9938,9.1873,9.2995,9.53,9.459,9.4172,9.3996,9.292,9.4449,9.5783,9.6744,9.6441,9.6324,9.826
11.124,5.662,7.3369,11.487,14.971,14.497,14.327,13.401,14.497,15.636,14.725,16.742,17.337,15.934,14.971,9.3781,9.8896,11.211,12.652,16.213,14.497,15.636,16.411,16.368,16.801,14.327,12.388,12.851,11.487,13.27,11.487,9.8896,11.991,11.991,13.225,11.991,12.05,10.518,12.496,8.6723,9.8896,10.6,9.4853,9.0395,5.662,3.3575,3.3575,8.409,10.992,11.487,12.9,12.9,12.652,13.401,12.652,10.992,10.518,12.05,10.259,12.652,10.6,23.27,23.448,26.256,26.355,25.28,25.572,24.759,25.455,24.908,23.498,24.696,24.8,24.039,23.465,20.745,19.641,19.312,18.409,18.945,17.735,18.748,19.802,19.028,18.672,15.399,14.971,16.235,15.06,18.748,16.029,10.039,10.264,9.8357,9.7395,9.3702,9.153,9.2133,9.2756,9.3842,9.2643,9.1599,8.9678,9.0752,9.0492,9.2679,9.7496,10.142,10.108,9.9853,10.227,10.19,10.128,10.008,9.7522,9.7227,9.7028,9.7779,9.7186,9.6812,10.039,9.5837,9.3635,9.1125,8.9377,8.7461,8.3693,8.609,8.7338,8.685,8.7204,8.5807,8.5652,8.6578,8.8499,9.3753,9.9775,10.116,10.338,10.016,9.8883,9.847,9.9088,9.7027,9.6959,9.8409,9.4502,9.6898,9.6718,9.4118,9.5837,10.071,9.8575,9.4682,9.247,9.0246,8.8446,8.9196,8.8546,8.7904,8.8314,8.7664,8.7257,8.7054,8.6771,8.9526,8.9604,9.0928,9.3013,9.3865,9.604,9.7041,9.6729,9.5996,9.5238,9.5849,9.7815,9.906,9.9752,9.8038,10.071
11.144,4.5698,8.0543,10.59,14.399,14.766,14.075,14.112,14.258,15.162,16.102,18.039,17.085,15.935,16.102,12.725,10.42,12.461,15.044,15.735,15.162,15.277,15.983,15.983,16.874,15.162,12.568,13.343,11.755,14.112,11.559,8.0543,9.4509,12.123,13.601,12.123,11.559,11.065,11.559,10.42,10.59,9.9625,10.673,7.4097,5.7348,5.7348,5.7348,9.4509,12.123,12.725,12.123,12.568,12.924,11.755,12.973,12.123,10.42,12.725,10.673,12.924,11.559,23.474,23.687,25.898,26.32,25.263,25.053,25.277,25.507,24.653,23.708,24.798,25.162,23.687,23.365,20.54,18.993,18.655,18.549,18.707,17.123,18.482,19.558,19.418,18.549,15.735,14.075,16.484,15.044,17.728,16.815,10.403,10.848,10.137,10.022,9.8235,9.5549,9.605,9.6693,9.711,9.7018,9.5657,9.5421,9.5627,9.4999,9.7421,10.034,10.365,10.636,10.485,10.604,10.541,10.485,10.494,10.339,10.375,10.306,10.283,10.395,10.215,10.403,9.8718,9.6222,9.2992,9.165,8.9663,8.7591,8.8488,8.821,9.0627,8.9518,9.0516,8.9286,9.1824,9.119,9.248,9.867,10.409,10.399,10.179,10.066,10.176,10.126,9.9773,10.03,10.02,10.16,9.9287,9.9638,9.7459,9.8718,10.26,10.041,9.6798,9.4628,9.3184,9.1395,9.1125,9.0564,9.0669,9.0915,8.9843,8.9914,8.9894,8.9034,9.1912,9.2835,9.4151,9.6106,9.7586,10.062,10.019,9.8837,9.8433,9.7848,9.8919,10.053,10.167,10.183,10.062,10.26
11.164,7.0383,7.0383,13.102,15.636,13.922,15.636,15.731,16.751,17.291,17.405,19.133,19.187,17.209,17.291,14.426,11.384,14.642,16.176,16.732,15.439,16.732,17.668,16.879,17.683,15.363,14.394,13.741,13.102,14.131,12.927,9.591,9.0795,13.703,13.703,12.09,12.601,11.632,12.927,13.102,11.188,12.197,11.384,7.0383,9.591,7.6828,4.1983,9.9608,11.188,12.927,12.144,13.741,14.198,14.028,13.741,11.188,11.692,12.09,8.7409,13.59,12.601,23.887,24.346,26.239,26.577,25.921,25.821,25.784,26.365,25.986,24.658,25.731,25.499,24.131,24.066,21.918,19.916,20.219,19.513,19.513,18.374,19.844,20.678,20.219,19.542,15.937,15.636,17.436,16.657,18.682,18.537,9.4372,9.0913,9.1289,8.8778,8.5305,8.3646,8.5117,8.5972,8.5471,8.6316,8.5043,8.3316,8.4356,8.3994,8.5008,8.9784,9.3148,9.4638,9.4584,9.3355,9.5179,9.5701,9.401,9.3744,9.3303,9.2946,9.4336,9.3273,9.223,9.4372,8.7187,8.4799,8.1579,7.9434,7.7633,7.5245,7.6074,7.7867,7.8154,7.9425,7.548,7.7389,7.887,7.9699,8.4333,9.1873,9.1458,9.1732,9.0864,9.2147,9.1732,9.0032,8.8199,8.8473,8.9302,8.9936,8.7918,9.0398,8.7024,8.7187,9.0105,8.7749,8.4593,8.2482,7.9976,7.8332,7.9054,7.8477,7.783,7.861,7.8046,7.7376,7.7494,7.6535,7.9134,8.0166,8.1315,8.3553,8.498,8.6158,8.7231,8.6869,8.6102,8.5817,8.6571,8.8291,8.9653,8.9337,8.7814,9.0105
11.184,9.4601,9.0143,13.863,16.343,16.717,16.596,15.909,17.565,17.986,17.206,19.816,18.955,17.678,17.986,14.472,12.826,13.977,16.343,16.776,16.004,17.152,17.63,17.482,18.045,15.179,13.977,14.946,11.657,15.291,13.863,11.906,10.575,12.025,13.503,13.585,13.376,12.47,13.245,12.875,12.875,12.626,10.234,7.9563,8.6471,4.4717,3.3323,9.3529,12.626,13.245,11.657,11.966,13.863,13.376,14.668,12.875,11.966,13.245,10.575,13.2,12.626,24.171,24.022,26.59,26.987,26.319,26.473,25.945,26.649,25.8,25.035,26.168,25.68,24.488,24.394,21.983,20.163,21.207,19.855,19.816,18.384,20.261,20.937,20.261,19.616,16.931,16.188,18.723,16.873,18.847,18.609,9.7252,9.4796,9.3871,9.1206,8.78,8.602,8.7418,8.6835,8.7337,8.8107,8.6153,8.5562,8.573,8.5636,8.8556,9.0987,9.5149,9.5868,9.5852,9.645,9.6802,9.62,9.683,9.5327,9.4214,9.3902,9.5209,9.6335,9.4835,9.7252,8.6767,8.7139,8.3597,8.1508,7.9906,7.5709,7.9049,7.7744,7.8551,7.7559,7.7598,7.5954,7.7592,7.6537,8.2456,9.4509,9.0679,9.0718,9.0494,9.0532,8.9938,9.0449,8.7707,8.8742,8.7099,8.5737,8.6914,8.7286,8.5764,8.6767,9.1949,8.9795,8.6777,8.4839,8.2175,8.0716,8.1349,8.0475,8.0558,8.0997,8.0442,7.9796,7.9529,7.9762,8.2918,8.2476,8.5131,8.6475,8.7704,8.9563,9.0292,8.9583,8.8874,8.8952,8.9187,9.0777,9.2223,9.2107,9.1401,9.1949
11.204,8.6793,8.2518,13.496,15.669,14.767,15.932,15.475,16.681,16.572,17.012,18.597,19.31,16.808,17.15,14.995,12.201,13.54,14.597,16.483,14.963,15.932,17.15,15.669,16.745,14.597,11.757,14.159,11.262,14.002,11.481,9.3098,9.7557,12.922,12.922,12.766,12.201,12.261,12.261,10.788,10.16,10.788,11.262,9.3098,5.9323,6.1805,4.7673,8.6793,11.757,11.757,11.757,12.713,14.767,12.922,13.496,10.788,10.618,12.32,10.788,14.002,11.481,23.735,23.881,26.008,26.785,25.461,25.54,24.873,25.922,24.915,24.034,24.995,25.298,23.545,23.308,20.96,19.391,19.31,19.019,19.31,18.471,19.648,20.227,19.756,19.142,16.008,15.271,17.502,16.745,18.904,18.222,9.5291,9.7169,9.5109,9.2728,8.8827,8.6424,8.9133,8.8659,8.8442,8.8716,8.6735,8.4933,8.5901,8.5948,8.8387,8.9948,9.5874,9.5746,9.4594,9.5498,9.5253,9.5512,9.5384,9.3769,9.2949,9.2995,9.2978,9.4434,9.3397,9.5291,8.9629,8.7919,8.4584,8.3748,8.1155,8.0006,8.1339,7.9763,7.9122,8.3478,7.856,7.838,8.1582,8.308,8.3275,9.0848,9.4473,9.3462,9.2626,9.29,9.3308,9.2297,9.0985,9.0215,9.0169,8.8469,8.9284,9.1258,8.8063,8.9629,9.5048,9.2749,8.9315,8.6794,8.4326,8.2852,8.3948,8.2902,8.2456,8.2712,8.259,8.1903,8.2025,8.2066,8.5029,8.4187,8.7069,8.8235,8.915,9.0949,9.2502,9.0788,9.1052,9.0137,9.1754,9.1638,9.4633,9.366,9.2102,9.5048
11.224,7.9732,9.3699,13.602,16.227,14.489,15.308,14.031,15.628,17.023,16.227,18.468,18.626,16.36,16.36,14.685,11.478,11.478,14.031,15.628,14.318,14.963,16.36,15.628,16.734,13.724,13.349,13.52,12.843,12.892,11.478,8.4008,10.339,13.349,12.434,11.203,11.674,11.478,12.042,11.411,9.8814,10.984,11.674,9.4771,8.664,5.3905,3.3493,9.0313,10.509,12.892,10.592,11.923,14.177,12.843,13.724,10.592,10.339,12.487,9.8814,12.38,11.478,23.349,23.288,25.787,26.04,25.308,25.196,24.851,25.545,25.09,24.159,24.452,24.963,23.349,23.181,20.969,19.592,20.014,19.413,19.477,17.973,19.413,20.592,19.633,19.54,15.926,15.628,17.449,16.871,18.664,18.091,9.8719,9.7829,9.6542,9.3931,9.069,8.9166,9.0464,9.0716,9.1332,9.0945,9.0012,8.8953,8.8543,8.824,9.1923,9.1407,9.7539,9.9035,9.9288,9.9673,9.9163,9.9447,10.021,9.9525,9.7803,9.7577,9.9248,9.782,9.7048,9.8719,9.0926,9.0222,8.8098,8.4555,8.3338,8.2758,8.0847,8.2263,8.1791,8.2884,8.1592,8.0824,8.2256,8.443,8.4756,9.3704,9.7868,9.6067,9.5187,9.4916,9.5576,9.3452,9.3596,9.2119,9.2152,9.2811,9.1794,9.1781,9.1076,9.0926,9.6495,9.4251,9.1453,8.926,8.6876,8.5242,8.5291,8.4693,8.4374,8.4763,8.4354,8.3867,8.4073,8.3505,8.6683,8.7248,8.9354,9.0361,9.1425,9.4292,9.4076,9.2888,9.2976,9.2826,9.3281,9.4659,9.5897,9.5895,9.4619,9.6495
11.244,7.341,7.5114,11.935,15.742,14.501,13.405,14.501,15.403,15.403,16.415,17.511,18.317,16.903,16.542,14.434,10.351,13.405,14.331,15.666,14.189,15.094,15.866,16.033,16.479,13.405,11.215,14.331,10.522,14.006,11.687,7.9856,9.8938,12.904,13.229,11.491,11.995,11.491,11.935,10.604,10.351,8.4131,9.0437,7.9856,6.3719,4.5011,2.3925,7.5114,11.491,12.856,11.491,11.491,13.405,13.229,12.904,10.351,12.054,12.656,8.6764,12.904,10.604,23.261,23.532,25.839,26.544,25.231,25.262,24.924,25.641,24.541,23.651,24.544,24.776,23.435,22.856,20.629,18.752,19.489,19.044,19.757,18.317,19.553,19.999,19.489,19.393,15.914,15.666,18.467,16.415,19.479,17.594,9.9649,9.7504,9.7889,9.4773,9.3466,9.2124,9.2775,9.3159,9.2989,9.362,9.1784,9.1838,9.0514,9.0233,9.4524,9.4353,10.02,10.083,10.169,10.228,10.244,10.137,10.239,10.025,10.119,9.9695,10.081,9.9397,9.9639,9.9649,9.294,9.1596,8.9665,8.728,8.7777,8.2824,8.3915,8.3228,8.408,8.5801,8.5289,8.5009,8.5475,8.4132,9.1298,9.9195,9.9238,9.7996,9.8988,10.057,10.006,9.646,9.7204,9.4819,9.6105,9.7245,9.5849,9.4181,9.3017,9.294,9.9154,9.5899,9.3543,9.1494,8.9554,8.7953,8.7051,8.6616,8.6535,8.7317,8.656,8.6577,8.6444,8.627,8.9012,8.953,9.1871,9.3671,9.5169,9.6607,9.6305,9.5464,9.6322,9.6057,9.7898,9.8472,9.8782,9.7903,9.6519,9.9154
11.264,8.6618,7.3264,11.92,15.05,14.682,13.517,13.259,14.714,15.388,15.495,16.945,17.971,16.869,16.019,12.641,11.476,11.476,14.029,14.714,14.316,14.419,16.292,16.528,17.167,14.682,13.215,14.486,12.039,14.211,12.378,10.337,9.8791,12.641,14.316,11.98,10.59,10.337,11.92,10.981,9.029,10.337,10.337,7.3264,7.971,4.4864,4.4864,9.3676,10.507,11.98,10.981,12.039,13.39,12.641,13.721,9.4748,11.476,12.432,10.507,13.347,10.981,23.753,23.665,26.153,26.53,25.256,25.053,25.05,25.765,24.526,23.625,23.98,24.682,23.962,22.966,20.337,18.302,19.235,18.466,19.831,18.623,19.801,20.507,19.335,19.475,15.924,14.486,18.316,16.869,19.879,18.06,10.01,10.1,9.9452,9.6251,9.3903,9.2829,9.3254,9.5192,9.4791,9.5352,9.3584,9.2529,9.181,9.1827,9.5798,9.6259,10.008,10.174,10.171,10.273,10.298,10.214,10.185,10.093,9.9227,9.941,9.887,9.8331,9.7527,10.01,9.6689,9.3086,9.2312,8.9476,8.73,8.4012,8.5859,8.5473,8.7717,8.8065,8.7911,8.7525,8.572,8.6301,9.4425,10.047,10.386,10.081,10.062,9.9032,9.9625,9.8475,9.8434,9.8776,9.5162,9.7442,9.83,9.8469,9.4689,9.6689,10.11,9.8999,9.58,9.3554,9.0974,8.9877,9.0164,8.9509,8.9411,8.9671,8.912,8.8832,8.9305,8.8918,9.1934,9.2419,9.4489,9.5892,9.7103,9.8145,9.9638,9.8692,9.8794,9.8346,9.9637,10.111,10.173,10.146,9.9745,10.11
11.284,5.8529,5.6047,10.29,13.343,11.874,12.438,12.794,14.269,15.681,15.877,17.4,17.533,15.681,15.259,12.794,10.543,12.385,13.553,14.944,13.674,14.914,16.245,16.354,17.646,14.44,14.44,14.944,11.933,13.945,10.46,8.8632,10.29,12.438,12.594,12.385,11.874,11.429,10.46,11.429,10.29,10.29,8.9822,6.3105,7.2796,3.3002,4.4397,7.45,9.8323,11.933,11.429,13.3,12.594,11.993,13.343,8.615,9.8323,10.202,10.29,12.594,11.154,23.287,23.781,25.97,26.33,25.223,25.472,24.664,25.605,24.914,23.888,24.575,24.456,23.356,22.919,20.608,19.665,19.965,18.887,19.574,18.691,19.321,20.158,19.491,19.189,16.354,15.804,18.589,17.192,19.428,17.533,10.219,10.321,9.9341,9.8915,9.6496,9.6181,9.592,9.6866,9.7135,9.7765,9.6441,9.4829,9.4499,9.4411,9.5714,9.9343,10.299,10.435,10.441,10.366,10.457,10.445,10.331,10.334,10.071,10.071,10.021,9.8789,9.7828,10.219,9.756,9.5904,9.3141,9.3359,9.0935,8.9279,8.8866,8.7941,8.9502,8.9089,8.8852,8.8847,8.8757,9.0318,9.3299,10.216,10.445,10.404,10.275,10.412,10.229,9.9863,10.204,9.9734,9.953,10.006,10.162,9.9966,9.6123,9.756,10.343,10.1,9.8365,9.5685,9.3691,9.2421,9.2069,9.1526,9.1307,9.189,9.188,9.1222,9.0701,9.023,9.3888,9.5318,9.5842,9.8843,9.9526,10.15,10.145,10.084,10.027,10.04,10.201,10.37,10.381,10.292,10.103,10.343
11.304,3.3405,7.4902,11.194,12.635,12.635,12.425,12.883,14.413,15.845,16.218,17.765,17.686,14.954,16.351,12.479,12.371,12.635,15.299,15.187,13.871,14.31,16.351,15.917,17.44,15.489,13.715,14.708,10.5,12.479,10.975,8.6552,9.4683,12.479,13.34,12.635,12.635,10.975,12.883,10.33,11.666,11.47,10.5,7.9644,5.6449,3.3405,3.3405,8.6552,9.8726,11.47,11.914,12.883,12.635,11.47,12.635,10.5,10.5,11.47,10.5,10.975,9.0225,22.834,23.867,25.286,25.953,25.387,25.555,25.043,25.815,25.668,24.47,25.374,24.839,22.609,23.058,20.583,19.104,20.024,19.468,19.24,18.499,19.328,20.583,18.459,18.855,15.072,15.187,18.083,17.573,19.372,18.459,8.8821,8.9297,8.8178,8.9084,8.5478,8.2524,8.4973,8.6004,8.6085,8.5812,8.5157,8.266,8.3511,8.2155,8.5297,8.7434,8.9116,9.269,9.0914,9.1843,9.3627,9.3238,9.1945,9.0908,8.9203,8.8824,8.8089,8.7416,8.6097,8.8821,8.304,8.4771,8.2204,7.9325,7.599,7.4842,7.7092,7.5113,7.5763,7.5646,7.724,7.3943,7.7155,7.6187,8.0707,8.5994,8.9094,8.8714,8.8121,8.6798,8.7448,8.7331,8.4289,8.6571,8.3792,8.5131,8.5781,8.3945,8.3453,8.304,9.0364,8.8852,8.5111,8.3357,8.0856,7.9156,7.9886,7.9348,7.9127,7.869,7.8886,7.8562,7.8927,7.8371,8.0811,8.2338,8.3377,8.5423,8.6228,8.7469,8.8755,8.7559,8.7565,8.6876,8.8313,9.0107,9.1363,9.0273,8.8805,9.0364
11.324,5.8469,6.3045,10.284,12.788,13.668,13.547,11.423,14.434,15.599,16.217,17.592,17.444,16.15,16.15,13.337,10.537,12.788,14.434,14.158,14.263,14.434,16.304,16.475,15.966,14.263,12.837,14.263,11.147,12.432,10.537,10.284,8.609,11.619,12.788,12.432,13.162,11.147,11.619,12.588,11.987,11.619,10.454,7.2736,8.8572,5.5987,3.2942,7.9182,11.147,12.588,11.987,11.987,12.379,11.147,13.337,9.3148,9.422,10.284,9.3148,12.325,11.423,22.759,23.584,25.341,26.145,25.599,25.588,25.206,25.759,25.801,24.291,24.771,24.771,22.501,22.941,21.047,18.976,20.561,19.282,19.227,18.772,19.748,20.454,19.16,18.722,15.871,15.573,18.413,17.592,18.976,18.609,9.0448,9.3014,9.2742,8.9822,8.7105,8.5166,8.7122,8.8999,8.7405,8.7521,8.6747,8.4623,8.3882,8.4519,8.6018,8.8022,9.1002,9.3274,9.3353,9.3593,9.4916,9.5508,9.3992,9.2932,9.1094,8.9024,8.9791,8.8612,8.8555,9.0448,8.707,8.567,8.3238,8.0625,7.7032,7.7166,7.801,7.8935,7.9721,7.7825,7.9495,7.6588,7.8618,7.7605,8.0578,9.1668,9.0068,9.0535,9.1197,8.823,9.035,8.957,8.6232,8.5704,8.6912,8.6592,8.6686,8.7472,8.5041,8.707,9.3037,9.1128,8.7388,8.5482,8.3082,8.1171,8.2376,8.1755,8.1025,8.102,8.127,8.0445,8.084,8.0991,8.3503,8.4382,8.599,8.7674,8.8489,9.0644,9.138,9.0856,8.9942,9.0269,9.1261,9.2439,9.3546,9.3155,9.118,9.3037
11.344,0.28129,2.834,9.8237,13.159,11.617,12.785,11.421,13.292,15.596,15.333,17.271,17.669,14.905,16.345,12.834,10.281,12.586,13.822,15.139,14.431,14.431,15.796,15.844,17.271,13.936,12.322,13.335,10.452,10.281,9.3122,7.271,10.194,12.586,12.586,11.865,12.43,12.322,12.785,11.353,9.4194,11.925,11.925,8.3431,7.9156,5.3328,5.5961,8.9736,10.281,11.925,10.926,11.865,13.335,11.421,12.322,9.3122,8.3431,10.926,10.534,11.925,11.421,22.953,23.921,25.632,26.39,25.632,25.611,24.89,25.769,25.707,23.741,24.471,24.381,22.986,23.159,20.679,19.534,19.419,19.409,19.419,18.149,19.409,20.789,19.18,18.974,16.345,15.251,18.41,17.589,19.483,18.135,9.075,10.13,9.6134,9.3224,9.0057,8.7931,8.891,8.9628,8.9869,8.8956,8.843,8.6215,8.6926,8.681,8.7086,9.1197,9.35,9.4408,9.4247,9.5044,9.7006,9.6085,9.509,9.3145,9.2032,9.0675,9.0951,9.1977,8.9477,9.075,9.0081,8.9327,8.6387,8.2795,8.2809,7.953,8.1681,8.1877,8.1972,8.0906,8.1215,7.9721,8.1136,8.2768,8.4644,9.2776,9.4356,9.3834,9.5249,9.3294,9.517,9.3994,9.3488,9.3289,9.1116,9.2161,9.4037,9.2887,8.9231,9.0081,9.5523,9.3211,8.9762,8.8167,8.5604,8.3682,8.4499,8.388,8.3598,8.3797,8.3462,8.287,8.3714,8.3008,8.626,8.7324,8.912,8.9876,9.1397,9.2611,9.4471,9.3932,9.3006,9.3033,9.3517,9.5435,9.5661,9.5435,9.4033,9.5523
11.364,0.283,2.3242,9.8254,13.337,12.836,11.986,12.587,14.433,14.996,15.025,17.376,17.167,15.798,15.846,14.121,7.2727,11.867,14.157,15.87,14.121,14.433,16.411,15.965,17.947,14.433,13.293,14.157,11.147,12.431,8.6081,10.283,10.453,11.422,14.433,13.206,12.431,11.986,12.431,11.986,11.422,11.147,10.283,8.6081,7.2727,3.2933,0.283,8.6081,8.8563,11.986,11.927,12.787,12.836,11.927,13.161,10.928,10.453,9.8254,9.3139,11.927,10.928,23.699,23.451,25.87,26.461,25.711,25.294,25.103,25.641,24.581,23.472,24.365,24.657,23.451,22.703,20.386,17.962,18.975,19.368,19.825,18.582,19.748,20.453,19.325,19.577,16.216,15.442,19.484,16.815,19.738,17.902,12.294,13.409,12.953,12.539,12.183,12.034,12.095,12.008,12.056,12.073,11.906,11.823,11.694,11.607,11.936,12.086,12.737,12.654,12.699,12.759,12.643,12.563,12.625,12.431,12.278,12.161,12.117,12.125,11.931,12.294,12.141,12.067,11.728,11.71,11.425,11.297,11.224,11.261,11.188,11.211,11.408,11.157,11.036,11.263,11.709,12.334,12.535,12.762,12.579,12.367,12.481,12.368,12.245,12.236,12.255,12.03,12.278,12.26,12.137,12.141,12.719,12.467,12.203,11.976,11.763,11.605,11.524,11.448,11.452,11.496,11.45,11.435,11.422,11.333,11.744,11.854,12.028,12.186,12.359,12.494,12.439,12.355,12.423,12.362,12.458,12.562,12.642,12.579,12.43,12.719
11.384,2.8734,3.331,9.8631,12.625,12.625,11.184,12.469,14.403,14.945,15.479,16.276,17.169,15.61,16.341,13.705,8.894,13.199,14.3,15.178,14.47,14.159,16.341,16.254,17.205,14.3,12.625,13.501,11.184,11.393,9.8631,10.491,10.965,13.199,13.199,12.625,12.825,11.46,12.873,10.491,11.656,11.904,11.46,9.4588,7.4807,5.3722,4.4704,8.6458,9.8631,11.964,10.491,12.625,12.825,12.625,11.904,10.233,8.6458,11.964,10.491,12.625,10.965,23.387,22.95,25.618,25.991,25.378,25.198,25.331,25.771,25.34,24.097,24.93,24.49,22.701,23.176,20.663,18.846,19.775,19.605,19.785,18.49,19.264,20.188,19.001,19.448,15.884,16.003,18.918,16.775,19.815,18.45,11.359,11.757,11.692,11.24,10.879,10.942,10.856,10.902,10.92,10.882,10.777,10.641,10.575,10.51,10.736,11.165,11.467,11.498,11.51,11.565,11.624,11.559,11.494,11.338,11.183,11.221,11.035,11.077,11.102,11.359,10.842,10.533,10.469,10.317,10.068,9.9745,9.7709,10.009,10.032,9.8835,10.027,9.8017,9.9356,9.9211,10.408,11.68,11.236,11.353,11.215,11.275,11.153,11.044,10.951,11.068,10.967,10.621,11.123,10.861,10.781,10.842,11.418,11.176,10.889,10.702,10.488,10.301,10.289,10.204,10.218,10.225,10.201,10.184,10.18,10.197,10.515,10.645,10.785,10.976,11.053,11.198,11.221,11.179,11.157,11.108,11.194,11.413,11.43,11.443,11.213,11.418
11.404,0.29493,4.4447,10.207,13.305,11.938,11.998,11.434,14.672,15.977,15.008,17.285,17.285,15.977,15.977,13.95,11.367,13.348,14.641,16.423,14.919,15.454,16.749,15.977,16.827,14.133,12.799,12.336,9.3258,11.879,9.3258,11.938,11.434,12.848,13.836,11.434,12.599,10.465,12.599,12.799,10.295,11.434,9.8374,8.3567,7.2846,7.2846,2.8477,7.9292,10.465,10.548,11.367,11.159,12.599,10.548,11.998,9.3258,8.9872,11.998,10.548,11.998,11.434,22.924,23.412,25.414,26.143,25.563,25.934,25.175,25.863,25.414,23.305,24.55,24.115,22.675,23.078,20.803,19.589,19.589,19.337,19.759,18.928,19.589,20.338,18.975,18.987,16.423,15.61,18.148,16.904,19.238,17.959,9.0689,9.5133,9.0992,8.7407,8.3071,8.2841,8.3569,8.4525,8.428,8.5331,8.3312,8.2564,8.2049,8.1301,8.4506,8.6388,9.1079,9.2359,9.2066,9.2598,9.237,9.2527,9.1799,9.1198,9.0451,9.0552,9.0754,8.8587,8.9638,9.0689,8.0814,7.8999,7.5704,7.5516,7.4685,7.1469,7.3841,7.0888,7.2603,7.5448,7.1465,7.3186,7.5082,7.2342,7.7456,8.2569,8.3878,8.6917,8.4986,8.7317,8.5483,8.4023,8.4167,8.2558,8.4687,8.4932,8.2192,8.3886,8.0015,8.0814,8.6637,8.4249,8.1505,8.0142,7.7779,7.6254,7.57,7.4947,7.5137,7.5572,7.5951,7.5607,7.5498,7.5343,7.8057,7.9245,8.1654,8.2416,8.3739,8.5186,8.5399,8.4557,8.4483,8.4549,8.6119,8.781,8.714,8.6938,8.5656,8.6637
11.424,2.8984,5.3972,9.8881,12.387,12.494,11.485,13.609,15.203,15.088,15.909,17.843,18.475,16.301,16.028,13.356,11.681,12.494,15.635,16.212,14.22,14.325,15.909,16.366,16.8,14.22,13.356,13.224,7.5057,11.209,8.6708,10.599,9.8881,11.989,14.001,12.85,11.989,11.485,11.989,10.346,12.048,10.99,11.681,8.4075,7.98,5.6605,5.6605,7.3354,10.99,11.209,11.485,12.85,12.85,12.494,12.65,10.599,9.3766,11.929,10.346,12.387,11.209,23.188,23.29,25.776,26.48,25.465,25.301,25.475,25.612,24.758,23.837,24.601,24.643,22.898,22.942,20.72,18.671,19.484,19.955,19.344,18.069,19.81,20.24,19.907,19.222,16.366,15.66,18.367,16.301,19.965,18.213,9.2794,9.8566,9.3266,8.9765,8.5572,8.5046,8.5372,8.8523,8.5737,8.6545,8.4652,8.3624,8.4229,8.3,8.5787,8.7574,9.2002,9.272,9.2012,9.341,9.3639,9.2975,9.2692,9.1553,9.0853,8.9283,8.9964,8.958,9.0378,9.2794,8.4576,8.2429,8.0219,7.8099,7.7055,7.3154,7.6823,7.5167,7.5434,7.5923,7.5739,7.4514,7.4382,7.5606,7.9524,8.4797,8.762,8.8844,8.9405,8.6487,8.7418,8.8155,8.6735,8.6029,8.5463,8.4735,8.5372,8.421,8.3427,8.4576,8.8884,8.6691,8.3933,8.177,7.9345,7.7801,7.8646,7.7834,7.6822,7.7418,7.763,7.682,7.7416,7.7333,7.997,7.9961,8.2437,8.3932,8.4346,8.6557,8.6831,8.6856,8.5929,8.5338,8.6701,8.7808,8.9782,8.9191,8.7304,8.8884
11.444,-1.0469,5.9428,10.786,12.8,13.902,13.186,14.072,14.516,16.606,17.31,19.06,19.06,17.032,16.912,15.237,12.071,12.933,15.788,16.317,14.546,15.604,16.625,17.42,17.79,15.313,12.227,12.976,8.9531,11.625,8.9531,8.6146,11.963,11.963,12.976,13.186,13.796,12.426,12.8,13.103,10.786,13.307,12.227,9.0604,8.2473,5.9428,5.9428,8.4956,12.426,12.8,11.062,12.933,14.779,12.475,14.268,9.9222,11.625,12.426,10.175,13.463,11.566,23.902,24.446,26.115,27.032,26.05,26.101,26.05,26.531,25.618,24.446,25.459,25.775,23.81,24.059,22.216,20.042,20.919,20.537,20.453,18.865,19.718,20.919,20.093,19.79,16.376,16.113,18.65,16.753,19.861,18.798,9.3926,9.5137,9.686,9.1578,8.7698,8.6676,8.8496,8.7733,8.8064,8.8086,8.6037,8.5449,8.4929,8.5345,8.7207,8.8494,9.3235,9.3801,9.416,9.4237,9.4628,9.3029,9.3873,9.2446,9.1362,9.0114,8.9872,9.1505,9.1064,9.3926,8.4244,8.3306,8.222,8.1937,7.7646,7.7019,7.7689,7.7099,7.6293,7.6669,7.6173,7.6421,7.721,7.9004,8.3586,8.8936,8.9649,8.9413,8.8823,8.8747,8.8905,8.7432,8.7114,8.5378,8.6742,8.447,8.5901,8.2882,8.2495,8.4244,9.1274,8.8793,8.609,8.4459,8.2173,8.0802,8.0305,7.9531,7.9335,7.9846,7.9618,7.9706,7.9131,7.9228,8.1946,8.3,8.4124,8.5523,8.7141,8.8671,8.91,8.7717,8.8221,8.7566,8.9182,9.2233,9.1615,9.0801,8.9455,9.1274
11.464,2.3975,3.3666,8.6814,11.428,11.22,12.505,12.86,15.01,16.484,16.81,17.466,17.24,15.871,15.919,14.506,11.496,13.41,14.011,14.98,14.23,15.01,16.245,15.213,16.038,13.367,11.22,10.609,9.3872,10.356,8.6814,9.4944,11.692,12.059,12.661,12.059,13.537,11.692,12.661,12.505,12,12.059,10.356,7.9906,8.4181,7.5163,2.3975,7.5163,11.001,13.367,10.356,11.496,13.234,11.692,13.279,10.356,9.8987,11.22,10.609,12.661,11.496,22.816,23.733,25.37,26.12,25.199,25.714,25.104,25.765,25.633,23.741,24.553,24.336,22.408,23.207,20.978,19.64,20.069,19.558,18.681,18.485,19.049,20.356,18.681,18.591,15.213,13.897,17.258,16.377,19.322,18.336,9.9189,10.059,9.8016,9.3755,9.1037,8.9026,9.0589,9.0776,9.0441,9.0265,8.9554,8.8025,8.7575,8.6713,8.8295,9.2918,9.4766,9.6007,9.7413,9.7096,9.7966,9.6239,9.616,9.5232,9.4987,9.4082,9.4148,9.419,9.5596,9.9189,8.9176,8.8212,8.5106,8.3334,8.0491,7.8506,7.9629,8.0539,7.857,7.9423,7.9051,7.9814,8.0137,8.1634,8.1301,9.2727,9.2394,9.1918,9.224,9.277,9.1707,9.0919,8.9833,8.9976,8.9087,8.8578,9.0001,8.5817,8.706,8.9176,9.4023,9.2121,8.8548,8.6676,8.4006,8.2362,8.2863,8.1808,8.1703,8.1721,8.2075,8.2053,8.1781,8.1697,8.4337,8.5346,8.6252,8.8009,8.9512,9.1482,9.2186,9.1182,9.1557,9.025,9.1812,9.2737,9.4517,9.4125,9.264,9.4023
11.484,0.3615,3.3718,8.6866,12.51,11.501,12.005,12.666,14.511,17.027,16.756,18.215,17.351,14.985,17.246,14.707,12.51,11.697,13.903,14.739,12.914,13.284,15.676,15.015,15.413,13.372,12.005,10.361,7.3512,9.9039,9.0538,10.361,8.9348,12.666,12.666,13.284,13.415,12.403,11.501,13.542,12.866,11.006,10.615,8.6866,9.3924,7.5215,2.9142,5.6763,10.361,11.697,12.666,11.945,13.372,11.501,12.005,11.501,10.361,12.51,9.9039,12.914,10.361,23.052,23.492,25.347,25.839,25.676,25.416,25.101,25.792,25.929,24.182,24.849,24.235,22.146,22.914,21.434,19.923,20.439,19.436,18.763,17.045,18.531,20.202,18.215,18.114,14.054,15.104,16.316,17.045,18.8,18.114,8.9862,9.7022,10.058,9.4908,9.1239,8.8202,8.8909,9.0227,8.9257,8.8278,8.6769,8.5169,8.4024,8.3649,8.6034,8.5265,8.9663,9.0666,9.1375,9.0411,9.1516,9.0171,9.0879,8.8396,8.4485,8.4541,8.5275,8.6001,8.7106,8.9862,9.1375,8.9257,8.7907,8.7209,8.2904,8.1783,8.1886,8.1743,8.0314,8.2438,8.2101,8.1006,8.4121,8.2771,8.7263,9.1026,9.4312,9.4644,9.4976,9.6076,9.6145,9.4028,9.4572,9.338,9.4285,9.3411,9.24,9.2393,9.0275,9.1375,9.5601,9.3446,9.0027,8.842,8.5544,8.4243,8.4816,8.4,8.3479,8.3406,8.3543,8.3583,8.3549,8.3542,8.6096,8.6565,8.7384,8.9924,9.0365,9.2272,9.3634,9.3051,9.2487,9.2387,9.4026,9.6077,9.6454,9.5996,9.4286,9.5601
11.504,0.69057,2.7318,7.6803,12.274,12.026,10.691,11.83,14.67,15.66,16.964,18.126,18.047,16.754,16.646,14.075,10.861,10.861,13.701,14.84,13.569,13.744,15.796,14.67,16.373,12.995,11.335,10.861,9.3829,9.8287,9.8287,10.691,11.83,12.026,13.954,13.871,13.701,12.732,11.83,12.274,10.944,12.732,11.335,9.7215,10.233,7.6803,2.7318,9.8287,10.691,12.995,12.732,13.744,13.701,12.839,14.232,10.944,11.335,12.393,9.3829,12.393,12.334,22.907,24.007,25.998,26.579,25.745,25.98,25.499,25.897,25.359,23.808,24.78,24.763,22.985,23.195,20.734,19.016,19.464,18.977,18.86,17.68,18.295,19.765,18.558,18.078,14.564,14.67,17.998,17.8,19.634,18.355,9.1636,10.074,9.8771,9.6802,9.2384,9.2865,9.214,9.2145,9.1953,9.0061,8.8735,8.6458,8.5942,8.4257,8.7941,8.6913,9.2798,9.2804,9.2079,9.3049,9.3755,9.2783,9.2613,9.0412,8.9064,8.8714,8.8821,9.0477,8.7964,9.1636,9.3529,9.2802,9.0618,8.8981,8.6201,8.3676,8.4923,8.4926,8.4199,8.5011,8.3475,8.2336,8.7388,8.5418,8.9503,9.3967,9.8744,9.9299,9.6677,9.8575,9.8825,9.6432,9.6987,9.4576,9.4723,9.3774,9.4201,9.2231,9.026,9.3529,9.8176,9.6188,9.2829,9.0886,8.8236,8.674,8.7252,8.5728,8.6053,8.5852,8.5816,8.5424,8.5431,8.5329,8.7983,8.8076,9.0159,9.1516,9.3418,9.5013,9.6295,9.5357,9.4875,9.4857,9.5503,9.7692,9.9096,9.7834,9.6523,9.8176
11.524,-3.9335,3.0562,7.2059,10.299,11.185,12.599,11.381,14.67,16.597,16.93,18.738,18.447,16.174,16.441,14.196,13.43,12.141,14.025,15.609,14.196,13.587,16.174,15.015,16.5,14.025,12.087,10.046,7.6802,11.689,11.381,12.194,10.909,14.025,15.361,14.196,13.738,13.92,14.788,14.423,12.35,12.968,12.599,10.69,10.216,7.6802,8.6192,10.046,12.55,13.309,11.381,13.056,13.884,12.968,13.701,12.087,10.046,13.227,12.35,12.194,12.924,23.442,24.607,25.761,26.433,26.403,26.411,25.784,26.576,26.568,24.759,25.35,24.759,22.304,23.309,21.707,19.665,20.046,19.51,18.956,18.067,18.738,20.089,18.534,18.215,15.361,15.912,18.175,18.012,19.914,19.34,10.014,10.182,10.294,9.83,9.6639,9.5653,9.6299,9.6621,9.6334,9.5034,9.4153,9.2573,9.1617,9.088,9.3036,9.5653,9.9052,10.073,10.061,9.9622,10.141,10.131,10.052,9.9553,9.78,9.7678,9.7936,10.186,9.9862,10.014,9.6522,9.4933,9.2251,9.0073,8.7808,8.6706,8.7797,8.6848,8.6799,8.7189,8.7586,8.9014,8.7811,8.8097,9.2086,9.4345,10.183,10.089,10.19,10.044,9.9685,9.9315,9.7525,9.954,9.7163,10.001,9.6246,9.7198,9.5747,9.6522,10.029,9.7799,9.4996,9.3104,9.0489,8.9066,8.9059,8.7989,8.7927,8.7863,8.817,8.7608,8.7639,8.7469,9.0951,9.1237,9.2768,9.4682,9.4964,9.7308,9.8289,9.7164,9.7563,9.8132,9.9646,10.096,10.231,10.038,9.8651,10.029
11.544,3.0382,-6.9618,7.1879,9.166,11.671,12.906,11.167,14.652,17.881,17.895,18.72,18.553,16.858,17.188,14.178,13.081,13.081,14.374,15.894,13.412,14.77,15.983,15.71,16.637,14.374,13.209,10.672,9.166,11.167,12.069,12.176,10.891,13.866,14.178,13.866,15.133,13.902,14.007,14.682,13.081,14.652,12.581,9.0588,9.5703,7.6622,9.0588,9.9402,12.332,13.209,13.209,14.77,14.178,12.332,14.652,10.891,9.5703,12.581,13.038,13.412,12.332,23.444,24.181,25.564,26.189,26.393,26.409,25.542,26.55,26.423,24.848,25.147,24.415,22.718,23.209,21.395,19.281,20.426,19.492,19.492,17.751,19.07,20.198,17.525,18.157,15.187,15.591,17.881,17.018,20.105,18.708,8.9626,9.8851,10.683,10.19,9.7577,9.5646,9.6227,9.6211,9.6088,9.438,9.1649,9.0504,8.8996,8.7205,8.9306,8.97,9.3713,9.5313,9.6297,9.4109,9.343,9.4043,9.3049,9.0962,9.0239,8.7916,8.7901,8.8996,8.7012,8.9626,9.7111,9.7435,9.4839,9.4393,9.1459,8.977,8.7174,8.9608,8.8967,8.9869,8.9763,9.0704,9.0433,8.8744,9.4076,9.9653,10.26,10.014,10.119,10.341,10.195,9.9344,9.9549,9.7796,9.7844,9.9884,9.8195,9.8304,9.5118,9.7111,10.23,9.9955,9.6942,9.5561,9.3353,9.1555,9.065,8.9819,9.0058,8.9462,9.0264,9.0754,9.0359,8.9274,9.3104,9.2966,9.4477,9.6735,9.901,10.015,10.067,9.9781,9.9935,9.9735,10.26,10.45,10.378,10.266,10.059,10.23
11.564,2.1691,0.12786,5.4427,10.381,11.267,9.1588,12.276,15.233,16.83,17.516,18.616,19.126,17.563,17.762,14.505,12.432,13.138,15.642,15.417,14.87,14.841,16.793,15.994,17.371,15.287,12.432,13.006,8.1897,12.276,11.463,12.169,11.771,13.391,14.782,14.107,14.87,13.966,13.391,13.391,13.138,13.391,11.771,11.267,10.298,8.453,4.2776,8.453,11.2,12.632,12.632,14.841,14.87,13.512,14.278,12.432,13.512,13.783,10.298,13.308,12.632,23.89,23.966,26.159,26.889,26.321,26.438,25.866,26.387,25.185,24.128,24.8,24.655,22.97,23.456,21.314,18.713,19.592,19.96,19.004,17.762,19.775,20.128,19.17,18.808,14.474,15.179,18.902,17.851,20.373,18.855,7.7916,9.5637,9.378,8.8535,8.5791,8.3722,8.4629,8.3111,8.2461,8.1351,7.9638,7.7411,7.5706,7.4635,7.6965,7.8597,8.164,8.2703,8.1718,8.1295,8.2069,8.1599,8.0451,7.8547,7.667,7.734,7.6201,7.7759,7.6242,7.7916,8.7276,8.5241,8.2032,8.1111,7.7657,7.8142,7.7484,7.7862,7.7746,7.8124,7.8502,7.6902,8.0007,7.8333,8.4258,8.5284,9.0257,9.0302,9.0166,9.1079,8.9291,9.0284,8.9047,8.892,8.9945,8.9687,8.8417,8.7843,8.5439,8.7276,8.9472,8.7504,8.4517,8.2659,8.014,7.8102,7.8546,7.737,7.6997,7.7235,7.6869,7.6991,7.6862,7.6703,7.9101,8.088,8.1823,8.3437,8.3845,8.6051,8.716,8.63,8.6531,8.565,8.746,9.064,9.0714,8.865,8.7814,8.9472
11.584,-6.8776,-3.8673,7.1018,12.417,12.616,11.447,11.696,14.766,16.386,16.644,18.347,19.25,17.746,17.102,13.804,12.261,11.252,14.766,16.777,14.091,15.978,15.978,16.815,18.133,14.736,12.417,13.293,8.8044,12.417,11.252,12.417,12.261,14.736,15.401,15.218,13.95,13.375,13.804,13.166,10.976,12.616,13.166,12.616,11.756,7.2721,7.1018,8.6854,10.282,12.99,12.665,13.653,13.767,13.497,15.271,12.417,10.282,12.99,10.112,13.804,11.756,23.804,23.493,26.539,27.683,26.152,26.429,26.012,26.29,25.337,23.737,24.13,24.721,23.804,23.021,20.846,19.077,19.197,19.186,19.788,17.355,19.011,19.655,19.655,18.804,15.503,15.978,19.25,17.222,20.997,18.839,7.6499,10.53,9.6247,9.0025,8.7327,8.4529,8.4362,8.6012,8.42,8.2948,8.0099,7.7023,7.7105,7.5699,7.7164,7.7628,8.0516,8.2731,8.0575,7.9965,8.1721,8.1812,7.9795,7.7958,7.5704,7.3151,7.3277,7.4889,7.4692,7.6499,8.9508,8.6853,8.5055,8.3326,8.1009,7.8692,7.9158,7.9939,7.8599,7.8186,8.0548,7.9503,8.045,7.9453,8.3377,8.694,9.2477,9.2134,9.2026,9.0163,9.173,9.2552,9.137,9.0861,8.7464,8.9308,8.9199,8.9135,8.6264,8.9508,9.1658,9.0564,8.732,8.4576,8.2445,8.0132,8.0977,7.9896,7.9071,7.9719,7.9079,7.8262,7.9317,7.9506,8.2088,8.2116,8.3702,8.5578,8.6293,8.7326,8.9606,8.9521,8.8603,8.7831,9.0255,9.2018,9.285,9.3248,9.0001,9.1658
11.604,-3.8652,0.11424,9.1451,11.817,13.168,12.419,12.667,14.094,16.568,16.666,19.08,19.608,17.982,17.291,14.738,12.155,13.655,15.084,16.817,14.197,15.403,16.388,16.178,17.793,15.273,12.209,12.992,9.2524,12.263,11.45,11.758,11.254,14.971,14.492,14.492,14.492,13.655,13.988,14.094,12.618,13.952,13.125,12.155,11.186,7.2743,5.6773,8.4393,12.155,12.992,12.419,13.769,13.769,13.378,14.827,12.419,12.667,12.667,12.419,13.988,12.155,23.059,23.799,26.12,27.197,26.212,26.146,26.231,26.412,25.388,24.114,25.133,24.675,22.786,23.168,21.027,19.112,20.432,20.114,19.252,17.968,18.888,19.982,18.712,18.602,15.796,15.796,17.968,16.998,20.359,19.199,9.0769,9.9758,9.7676,9.4028,9.1291,8.7445,8.9348,9.0103,9.0296,8.8403,8.6369,8.4523,8.3941,8.3214,8.435,8.6316,8.9536,9.1782,9.0586,9.0478,9.2344,9.1385,9.1089,8.8833,8.6815,8.5839,8.7429,9.0636,8.8554,9.0769,9.1667,8.8588,8.6221,8.5984,8.2951,8.1676,8.2344,8.1762,8.192,8.2134,8.2248,8.1513,8.2577,8.3641,8.7367,8.7187,9.5337,9.537,9.2251,9.3512,9.5931,9.4021,9.2889,9.1867,9.2132,9.2428,9.1693,9.1989,8.9696,9.1667,9.4803,9.3004,8.9317,8.7582,8.4545,8.2886,8.4152,8.2871,8.194,8.2314,8.2106,8.171,8.2532,8.2378,8.5305,8.5366,8.6722,8.9095,8.9478,9.1757,9.3083,9.2051,9.14,9.2187,9.2877,9.5286,9.5702,9.4964,9.3728,9.4803
11.624,3.1247,-0.85472,11.254,12.263,12.419,12.263,12.619,15.429,16.047,16.999,18.7,19.08,17.793,17.838,14.264,12.419,13.168,14.46,16.305,15.429,15.273,16.388,16.945,17.734,14.264,12.619,13.168,7.7487,13.807,12.419,12.667,12.156,14.768,15.677,13.295,14.46,13.988,14.264,12.992,13.295,13.655,13.295,12.156,10.978,8.4395,5.4292,8.8067,12.419,13.378,11.254,13.655,13.295,13.769,14.094,12.419,10.285,15.796,10.759,14.094,12.263,23.632,23.402,26.533,27.132,26.111,26.225,26.305,26.495,25.391,23.978,24.311,24.539,23.769,22.897,20.736,19.398,19.827,18.888,18.688,18.439,19.253,20.027,18.748,18.807,15.404,15.429,19.113,17.104,19.955,19.188,9.5543,9.832,9.9122,9.5706,9.3507,9.1985,9.1286,9.2825,9.3152,9.2198,8.9431,8.8284,8.6882,8.5502,8.8601,9.0171,9.2981,9.4567,9.6137,9.5483,9.5498,9.5314,9.5918,9.371,9.2141,9.0676,9.0087,9.3272,9.3243,9.5543,9.3577,9.1532,8.8438,8.7442,8.6641,8.412,8.3618,8.3724,8.4617,8.427,8.3534,8.4128,8.3327,8.5012,8.9278,8.7233,9.7143,9.4215,9.6473,9.5968,9.4501,9.5095,9.5125,9.3668,9.2654,9.477,9.3736,9.2511,9.1298,9.3577,9.6549,9.4463,9.2021,8.9722,8.801,8.5891,8.4708,8.366,8.3789,8.4356,8.3498,8.3975,8.3848,8.3275,8.6385,8.755,8.8613,9.0627,9.1154,9.3104,9.3832,9.2904,9.3717,9.3618,9.3924,9.8024,9.6861,9.6404,9.4981,9.6549
11.644,2.1347,3.1038,8.7858,11.233,11.737,11.737,11.233,14.836,16.924,17.758,19.388,18.786,17.254,17.772,15.063,12.971,13.748,15.608,16.978,14.717,15.145,16.777,15.484,17.817,15.484,11.796,11.429,10.347,13.104,11.737,11.429,11.233,14.243,15.408,13.932,15.252,12.646,14.806,15.199,14.073,13.786,13.357,11.166,11.796,9.2316,7.0832,10.093,10.738,13.357,13.104,14.073,14.439,14.243,14.243,13.147,12.598,13.478,10.093,13.357,12.242,23.211,23.733,26.029,26.662,26.392,26.488,26.284,26.624,26.114,24.349,24.914,24.621,22.289,23.104,21.063,19.788,20.264,19.232,19.221,17.529,18.867,19.961,18.419,18.821,16.114,15.775,17.947,17.591,19.587,19.221,9.7419,9.8888,10.343,9.7364,9.469,9.2263,9.3537,9.4779,9.389,9.3801,9.1771,8.9022,8.948,8.9223,9.1506,9.1079,9.6807,9.6839,9.6452,9.4779,9.8498,9.7629,9.6691,9.4818,9.3194,9.132,9.3673,9.4546,9.4161,9.7419,9.6438,9.4801,9.2952,9.0626,8.659,8.5847,8.6109,8.7244,8.7046,8.6995,8.5321,8.6569,8.7502,8.7304,9.0551,9.6243,9.7232,9.7768,9.7185,9.8118,9.9486,9.9823,9.7761,9.7331,9.7721,9.7143,9.594,9.7611,9.4398,9.6438,9.9443,9.8012,9.4329,9.2379,8.861,8.7315,8.842,8.7398,8.6674,8.638,8.6716,8.6181,8.6758,8.6647,8.9423,9.0242,9.1963,9.2389,9.3364,9.5133,9.7156,9.6673,9.6034,9.7116,9.7982,9.9107,9.9805,9.8646,9.7446,9.9443
11.664,3.1427,3.1427,7.7667,12.174,12.174,11.776,13.313,14.282,15.184,16.26,18.112,19.042,17.797,17.309,14.756,11.468,13.143,15.422,16.323,15.523,15.291,16.835,16.798,17.986,14.786,13.01,13.313,8.1942,13.517,10.132,12.281,12.637,14.112,15.291,14.756,14.875,13.787,15.184,13.825,12.437,13.825,13.396,11.272,10.996,8.4575,7.1221,10.132,12.685,13.825,12.281,12.437,14.282,14.786,15.102,12.685,11.716,14.006,13.825,14.112,13.313,23.825,23.449,26.311,27.2,26.209,26.129,26.12,26.519,25.291,23.906,24.478,24.765,23.313,22.934,20.507,18.62,19.163,19.131,18.906,17.767,18.706,19.928,18.458,19.174,15.998,15.814,19.207,17.292,20.21,18.906,9.4987,10.11,10.02,9.9052,9.5897,9.4531,9.5088,9.6569,9.6808,9.5384,9.2979,9.0919,9.0234,8.8959,9.0441,9.1742,9.5411,9.7581,9.7819,9.653,9.7428,9.6559,9.6654,9.5237,9.2965,9.1824,9.1786,9.2024,9.3202,9.4987,9.6545,9.5917,9.3658,9.1177,8.9112,8.8238,8.8507,8.7548,8.7002,8.9373,8.7371,8.8679,8.8429,8.8789,9.1497,9.2157,9.9641,10.107,10.052,9.96,9.9685,9.979,9.8926,9.8542,9.6396,9.7824,9.6941,9.6218,9.4254,9.6545,10.119,9.9193,9.6606,9.4313,9.182,9.0341,8.9711,8.885,8.8198,8.9043,8.829,8.8113,8.8255,8.8207,9.1703,9.1705,9.2952,9.5697,9.6685,9.7859,9.8512,9.8634,9.8916,9.8451,9.8792,10.077,10.161,10.154,9.9378,10.119
11.684,0.080163,3.0905,7.0699,9.9924,10.25,10.333,11.22,13.735,16.101,16.612,18.956,18.99,16.783,17.388,15.132,11.416,13.344,15.395,16.632,15.667,15.471,17.468,16.208,17.07,16.208,14.06,10.944,11.22,13.772,12.584,11.416,12.385,14.23,14.822,15.132,14.734,13.954,13.621,14.23,13.261,13.735,12.229,10.25,10.08,10.08,7.0699,12.121,12.584,14.23,12.385,14.23,14.06,13.344,12.633,12.385,13.134,13.621,12.385,13.09,13.344,22.958,23.929,25.648,26.358,26.101,26.453,25.989,26.461,26.208,24.4,24.48,24.689,22.292,23.21,21.077,18.99,20.019,19.876,19.374,17.933,18.405,20.019,18.196,18.209,15.132,16.101,18.481,17.436,20.123,18.99,9.3174,10.074,10.367,10.055,9.6864,9.4349,9.8088,9.7524,9.8447,9.674,9.3879,9.2209,9.1065,9.0036,9.2844,9.3324,9.685,9.8027,9.7842,9.7327,9.6621,9.6875,9.6005,9.4611,9.2592,8.9779,9.1802,9.2245,9.1269,9.3174,9.8705,10.031,9.5265,9.4568,9.1483,8.95,9.0567,9.0526,9.091,9.2514,8.8825,9.0154,9.1621,8.9453,9.5693,10.051,10.212,10.287,10.087,10.268,10.296,10.191,10.215,10.01,10.093,10.108,9.914,9.9048,9.6666,9.8705,10.347,10.184,9.8668,9.6598,9.3511,9.1329,9.2721,9.1759,9.0758,9.0294,9.1173,9.037,9.1462,9.1241,9.4047,9.4041,9.6362,9.8507,9.8688,10.046,10.224,10.126,10.129,10.169,10.137,10.301,10.439,10.374,10.194,10.347
11.704,0.19639,-3.783,7.3564,11.336,10.367,11.336,10.367,12.749,15.759,15.759,18.326,18.97,17.373,17.027,13.377,11.899,13.25,15.511,16.899,14.279,15.511,17.081,16.805,18.496,15.878,14.909,12.701,10.196,13.207,11.532,11.899,12.238,14.909,15.783,15.166,15.587,12.501,14.07,14.346,13.25,13.737,13.377,11.78,10.196,8.2582,7.1861,9.2273,12.238,14.346,13.737,13.207,15.355,14.07,14.85,11.899,11.532,13.889,13.377,14.346,12.345,23.484,23.64,25.934,26.939,26.134,25.913,26.049,26.406,25.4,23.959,24.733,24.516,22.943,22.754,20.135,18.521,18.496,19.27,18.97,17.552,18.889,19.739,18.97,19.227,16.26,15.587,18.597,16.748,20.064,18.365,13.29,13.811,13.67,13.263,12.998,12.734,13.112,13.045,13.101,13.016,12.696,12.625,12.484,12.397,12.781,12.87,13.192,13.368,13.403,13.263,13.396,13.286,13.301,13.095,12.918,12.653,12.648,13.074,12.847,13.29,13.199,12.945,12.833,12.66,12.258,12.169,12.138,12.196,12.275,12.295,12.173,12.087,12.329,12.232,12.418,13.106,13.615,13.659,13.649,13.494,13.472,13.406,13.47,13.247,13.03,13.155,13.152,13.196,12.919,13.199,13.595,13.36,13.107,12.893,12.592,12.441,12.363,12.267,12.19,12.243,12.18,12.242,12.226,12.204,12.614,12.603,12.869,13.016,13.147,13.256,13.357,13.248,13.336,13.2,13.347,13.448,13.495,13.456,13.341,13.595
11.724,0.16344,-6.8263,5.2149,9.7059,10.334,11.303,10.163,12.716,14.246,15.478,17.798,18.293,17.887,16.291,12.259,12.205,12.468,14.313,16.118,14.509,15.726,16.772,17.012,17.798,15.751,14.037,13.041,9.3016,12.468,11.303,12.312,13.818,14.817,15.453,13.818,15.021,14.787,13.344,11.807,12.668,13.217,11.866,11.807,11.236,7.7977,7.1531,8.4885,13.427,14.002,11.747,13.548,14.541,14.313,14.037,12.668,11.807,14.037,11.747,14.313,13.344,23.264,23.361,26.096,27.325,25.927,25.751,25.614,26.502,25.282,23.926,24.687,24.772,23.041,23.108,20.031,18.143,18.761,19.162,19.194,17.519,18.761,19.458,19.04,19.458,15.751,15.845,18.398,16.618,19.657,18.489,8.8151,8.9134,9.4753,8.9301,8.4404,8.5387,8.7234,8.8217,8.9199,8.7732,8.5561,8.305,8.1912,8.235,8.3645,8.4628,8.7798,9.1406,8.9701,9.063,9.0582,9.0239,8.933,8.7683,8.4335,8.3532,8.4063,8.4904,8.5962,8.8151,8.8286,8.8897,8.6783,8.4091,8.1659,8.0927,8.0458,8.0688,8.0649,7.9638,7.8578,7.8895,7.85,8.0435,8.2153,8.5046,9.1599,9.1889,9.2341,9.001,9.0593,8.9714,8.9626,8.9445,8.8476,8.7464,8.8493,8.7068,8.7399,8.8286,9.3792,9.2085,8.9013,8.6509,8.3875,8.1765,8.2646,8.1148,8.038,8.0906,8.0611,7.9654,8.006,8.0785,8.3432,8.3087,8.6365,8.8394,8.7793,8.9421,9.2058,9.1374,9.0675,8.973,9.0949,9.2219,9.3195,9.3082,9.1315,9.3792
11.744,0.1653,0.1653,6.1859,11.305,11.501,10.336,10.336,11.305,14.819,16.356,17.521,18.227,16.293,15.847,12.718,12.314,12.206,14.315,16.054,14.315,15.324,16.717,16.849,18.145,15.728,13.55,12.47,9.3034,13.043,11.237,12.669,12.47,14.907,15.68,14.789,15.023,14.819,14.145,13.176,12.669,12.669,12.314,9.3034,11.809,7.7996,5.2168,10.165,13.176,13.55,13.429,14.315,14.759,13.857,13.82,12.718,13.176,13.219,11.868,13.55,12.26,22.718,23.383,25.929,26.83,26.162,26.1,25.959,26.408,25.329,23.971,24.878,24.674,22.87,22.761,20.443,19.131,18.465,18.763,19.075,17.473,19.239,20.006,19.449,19.659,16.229,16.356,18.281,16.62,19.164,18.4,9.1105,9.0468,9.6266,9.2237,8.9968,8.7437,8.9287,9.0449,9.0737,9.0974,8.8443,8.5619,8.467,8.3159,8.5887,8.9575,8.963,9.3454,9.3827,9.3291,9.2791,9.2508,9.2124,9.0591,8.8893,8.6534,8.7231,8.8469,8.9489,9.1105,9.3413,9.1243,8.8715,8.7148,8.3379,8.3153,8.2202,8.1163,8.2292,8.2471,8.3701,8.2774,8.2899,8.3291,8.9274,9.1235,9.5581,9.6331,9.5738,9.3518,9.5257,9.4412,9.4298,9.4041,9.2784,9.2494,9.2821,9.1387,9.0562,9.3413,9.6047,9.4118,9.165,8.9278,8.6861,8.5456,8.4556,8.3766,8.3247,8.414,8.3441,8.327,8.327,8.255,8.626,8.6566,8.9125,9.0486,9.1488,9.3447,9.368,9.3229,9.3633,9.3406,9.3291,9.6114,9.6027,9.4442,9.4965,9.6047
11.764,2.8454,2.3878,6.9951,10.48,8.9732,10.975,9.8351,12.339,14.692,15.723,17.012,18.323,16.737,15.856,14.489,10.975,11.479,15.124,16.367,14.692,15.723,16.367,16.945,17.801,15.124,13.917,13.985,10.088,13.376,11.876,11.17,12.845,15.15,15.517,14.548,14.459,14.213,13.985,13.376,10.975,12.713,13.098,9.8351,10.48,10.005,6.8248,10.975,11.984,13.917,11.984,12.713,14.804,13.814,15.856,11.984,11.876,13.527,10.907,14.994,12.388,22.889,23.07,25.794,26.635,25.717,25.687,25.305,25.681,25.132,23.535,24.001,24.235,22.845,22.618,20.233,18.07,18.236,18.36,19.3,17.688,19.129,20.48,19.119,19.24,16.666,15.899,17.688,16.538,18.609,17.191,9.2604,9.5296,9.9231,9.5455,9.0568,8.876,9.2007,9.3749,9.1987,9.1774,8.9452,8.7158,8.6394,8.6248,8.931,8.8969,9.3275,9.5596,9.507,9.4157,9.3944,9.4252,9.3102,9.2182,8.9837,8.7892,8.861,8.9074,8.9247,9.2604,9.5544,9.2591,9.0017,8.8893,8.7057,8.407,8.5048,8.483,8.4904,8.4891,8.5397,8.4874,8.7154,8.7618,8.777,9.7095,9.8945,9.8579,9.7763,9.6948,9.759,9.699,9.613,9.6006,9.519,9.5379,9.6119,9.6171,9.3142,9.5544,9.8685,9.6535,9.4012,9.1477,8.9077,8.7268,8.7203,8.6254,8.5763,8.6014,8.5869,8.5828,8.6111,8.5811,8.9008,8.9819,9.1094,9.325,9.409,9.544,9.663,9.6588,9.6636,9.4864,9.5294,9.6993,9.8216,9.8069,9.6308,9.8685
11.784,4.2975,3.1581,6.1684,11.731,10.148,11.011,11.483,13.328,15.735,16.103,18.114,17.782,16.339,16.421,14.022,11.011,11.85,14.802,16.421,15.307,16.081,17.032,16.602,18.434,15.662,14.127,13.411,10.148,12.189,12.652,11.011,14.022,15.253,16.103,15.253,14.022,13.689,14.022,12.701,13.158,12.296,12.452,9.6902,10.148,9.6902,7.1375,10.148,13.532,13.026,13.158,14.127,15.253,13.328,15.117,12.652,11.287,14.23,11.22,14.772,12.189,23.026,23.544,26.162,26.83,26.316,25.863,25.73,26.415,25.07,24.068,24.672,24.708,22.99,22.768,20.016,18.383,18.921,18.921,19.442,18.277,18.828,20.679,19.146,19.861,16.168,15.711,17.583,16.756,19.113,17.324,9.1417,9.4722,10.211,9.5587,9.2283,9.091,9.238,9.3925,9.3487,9.2841,9.0642,8.8944,8.8445,8.7368,8.9647,8.9574,9.6287,9.7017,9.5936,9.5726,9.4947,9.3968,9.4606,9.2021,8.9673,8.8737,8.8704,9.1021,9.0934,9.1417,9.6441,9.4625,9.3715,9.1186,9.0083,8.736,8.5785,8.5541,8.7455,8.7438,8.5934,8.5992,8.8045,8.8027,9.0848,9.5087,9.9706,10.08,9.9745,10.069,9.8497,9.8479,9.8637,9.7708,9.8617,9.7825,9.7253,9.5437,9.4208,9.6441,10.107,9.9481,9.6343,9.4356,9.1619,8.9576,8.9507,8.865,8.8314,8.8439,8.8099,8.8011,8.7906,8.7725,9.0992,9.1868,9.4255,9.642,9.6834,9.9517,9.8328,9.9364,9.8536,9.788,9.9532,9.959,10.035,9.942,9.9718,10.107
11.804,-0.88814,3.0913,8.406,11.724,10.081,11.416,10.334,12.585,15.396,15.396,18.047,16.911,15.644,16.272,14.06,10.334,12.634,14.823,16.476,15.595,15.186,16.911,16.355,17.516,15.472,14.163,12.959,11.22,13.622,12.959,13.134,12.385,14.675,15.396,14.231,14.427,13.091,13.919,13.773,13.773,13.955,12.585,9.2191,10.334,5.3957,2.6337,11.22,12.385,13.736,12.385,14.705,15.472,13.736,14.06,10.334,11.724,14.06,10.081,13.622,13.466,23.299,24.029,25.844,26.763,26.259,26.565,26.19,26.51,25.947,24.313,25.138,24.088,22.658,22.739,20.763,18.855,20.124,19.123,19.913,18.406,19.375,20.945,19.112,19.575,16.746,15.186,17.437,15.595,19.046,17.578,8.1163,8.9653,8.6303,8.486,7.869,7.8558,7.8598,8.1067,8.1885,8.0722,7.9308,7.8933,7.6963,7.7043,7.8234,7.8925,8.3763,8.6145,8.6756,8.4821,8.4508,8.4532,8.4415,8.2476,8.0509,7.9453,8.1054,8.09,8.0228,8.1163,8.5362,8.2629,7.9358,7.9041,7.7013,7.4297,7.5779,7.4694,7.4164,7.5567,7.5944,7.4802,7.6777,7.8163,8.3181,8.6081,9.0188,8.9696,9.023,8.9588,8.9859,8.8294,8.8313,8.6397,8.9894,8.8874,8.674,8.6035,8.5616,8.5362,8.952,8.7298,8.438,8.2422,7.956,7.7796,7.7874,7.6473,7.6561,7.708,7.6526,7.7104,7.6509,7.6173,7.9357,8.0229,8.3211,8.4437,8.6074,8.7046,8.7775,8.6961,8.6784,8.6664,8.7031,8.8591,8.8553,8.92,8.8267,8.952
11.824,2.3213,4.4298,8.8534,12.585,12.585,12.585,13.972,13.334,15.595,15.569,18.26,18.148,16.235,16.471,13.821,11.615,13.461,14.658,17.27,14.904,15.249,17.27,16.831,17.884,14.993,13.972,13.543,10.28,13.972,13.821,11.983,13.334,14.904,15.569,14.362,14.904,14.259,14.259,14.118,12.321,13.158,12.429,9.4182,9.8225,5.5949,7.2698,11.615,13.461,15.022,12.429,14.43,15.843,14.154,14.904,12.833,12.585,13.821,13.334,14.626,12.784,23.543,24.446,26.548,27.285,26.879,26.74,26.408,26.643,26.337,25.249,25.505,25.569,23.158,23.229,21.277,19.054,20.148,20.076,21.158,18.567,20.323,21.256,20.219,19.685,16.983,15.595,17.44,16.213,19.245,17.715,8.5296,8.8762,8.8321,8.6675,8.1306,8.1846,8.4543,8.3106,8.3875,8.3222,8.1853,7.9849,7.9171,7.9444,8.2244,8.2945,8.7908,8.7886,8.7161,8.7376,8.6991,8.7771,8.649,8.4741,8.3978,8.1886,8.2569,8.4356,8.2496,8.5296,8.7012,8.5251,8.3244,8.1415,7.8999,7.5751,7.7384,7.6387,7.7188,7.7989,7.6538,7.6687,7.4271,7.7598,8.0849,9.0272,9.1724,9.2738,9.0549,9.0987,9.2655,8.9684,8.9579,8.7482,8.8871,8.8904,8.8009,8.7255,8.6292,8.7012,9.2402,9.045,8.6809,8.4322,8.1237,7.9799,8.0401,7.9971,7.9014,7.904,7.932,7.8623,7.9037,7.8742,8.185,8.2131,8.484,8.6239,8.6512,8.9343,8.9897,8.937,8.902,8.7987,8.8604,9.0416,9.1072,9.1386,8.975,9.2402
11.844,-0.53734,0.43176,8.4936,10.344,12.134,11.767,11.571,12.473,14.27,15.747,17.262,17.334,16.114,15.056,13.31,11.295,13.695,15.145,16.298,15.721,15.747,16.964,17.421,17.334,16.114,13.816,13.973,9.9742,14.087,12.736,11.767,12.015,15.145,15.59,14.411,15.056,13.612,12.473,12.936,11.571,13.31,12.936,7.4215,9.4627,5.9948,4.5815,10.432,13.612,14.411,12.473,14.27,14.124,14.411,16.114,12.134,11.571,14.777,12.473,13.816,13.973,23.274,23.695,26.641,27.36,26.34,26.277,25.946,26.496,25.939,24.687,25.252,25.005,23.532,23.337,20.774,19.017,19.896,20.264,20.602,18.757,19.726,20.709,20.344,19.57,16.452,15.483,17.28,15.289,18.494,18.036,8.8651,8.9676,9.2119,8.9926,8.6081,8.309,8.6009,8.579,8.6815,8.6808,8.5034,8.3453,8.433,8.2872,8.5182,8.8077,9.0049,9.229,9.1019,9.02,9.1146,9.1139,9.0745,8.8552,8.6126,8.5887,8.7274,8.9052,8.6272,8.8651,8.896,8.9181,8.5302,8.3619,8.0699,7.9681,8.0015,7.903,7.9171,8.0454,8.0654,8.034,8.038,8.2788,8.3778,9.1377,9.5029,9.4775,9.3791,9.2981,9.3971,9.3717,9.1313,9.2155,9.1261,9.1928,9.0906,9.0864,8.8939,8.896,9.4933,9.2643,8.9141,8.686,8.4259,8.2583,8.3138,8.2232,8.1727,8.1858,8.1877,8.1284,8.1316,8.1746,8.4919,8.6151,8.7404,8.9972,9.0135,9.0962,9.2001,9.1873,9.1252,9.018,9.1533,9.2572,9.3612,9.3884,9.2474,9.4933
11.864,-3.6948,-3.6948,4.4343,8.6097,11.424,11.868,11.424,10.285,15.027,13.939,16.95,15.848,13.338,14.434,11.987,11.424,11.62,14.434,15.336,14.264,14.434,15.799,15.254,16.95,14.264,13.548,12.433,10.455,12.837,12.38,11.148,12.837,11.987,14.264,13.207,14.264,12.837,11.868,14.158,11.987,13.548,11.424,8.6097,8.3464,4.4343,5.5994,11.424,12.789,12.837,12.837,13.207,13.465,11.987,13.548,12.837,12.589,12.837,10.929,11.928,13.295,22.293,23.803,24.956,25.821,25.852,26.166,25.204,26.222,26.494,24.611,25.506,24.26,21.53,22.26,20.362,19.25,20.472,19.739,19.423,18.414,19.058,20.627,18.138,18.519,14.909,14.662,16.217,16.15,17.274,16.893,8.7623,9.331,9.7024,9.1427,8.8054,8.4644,8.7669,8.6746,8.7745,8.7637,8.547,8.4135,8.4189,8.4263,8.7055,8.7783,8.9777,9.1304,9.1111,8.8945,9.2658,9.1516,8.9942,8.8964,8.5966,8.5653,8.5162,8.6076,8.5153,8.7623,9.109,9.1266,8.7564,8.5576,8.1642,8.1305,8.2008,8.309,8.1861,8.0471,8.1755,8.1159,8.2717,8.5986,8.9731,9.2019,9.6532,9.5421,9.4235,9.3518,9.4601,9.4439,9.1981,9.3265,9.0696,9.101,9.286,9.1312,8.8959,9.109,9.7426,9.5381,9.1076,8.9506,8.5973,8.4518,8.5947,8.5199,8.4339,8.3698,8.4041,8.3523,8.4239,8.4588,8.7479,8.8411,8.9732,9.1521,9.1617,9.337,9.5404,9.4723,9.3422,9.3485,9.3709,9.4593,9.6944,9.7502,9.6131,9.7426
11.884,-3.6873,-6.6976,3.3024,9.8345,9.8345,11.628,10.545,13.215,14.272,14.638,15.581,15.344,14.442,14.886,13.17,10.292,11.936,12.387,14.442,13.17,13.346,16.356,15.005,16.483,12.845,13.17,12.796,11.432,12.597,12.845,11.628,12.333,13.677,13.17,13.677,13.947,13.17,13.473,13.555,11.432,12.441,11.156,7.9264,6.3127,3.3024,6.3127,11.156,12.597,13.555,12.796,12.441,14.916,13.473,14.638,10.462,11.432,13.215,11.432,13.302,13.17,22.571,23.977,25.66,26.584,25.683,26.138,25.303,26.297,25.898,23.936,24.804,24.268,22.678,22.55,20.974,19.323,19.757,18.693,19.42,17.789,18.925,19.835,18.579,18.145,15.149,14.272,15.974,15.581,18.258,16.746,8.1144,7.8866,9.6933,9.4655,9.0959,8.7914,8.8257,8.8763,8.8284,8.6657,8.5878,8.4289,8.3985,8.2951,8.4345,8.625,8.756,8.9549,8.8515,8.9176,8.9574,8.9289,8.7667,8.5712,8.4678,8.2854,8.2491,8.3725,8.0971,8.1144,9.2891,9.1703,8.9444,8.8246,8.5533,8.4712,8.289,8.658,8.5434,8.5887,8.5487,8.3732,8.6488,8.3945,9.1262,9.5741,9.7516,9.8654,9.7294,9.8142,9.7348,9.7086,9.6517,9.5037,9.6512,9.5287,9.4575,9.3863,9.2083,9.2891,9.9608,9.7384,9.3947,9.2045,8.9246,8.7485,8.8258,8.7125,8.6995,8.6432,8.7144,8.6813,8.6722,8.6331,8.9912,9.0721,9.2297,9.334,9.4501,9.5983,9.6787,9.6722,9.6179,9.5719,9.5145,9.8958,10.017,9.9886,9.8432,9.9608
11.904,0.41926,-6.5704,6.4399,11.559,9.5574,10.672,11.283,13.6,14.797,14.111,17.028,16.101,15.043,15.734,12.923,10.419,12.724,14.569,14.399,12.923,14.569,15.132,15.161,17.25,14.399,12.063,12.972,11.283,13.473,12.46,11.559,11.283,13.6,13.96,13.6,15.389,12.568,14.074,13.683,12.514,13.342,11.755,9.1116,7.409,7.409,8.4811,11.559,13.683,14.074,14.569,15.043,15.81,14.399,14.797,13.297,12.923,12.568,13.43,14.293,12.46,23.257,24.225,26.09,27.001,26.451,26.553,25.726,26.814,26.354,24.844,25.231,25.316,23.297,23.417,21.101,20.539,20.762,20.278,19.45,18.706,18.654,20.672,19.295,19.147,15.161,15.132,17.122,16.483,18.588,18.273,8.3617,10.042,10.152,9.7433,9.2965,8.9171,9.0743,8.9692,8.9967,8.9363,8.7894,8.5535,8.4152,8.5053,8.6334,8.7904,9.0034,9.1347,8.9784,8.8136,9.2848,9.1138,8.9116,8.7857,8.6351,8.4604,8.3535,8.3728,8.3513,8.3617,9.5452,9.5824,9.1164,9.0694,8.7607,8.4941,8.713,8.8293,8.7537,8.8541,8.6762,8.7433,8.9407,8.7861,9.3936,10.143,10.089,10.066,9.9899,9.9506,10.098,10.014,10.005,9.8541,9.6947,9.7082,9.8678,9.7211,9.492,9.5452,10.166,10.011,9.6037,9.4305,9.0504,8.888,9.0162,8.9078,8.8758,8.8369,8.8641,8.7647,8.8012,8.8625,9.157,9.1684,9.375,9.5407,9.5072,9.7023,9.9651,9.81,9.7066,9.6884,9.7093,9.8737,10.121,10.243,9.8573,10.166
11.924,-4.002,2.0186,7.1374,11.68,11.68,11.117,12.53,14.127,14.571,14.601,17.137,16.862,16.105,16.105,14.06,10.23,11.313,13.67,14.835,12.855,13.518,15.492,15.843,16.967,14.323,13.957,13.957,10.148,13.816,12.53,10.23,12.482,13.851,14.323,14.601,15.083,13.632,13.362,13.518,13.031,13.67,11.621,10.23,10.148,5.5404,6.9671,12.282,12.53,14.323,13.957,14.601,15.492,14.323,15.029,13.632,14.323,14.601,12.988,15.267,12.855,23.166,24.17,26.261,27.024,26.294,26.318,25.965,26.406,26.095,24.646,25.077,24.835,23.306,23.495,20.946,19.116,20.32,19.836,20.021,17.701,19.105,19.818,18.416,18.854,15.659,15.492,17.333,16.432,18.575,18.039,8.5068,10.657,10.649,10.081,9.4205,9.1741,9.3078,9.2997,9.2184,9.0716,8.9317,8.6924,8.6073,8.5436,8.7704,8.8432,8.8997,9.1365,8.9786,8.8952,9.0413,9.1291,8.954,8.8129,8.5306,8.2599,8.1962,8.2569,8.2487,8.5068,9.8689,9.6518,9.3501,9.3389,8.8452,8.7628,8.9777,8.9256,8.9849,8.9856,8.9178,8.9136,8.8964,9.2065,9.6289,10.107,10.302,10.381,10.293,10.192,10.265,10.268,10.12,10.031,9.949,9.919,9.9153,9.6909,9.6673,9.8689,10.336,10.186,9.7905,9.6318,9.2894,9.0962,9.2277,9.1035,9.057,9.0173,9.0233,8.9594,9.002,9.0113,9.33,9.3772,9.4467,9.6238,9.6821,9.9164,10.067,10.014,9.861,9.9542,9.8911,10.111,10.26,10.294,10.125,10.336
11.944,0.094401,0.094401,8.4195,12.972,13.148,14.244,13.749,14.074,16.115,16.797,17.714,17.271,16.115,16.549,15.064,12.19,12.647,13.635,14.472,14.074,14.074,15.96,15.485,16.549,14.688,13.105,13.479,10.094,11.678,11.234,12.136,13.275,14.44,14.074,13.787,14.244,12.599,12.972,13.968,12.599,14.074,13.148,8.1562,8.4195,6.115,6.115,11.43,13.358,14.074,14.074,14.244,15.146,14.244,14.718,13.148,14.472,13.787,13.968,14.718,12.972,22.936,23.933,25.253,26.405,26.578,26.748,25.368,26.617,26.867,24.703,25.776,24.519,21.826,22.69,20.625,19.656,20.138,19.136,19.179,17.729,18.394,19.89,18.115,17.847,16.368,15.253,16.489,16.627,18.394,18.822,11.428,10.506,9.6596,9.349,8.9442,8.5828,8.9504,9.0381,9.0806,9.1407,9.1014,9.0491,9.1748,9.2269,9.5414,9.6901,10.016,10.267,10.412,10.532,10.896,10.965,10.932,10.9,10.81,10.815,10.827,11.042,11.046,11.428,8.6448,8.527,8.2373,8.0602,7.8005,7.4894,7.7403,7.6896,7.9052,7.7992,7.7939,7.7738,7.6312,7.9295,8.3959,8.9392,9.2637,9.0549,8.998,8.8977,8.9598,8.915,8.8702,8.953,8.7518,8.8466,8.7558,8.8016,8.5275,8.6448,9.0147,8.8717,8.517,8.3289,8.0447,7.8561,7.9388,7.8563,7.7795,7.7049,7.8058,7.7881,7.7909,7.7362,7.9889,8.0667,8.2532,8.3806,8.5083,8.6448,8.8745,8.7469,8.6618,8.7118,8.8002,8.9452,9.0844,9.1318,8.8878,9.0147
11.965,0.1037,6.1243,11.687,13.488,14.481,14.846,13.796,15.418,16.788,16.232,17.768,17.827,16.037,17.412,15.262,11.176,14.083,15.073,15.667,14.728,15.073,16.769,16.059,17.738,14.817,14.186,13.157,10.748,11.687,11.747,11.687,12.199,14.186,13.978,16.124,14.728,12.982,13.796,13.978,14.083,14.846,13.157,9.6461,10.967,9.1346,9.1346,11.243,14.083,14.083,13.114,14.253,15.155,13.284,15.262,13.978,12.608,13.759,13.284,14.186,13.367,22.484,23.548,25.441,26.124,25.965,26.532,25.581,26.526,26.522,24.388,25.601,24.297,22.257,22.946,21.29,19.069,20.291,19.135,18.165,18.069,17.768,19.509,17.738,18.338,15.393,15.691,17.601,16.712,19.135,18.98,10.439,10.417,9.7892,9.334,9.025,8.6872,8.9367,8.8936,9.0403,9.0752,8.9057,8.9355,8.9369,8.9028,9.2841,9.231,9.6727,9.9749,9.9887,10.064,10.269,10.224,10.369,10.194,9.9481,9.9494,9.8853,10.002,10.244,10.439,8.9342,8.7,8.4659,8.1411,7.9976,7.8466,7.8964,7.8831,7.937,7.934,7.9888,7.8297,8.0169,8.1558,8.334,8.8853,8.9904,9.2024,9.1101,9.1977,9.088,9.0512,9.0833,8.9359,8.9031,8.8051,8.7246,8.698,8.6612,8.9342,9.2363,9.0534,8.7184,8.5314,8.2193,8.0553,8.1353,8.067,7.9911,7.9338,7.9484,7.9428,7.9249,7.9362,8.1637,8.2198,8.4646,8.6137,8.7041,8.8964,9.0638,8.9676,8.9446,8.9615,8.9556,9.1716,9.1905,9.3091,9.0684,9.2363
11.984,3.1285,6.1388,13.129,15.277,15.088,15.407,14.831,16.572,16.572,16.392,18.405,18.443,17.361,17.278,15.509,13.659,13.129,15.633,16.783,14.464,16.051,16.513,17.782,18.846,16.309,14.268,13.81,10.118,12.671,10.982,11.258,12.622,14.831,15.224,13.956,14.742,14.268,14.098,13.659,12.996,14.496,14.742,10.118,11.762,8.4433,7.1079,10.982,13.992,15.088,12.996,14.742,15.277,14.268,15.17,12.159,12.267,14.86,11.762,15.681,13.659,23.232,23.382,26.033,26.664,26.227,26.259,26.078,26.41,25.788,24.605,25.088,24.742,23.129,22.671,20.161,18.751,19.402,18.139,18.443,16.139,18.643,19.256,18.353,17.752,15.17,16.073,18.139,16.007,19.256,18.084,10.518,10.363,9.887,9.6218,9.0786,9.0328,9.1037,9.1619,9.3029,9.3124,9.1632,9.063,9.1706,9.0969,9.4508,9.5155,9.9379,10.152,10.151,10.157,10.247,10.384,10.297,10.198,10.217,9.9936,9.9079,10.093,10.26,10.518,9.2146,9.107,8.8352,8.46,8.2499,8.0986,8.096,8.2253,8.2616,8.4032,8.2115,8.2914,8.282,8.3567,8.7503,9.2226,9.5653,9.5366,9.5219,9.444,9.5179,9.5017,9.4472,9.4345,9.2244,9.4467,9.3007,9.2747,9.0276,9.2146,9.4777,9.3059,8.9565,8.7574,8.5279,8.3389,8.3215,8.2343,8.1878,8.1648,8.146,8.1336,8.1433,8.1079,8.3985,8.4998,8.6677,8.84,8.9629,9.1724,9.3258,9.2367,9.2887,9.1554,9.345,9.5221,9.4975,9.53,9.38,9.4777
12.005,5.4281,8.4384,12.666,15.165,15.7,15.504,14.856,16.568,17.748,16.998,18.348,18.638,16.387,17.611,16.177,13.768,14.971,15.795,16.645,16.046,15.676,17.733,16.241,18.134,16.134,13.654,13.167,9.2515,12.418,11.757,11.253,13.036,13.952,14.737,13.987,15.272,14.826,14.856,15.083,13.124,14.856,12.991,11.253,11.816,11.253,9.1442,13.124,12.991,14.459,13.124,13.654,15.628,13.768,13.806,12.262,12.155,13.498,12.418,12.155,13.124,22.554,24.131,25.481,26.405,26.177,26.558,25.877,26.899,26.816,24.722,25.802,24.516,22.618,23.43,21.481,19.023,20.052,18.99,18.687,16.998,17.967,19.112,17.356,17.792,14.826,14.263,16.568,15.795,18.242,18.282,10.434,10.277,10.044,9.7462,9.3208,9.2646,9.1304,9.1426,9.3699,9.3631,9.2814,9.1868,9.0821,9.13,9.3764,9.501,9.9946,10.08,10.081,10.066,10.232,10.244,10.172,10.107,9.9287,9.8478,9.8578,9.7125,10.154,10.434,9.4081,9.3385,9.1447,8.8921,8.6663,8.4524,8.5344,8.35,8.4808,8.573,8.5538,8.6035,8.6525,8.7481,8.9082,9.3024,9.5721,9.7454,9.7248,9.7759,9.6486,9.615,9.5992,9.5885,9.7027,9.7199,9.4957,9.5771,9.2802,9.4081,9.7151,9.4979,9.2499,9.0543,8.7534,8.5952,8.5779,8.4727,8.4401,8.437,8.4513,8.4189,8.3943,8.3143,8.569,8.7372,8.9085,9.1254,9.1312,9.3432,9.4645,9.3312,9.4801,9.3534,9.6561,9.7451,9.7634,9.7068,9.6075,9.7151
12.025,4.2406,7.0806,13.354,15.654,14.804,15.25,14.241,15.605,16.155,16.111,18.616,17.944,16.545,17.399,15.482,12.132,13.101,16.219,16.793,16.111,15.979,16.756,17.814,18.529,15.957,14.241,13.013,9.1218,12.395,11.23,11.23,12.644,14.833,16.111,16.155,15.482,16.219,14.437,13.144,13.783,13.271,13.475,11.793,11.23,10.091,9.6333,10.091,12.644,14.241,13.632,14.715,14.241,14.468,12.644,12.395,11.23,14.07,10.261,14.468,10.954,23.208,23.535,26.219,26.934,26.319,26.301,26.399,26.735,25.854,24.7,25.449,25.077,23.663,23.144,21.004,18.967,19.292,19.122,19.555,17.2,18.39,18.783,18.26,18.057,14.468,14.715,16.756,15.406,19.496,18.416,10.476,10.522,10.092,9.7555,9.4475,9.2416,9.2458,9.3868,9.3625,9.4526,9.3861,9.239,9.2989,9.3608,9.4918,9.5095,9.9636,10.103,10.107,10.153,10.369,10.231,10.319,10.062,9.924,9.7637,9.8785,10.049,10.142,10.476,9.7424,9.6206,9.2963,9.0862,8.8667,8.7424,8.7655,8.7757,8.7437,8.8635,8.6862,8.8055,8.7545,8.8668,9.4924,9.495,9.7814,9.9259,9.946,10.102,9.9408,9.8048,9.8519,9.7895,9.8572,9.8811,9.9012,9.9902,9.6615,9.7424,9.978,9.7995,9.4593,9.2206,8.9587,8.7493,8.8441,8.7581,8.6406,8.6353,8.6233,8.5089,8.6008,8.5674,8.8859,8.8693,9.0116,9.1624,9.2745,9.3667,9.6355,9.5392,9.5386,9.5009,9.6212,9.9526,10.062,10.059,9.7982,9.978
12.045,3.0715,5.376,12.614,15.167,14.774,13.602,13.115,14.407,15.376,16.082,16.945,18.23,16.515,16.613,14.041,11.764,13.072,14.918,15.927,14.715,16.764,17.665,17.171,18.694,15.376,13.602,13.242,10.314,12.366,9.6036,12.366,12.21,16.082,15.994,16.082,16.016,14.211,15.743,14.041,12.565,14.655,13.753,12.939,12.614,10.232,8.123,11.201,13.072,13.602,12.939,12.939,15.031,13.935,14.803,11.397,10.314,13.753,12.21,13.602,13.242,22.733,23.442,26.551,27.089,26.589,26.24,26.136,26.892,25.927,24.461,24.98,25.267,23.761,23.316,21.051,19.103,19.709,18.19,19.526,17.68,18.386,19.103,17.784,17.559,13.935,13.325,17.369,16.082,19.893,17.417,10.588,10.666,10.307,9.845,9.5395,9.4978,9.5237,9.5287,9.7102,9.6467,9.5576,9.3973,9.4152,9.2939,9.6926,9.8973,10.235,10.482,10.354,10.383,10.404,10.461,10.383,10.217,10.117,9.9664,9.9569,10.126,10.188,10.588,9.7662,9.7817,9.4991,9.3271,9.1552,8.9119,8.9356,8.9378,8.7891,8.854,8.9089,8.9343,8.9832,8.8567,9.2039,9.6199,9.9671,10.061,9.956,10.136,9.9127,9.873,9.8964,9.9898,9.8882,9.9783,9.8873,9.8021,9.6742,9.7662,10.21,10.062,9.7395,9.4973,9.2435,9.039,9.061,8.97,8.9238,8.9327,8.8831,8.7749,8.8407,8.7861,9.1137,9.178,9.3572,9.4725,9.5457,9.6219,9.8633,9.8183,9.7617,9.7277,9.9478,10.145,10.351,10.167,10.105,10.21
12.065,5.6085,7.2055,10.69,14.025,13.587,13.056,12.35,14.195,15.097,14.758,17.353,16.597,15.911,16.173,14.025,10.69,13.738,15.204,16,14.025,15.633,17.288,17.665,18.773,16.44,14.391,14.669,9.5879,12.55,11.381,12.194,13.309,16,15.204,15.36,15.36,13.738,15.335,15.609,14.025,14.639,13.056,12.087,11.185,6.0661,9.0764,10.046,12.924,13.919,12.35,12.55,13.884,14.195,14.025,12.35,13.056,14.195,11.689,14.025,14.025,22.901,23.678,25.934,26.831,26.344,26.568,25.599,26.696,26.086,24.699,25.252,25.164,22.888,23.095,20.42,19.044,19.51,18.738,18.447,17.035,18.175,19.539,18.345,17.724,14.391,14.788,18.371,15.728,19.758,18.371,9.0867,9.059,9.017,8.5912,8.1197,7.9611,8.3028,8.4207,8.393,8.4664,8.2767,8.1147,8.2135,8.1635,8.4712,8.4468,8.8239,9.0762,9.033,9.0584,9.2443,9.2571,9.1421,8.9925,8.6879,8.7118,8.6485,8.8283,8.84,9.0867,8.7658,8.6873,8.2341,8.0274,7.7473,7.6431,7.7663,7.7176,7.7932,7.689,7.7646,7.6604,7.736,7.9359,7.8872,8.5684,8.644,8.8161,8.8465,8.7678,9.0035,8.9841,8.8624,8.9555,8.8125,8.6431,8.8051,8.7194,8.5103,8.7658,8.9555,8.8081,8.4675,8.216,7.9192,7.7375,7.8356,7.7353,7.6666,7.6287,7.625,7.5359,7.5809,7.5887,7.7967,7.8794,8.0578,8.1504,8.2312,8.4521,8.6067,8.6455,8.5458,8.57,8.6785,8.7908,8.9306,8.9453,8.7929,8.9555
12.085,4.287,7.2973,11.277,12.286,13.148,12.286,12.69,13.678,16.411,16.802,18.662,17.297,15.243,16.746,14.117,12.69,13.678,15.107,16.265,14.287,15.7,17.991,17.38,18.735,16.201,14.85,15.107,12.179,13.148,12.179,10.137,12.442,14.85,14.761,15.452,15.452,15.189,15.189,14.761,14.515,14.85,13.678,11.781,12.442,8.4624,7.127,11.277,13.792,13.015,12.642,13.191,14.483,14.483,14.85,14.287,12.69,13.318,12.642,14.011,13.401,22.809,23.675,25.767,26.774,26.288,26.299,25.674,26.364,26.415,25.014,25.452,24.969,22.86,22.642,19.969,18.771,19.136,18.538,18.424,17.816,18.711,19.85,18.306,18.625,15.724,17.314,19.136,17.127,20.39,19.222,9.1497,8.9422,9.1984,8.8353,8.6591,8.4204,8.5659,8.6136,8.751,8.6457,8.6163,8.5113,8.4281,8.3532,8.6187,9.0547,9.1024,9.4609,9.3283,9.4563,9.5881,9.4713,9.4515,9.2349,9.1796,9.0376,8.951,8.9212,9.0354,9.1497,8.8322,8.6662,8.3467,8.3394,8.1263,8.037,7.909,7.8197,7.8516,8.0279,8.0683,8.0688,8.1299,8.1067,8.3392,8.7903,8.9364,9.352,9.1076,9.0678,9.1632,9.0773,9.1416,8.9903,9.0486,9.0149,9.05,8.7894,8.6944,8.8322,9.1466,8.9304,8.6566,8.4486,8.2454,8.051,8.0295,7.9113,7.9175,7.8939,7.8657,7.9239,7.8837,7.7527,8.0371,8.271,8.4122,8.6373,8.7636,8.9203,9.0333,8.9242,8.9988,9.0003,9.1541,9.3537,9.2193,9.1119,9.0148,9.1466
12.105,5.0879,6.7628,11.868,12.078,12.827,13.923,13.158,15.288,16.227,16.883,18.804,18.212,15.164,16.763,14.151,12.827,14.119,14.397,15.901,15.062,16.657,17.942,17.641,19.306,16.675,16.438,15.288,12.783,13.753,12.326,10.913,12.827,14.119,14.486,16.168,14.397,13.923,14.151,14.825,12.783,13.647,12.651,11.476,10.913,8.4654,7.4074,10.913,12.783,13.647,12.277,13.465,14.486,13.856,12.954,13.753,12.277,14.367,13.314,14.397,13.158,22.478,23.089,25.625,26.427,25.837,26.083,25.49,26.057,26.1,24.397,24.995,24.1,21.693,22.35,19.712,18.261,18.37,17.437,18.406,16.675,18.37,18.911,17.835,17.526,15.639,16.457,19.228,17.794,20.091,19.467,9.4945,9.4106,9.3656,9.1019,8.8921,8.6805,8.9093,8.9896,8.9818,8.9049,8.7975,8.7396,8.9144,8.7003,9.042,9.192,9.3497,9.762,9.7274,9.72,9.8372,9.8516,9.799,9.7037,9.5019,9.3981,9.3648,9.2628,9.3976,9.4945,9.1033,9.0541,8.693,8.5571,8.215,8.2075,8.1992,8.2078,8.1069,8.071,8.0877,8.1484,8.1857,8.2594,8.8698,8.8938,9.3247,9.4862,9.3217,9.4233,9.5687,9.3852,9.3345,9.3161,9.2247,9.2458,9.2568,9.1075,8.9083,9.1033,9.4558,9.2575,8.8937,8.6783,8.4015,8.2297,8.3404,8.238,8.1716,8.1445,8.1109,8.0532,8.1287,8.0694,8.387,8.4502,8.6317,8.7891,8.9682,9.1782,9.3359,9.2777,9.3136,9.244,9.4594,9.537,9.5541,9.4569,9.2505,9.4558
12.125,5.0925,7.8395,9.7777,12.7,12.958,12.7,13.927,15.906,16.767,16.31,18.721,17.947,17.397,17.166,15.168,13.433,14.52,15.341,17.02,15.969,16.232,18.103,17.799,18.819,16.232,15.711,15.969,13.162,15.46,12.788,11.819,12.33,15.341,15.46,14.747,14.155,14.936,15.067,14.123,14.123,13.652,13.47,11.421,9.69,8.1028,6.9378,10.641,13.433,14.829,12.7,12.958,14.52,14.123,13.757,12.7,12.831,13.041,13.433,13.757,11.361,22.831,23.376,25.912,26.548,25.837,25.448,25.446,26.206,25.485,23.891,24.883,24.402,22.633,22.683,20.829,17.457,18.216,17.501,17.84,16.887,16.938,18.064,16.87,16.462,14.402,15.46,18.676,18.064,20.055,19.153,9.7178,9.787,9.4693,9.4353,9.0621,9.0836,9.1741,9.085,9.1617,9.1657,8.9899,8.9247,8.9336,8.899,9.2246,9.301,9.6803,9.7934,9.754,9.9609,9.9307,9.9786,9.902,9.7956,9.6222,9.4939,9.5155,9.4337,9.4533,9.7178,9.3224,9.1217,8.9211,8.7436,8.5554,8.292,8.3295,8.2394,8.2838,8.3785,8.3322,8.4195,8.3802,8.6062,8.6505,9.5783,9.6656,9.7548,9.6373,9.7584,9.7551,9.5317,9.6968,9.5612,9.5404,9.4394,9.4173,9.3189,9.3432,9.3224,9.6191,9.444,9.1663,8.9138,8.6592,8.5106,8.4341,8.3338,8.3026,8.3357,8.2247,8.2173,8.2079,8.155,8.4443,8.5508,8.7401,8.9682,9.0587,9.2348,9.2306,9.2687,9.3337,9.3595,9.7619,9.7936,9.6542,9.5914,9.3484,9.6191
12.145,4.2849,7.1249,10.78,14.513,14.759,14.115,14.513,16.667,18.264,18.156,19.745,19.629,17.633,18.264,16.667,14.115,16.09,16.263,17.443,16.667,16.819,18.574,17.799,18.422,16.744,14.759,15.424,13.399,15.187,14.759,11.275,12.44,14.729,15.722,15.526,15.294,14.759,14.877,15.187,13.316,13.827,12.44,10.388,10.306,7.7695,6.1558,11.275,13.399,14.513,11.275,13.827,14.285,14.115,14.115,12.284,11.719,14.115,12.176,14.115,14.115,22.414,23.955,25.652,26.334,26.378,26.413,25.698,26.665,26.658,24.955,25.432,24.481,22.176,23.084,21.348,19.1,19.034,18.733,17.989,16.589,16.966,18.435,16.326,16.156,12.688,14.877,18.709,17.989,19.811,19.263,10.133,10.426,10.01,9.8258,9.383,9.3513,9.4552,9.5093,9.4428,9.465,9.3809,9.2767,9.1899,9.1803,9.5087,9.6776,9.9179,10.047,10.197,10.173,10.254,10.139,10.142,10.075,10.062,9.9832,9.8891,10.015,9.9052,10.133,9.5261,9.386,9.2751,9.0349,8.7472,8.6015,8.6076,8.5115,8.4709,8.5495,8.7566,8.5902,8.691,8.5842,8.9745,9.6553,9.9138,9.8801,9.7629,9.8875,9.6268,9.9027,9.7706,9.7248,9.7482,9.6712,9.6634,9.6176,9.2881,9.5261,9.9373,9.7582,9.3933,9.1631,8.9027,8.76,8.7434,8.6537,8.6386,8.6006,8.5907,8.5179,8.5497,8.5228,8.7259,8.846,9.0061,9.239,9.3726,9.5506,9.672,9.6193,9.6257,9.7782,9.9131,10.223,10.183,10.047,9.8681,9.9373
12.165,4.2943,7.7789,12.649,15.535,14.769,14.769,15.114,16.272,17.387,17.387,19.599,19.976,18.778,18.431,15.732,14.124,16.165,16.208,17.501,16.033,17.029,18.274,18.274,19.021,16.828,13.529,16.033,13.067,16.1,14.124,12.293,13.686,14.857,16.208,14.124,14.887,14.018,15.303,14.124,11.48,14.294,13.198,12.697,11.284,6.1652,7.1343,9.1755,12.449,13.325,11.284,13.155,14.769,14.769,14.769,12.186,12.186,14.124,11.008,14.018,11.847,22.717,23.965,26.517,26.834,26.279,26.026,26.165,26.744,26.024,24.429,25.041,25.263,23.6,23.296,21.008,18.546,18.837,17.387,17.779,16.539,17.779,18.47,17.305,16.599,13.155,14.887,18.314,16.993,20.389,18.837,10.391,10.434,10.141,9.9271,9.6935,9.4119,9.6414,9.6481,9.676,9.6782,9.5819,9.41,9.4074,9.4358,9.7559,9.8487,10.173,10.274,10.28,10.314,10.45,10.346,10.459,10.379,10.216,10.134,10.121,10.349,10.28,10.391,9.9748,9.7663,9.3702,9.2713,9.0268,8.8676,8.9685,8.8241,8.729,8.9251,8.8814,8.7417,9.1406,9.0318,9.5973,9.7547,10.054,10.288,10.244,10.149,10.362,10.256,10.116,10.094,10.168,10.145,10.123,10.048,9.8833,9.9748,10.17,10,9.6258,9.3989,9.1517,8.9479,9.0063,8.8775,8.8359,8.8355,8.7431,8.6879,8.7069,8.6524,8.9832,9.0285,9.1627,9.431,9.5244,9.7601,9.8178,9.7782,9.6507,9.7936,10.103,10.397,10.286,10.222,10.047,10.17
12.185,4.27,6.1409,10.373,13.812,14.774,14.774,14.833,16.248,17.555,17.755,19.495,19.414,17.11,18.141,16.009,13.174,16.009,16.575,16.951,16.248,16.652,18.559,17.618,18.249,15.435,14.862,15.09,13.994,15.279,15.09,11.192,13.131,13.301,14.774,14.978,15.435,15.279,14.833,15.09,14.466,14.1,13.775,11.26,10.12,10.12,8.6936,11.26,13.661,13.994,12.998,13.661,14.744,14.466,14.1,12.269,12.624,14.1,12.673,13.661,12.425,22.384,23.94,25.389,25.986,26.197,26.689,25.893,26.804,27.026,25.053,25.409,25.172,22.161,23.42,21.513,19.414,19.988,18.249,18.445,17.74,17.23,19.03,17.022,16.141,13.505,14.466,17.74,16.823,18.754,18.694,9.0004,9.0396,8.8559,8.7098,8.2535,8.0943,8.3911,8.3519,8.3431,8.2714,8.2738,8.121,8.1126,8.0878,8.3473,8.6382,8.7296,8.9173,8.9033,8.9899,9.1158,9.0178,9.0023,8.8807,8.7742,8.7986,8.8962,8.8645,8.8388,9.0004,8.502,8.3926,8.1968,8.1069,7.7418,7.4642,7.669,7.6935,7.5631,7.5662,7.7398,7.7135,7.5765,7.7334,8.2675,8.6597,8.6747,8.876,8.7819,8.8071,8.9075,8.8059,8.7165,8.6839,8.6437,8.7298,8.7154,8.4641,8.468,8.502,8.8719,8.7115,8.3699,8.2027,7.9045,7.7303,7.7721,7.6697,7.615,7.5402,7.5951,7.519,7.5467,7.5253,7.7591,7.8207,7.9061,8.1416,8.3016,8.4588,8.5606,8.4958,8.4498,8.3736,8.7534,9.0338,9.0228,8.8648,8.7691,8.8719
12.205,4.2506,7.2609,12.142,14.814,13.642,13.485,14.08,15.783,16.229,16.555,18.793,18.793,17.344,17.457,14.725,13.756,14.725,16.229,17.853,16.165,17.344,18.589,18.122,19.175,16.165,14.251,14.958,13.793,16.056,13.485,10.354,12.142,13.975,15.688,15.416,15.206,13.485,14.478,13.642,13.756,14.08,14.251,12.196,11.24,10.271,8.426,10.101,11.24,13.485,13.642,14.725,14.843,14.08,15.492,13.793,11.744,13.485,10.745,13.154,12.142,23.29,23.741,26.244,27.045,26.311,26.528,26.184,26.951,25.912,24.852,25.369,25.265,23.786,23.335,21.098,19.143,18.793,18.067,18.589,18.23,19.132,19.239,18.23,18.23,14.843,14.478,18.539,16.785,20.04,18.626,9.5214,9.3216,9.2461,8.8897,8.5913,8.6164,8.4469,8.5542,8.722,8.7535,8.5982,8.5403,8.5406,8.5423,8.7998,9.088,9.21,9.5013,9.4798,9.5544,9.4402,9.4006,9.5213,9.3412,9.3407,9.3075,9.3819,9.2297,9.2986,9.5214,8.7576,8.4768,8.4706,8.2713,8.0098,7.8492,7.9033,7.8111,7.8559,8.0657,7.7696,7.8715,7.7585,7.7874,8.2666,8.8622,9.1653,9.0523,9.1845,9.172,8.9181,8.9386,8.9902,8.922,9.0346,8.9587,8.8565,8.5301,8.5736,8.7576,9.1391,8.892,8.7082,8.4602,8.3088,8.1599,7.9719,7.9118,7.8986,7.9168,7.8648,7.9055,7.823,7.7501,8.1234,8.2145,8.3287,8.5414,8.787,8.9539,8.806,8.7829,8.9256,8.9442,9.1234,9.4126,9.344,9.147,9.011,9.1391
12.225,2.625,5.387,12.221,13.613,14.222,15.387,15.124,15.754,16.956,17.182,18.846,19.07,16.903,17.795,16.2,14.666,15.635,17.38,18.241,16.974,16.263,18.188,17.795,18.948,16.756,15.124,15.463,12.377,15.587,14.052,12.113,11.408,14.052,14.45,14.052,15.754,14.696,14.785,15.124,13.336,13.91,14.052,11.656,10.072,7.0619,7.7065,11.212,12.113,13.126,13.613,14.052,13.457,13.613,14.929,12.576,12.576,13.946,12.995,13.946,13.253,23.126,24.144,26.005,26.681,26.215,26.687,25.836,26.707,26.782,25.028,25.18,24.915,22.795,23.372,21.212,19.605,19.94,18.971,19.366,17.926,19.2,19.615,17.926,17.736,14.814,16.467,19.146,18.038,19.967,19.477,9.7212,10.078,9.4651,9.2376,8.7214,8.5856,8.9427,8.9245,8.9489,8.9186,8.8559,8.7953,8.8309,8.7429,9.1571,9.3267,9.4651,9.6157,9.6727,9.7004,9.7833,9.7973,9.779,9.6878,9.4809,9.3855,9.5131,9.5592,9.5258,9.7212,9.1087,8.9645,8.6668,8.4188,8.2249,8.0272,8.1635,8.0489,8.1265,7.949,8.0063,8.1071,8.3498,8.2708,8.6933,8.8773,9.3031,9.2795,9.2807,9.226,9.4021,9.2114,9.2154,9.306,9.0668,9.1777,9.0929,8.9626,8.8323,9.1087,9.4296,9.2615,8.8916,8.6818,8.3765,8.1968,8.3644,8.2595,8.1574,8.1029,8.1364,8.0775,8.1464,8.1064,8.3516,8.4136,8.5978,8.7912,8.8872,9.0022,9.1884,9.1182,9.1301,9.1065,9.4208,9.5209,9.4935,9.414,9.2455,9.4296
12.245,0.051347,7.2114,12.356,14.909,14.429,14.705,14.134,16.072,16.717,17.041,18.376,18.732,17.73,17.671,15.638,15.103,15.442,16.735,17.715,16.179,16.9,18.744,17.671,18.95,16.717,14.794,15.366,13.062,14.429,14.031,11.754,12.604,15.917,15.566,14.794,15.566,15.103,14.201,13.89,13.744,14.031,13.925,9.5938,11.191,7.6856,7.041,11.387,12.356,14.764,13.315,13.592,14.645,12.929,14.397,12.604,13.592,14.031,12.929,14.429,13.925,22.756,23.985,26.36,26.911,26.442,26.317,25.626,26.746,26.335,24.699,25.381,24.764,22.996,22.893,20.329,18.995,19.727,19.093,18.961,17.775,19.253,19.545,17.439,17.686,15.614,16.583,19.516,18.18,20.426,19.661,10.531,9.8665,9.842,9.5286,9.1917,9.0565,9.3379,9.3346,9.428,9.5079,9.3239,9.2867,9.3692,9.4024,9.6945,9.9237,10.089,10.331,10.311,10.381,10.447,10.458,10.452,10.429,10.246,10.331,10.284,10.358,10.419,10.531,9.2404,9.1891,8.9169,8.6785,8.4185,8.2628,8.2918,8.2814,8.1979,8.1875,8.2459,8.2691,8.4737,8.4632,8.9022,9.0992,9.4318,9.5457,9.4262,9.3315,9.5642,9.423,9.5823,9.5477,9.2631,9.3104,9.349,9.3285,9.1023,9.2404,9.6766,9.4996,9.146,8.9383,8.6345,8.4323,8.552,8.4547,8.3927,8.4093,8.3285,8.3036,8.3379,8.354,8.6615,8.7674,8.9458,9.0986,9.2002,9.3646,9.5251,9.3624,9.3601,9.5655,9.6264,9.746,9.7334,9.6811,9.4538,9.6766
12.265,4.2147,6.0856,13.119,14.807,15.034,13.72,13.939,15.38,15.953,16.895,19.203,19.193,18.031,17.699,15.953,13.075,15.38,16.02,17.5,16.73,16.674,18.031,17.817,19.44,15.747,14.044,15.747,12.213,14.689,12.943,12.618,12.106,15.747,15.628,15.116,14.411,14.411,14.922,14.689,12.618,13.72,12.569,11.204,11.204,8.3901,6.0856,9.6074,13.119,14.215,11.709,12.618,14.147,14.044,14.411,12.618,11.4,15.17,12.213,14.689,13.72,22.751,23.166,26.438,26.993,26.549,26.373,25.998,26.308,25.688,24.674,25.582,24.962,23.663,23.233,20.929,18.504,19.559,18.975,19.139,17.729,19.318,18.662,17.684,18.194,16.193,17.055,19.778,17.699,20.439,19.977,9.7279,10.467,9.876,9.6309,9.1361,9.0604,9.2045,9.3438,9.3221,9.3097,9.1891,9.0811,9.0199,8.9486,9.1379,9.4769,9.7316,9.8515,9.8241,9.8448,9.9227,9.8451,9.8897,9.7156,9.6733,9.5264,9.6634,9.5392,9.421,9.7279,9.5005,9.3089,9.094,8.9257,8.7341,8.4657,8.5695,8.3779,8.4901,8.5614,8.453,8.4151,8.5746,8.5249,9.0974,9.1245,9.7183,9.9481,9.7812,9.824,9.7373,9.8674,9.8557,9.7292,9.6144,9.6414,9.6948,9.6139,9.3703,9.5005,9.9485,9.7909,9.4308,9.1697,8.8817,8.7174,8.7451,8.6658,8.6185,8.6749,8.6133,8.5325,8.5428,8.5329,8.8735,8.8282,9.1493,9.2575,9.4241,9.5643,9.7019,9.6023,9.6584,9.7643,9.986,10.052,9.9895,9.9414,9.7832,9.9485
12.285,2.9456,5.2501,12.488,15.094,15.45,15.094,14.085,15.824,16.619,16.544,18.878,18.533,17.37,16.601,14.559,12.813,14.559,15.617,17.095,16.063,17.045,17.37,17.291,18.845,16.209,15.224,16.619,12.989,15.094,13.59,12.858,12.084,14.677,14.793,14.589,14.793,14.677,14.793,14.313,12.44,13.915,13.476,11.579,11.007,8.9662,6.925,10.58,12.989,13.627,13.32,13.809,13.476,12.946,14.905,13.59,13.116,15.094,12.989,15.041,13.199,22.607,23.087,25.895,27.209,26.654,26.219,26.076,26.766,26.219,24.778,25.967,24.946,23.635,23.784,21.271,19.009,19.935,18.966,19.83,17.997,18.569,18.569,17.659,17.095,14.529,15.824,18.966,17.045,20.58,19.468,10.476,10.558,10.202,9.853,9.3781,9.3568,9.5963,9.6108,9.6068,9.5706,9.5657,9.3756,9.5048,9.5582,9.8844,10.031,10.253,10.473,10.303,10.332,10.61,10.624,10.518,10.389,10.276,10.251,10.274,10.271,10.123,10.476,9.811,9.5203,9.2763,9.0261,8.7323,8.6661,8.9058,8.7961,8.8077,8.7497,8.6167,8.6831,8.7954,9.042,9.3257,9.3255,9.6923,9.9925,9.9103,9.8244,10.048,9.8918,9.7784,9.8844,9.7989,9.8264,9.7332,9.7635,9.4839,9.811,10.213,10.11,9.6833,9.4155,9.0917,8.8985,9.0876,9.0378,8.8802,8.8626,8.8285,8.7246,8.7785,8.8239,9.1157,9.0614,9.3095,9.4579,9.5172,9.575,9.9023,9.7969,9.6839,9.8646,9.9575,10.202,10.254,10.285,9.9909,10.213
12.305,0.30575,4.4555,11.641,13.998,13.961,15.275,13.316,14.285,15.988,16.261,18.592,17.482,15.988,16.37,14.285,12.454,14.285,14.285,16.172,15.697,16.172,16.971,15.697,16.76,15.019,14.96,15.275,13.359,13.316,13.569,12.454,12.008,12.858,14.96,14.455,14.683,14.455,13.359,14.683,13.998,14.285,12.858,9.4439,10.559,7.2954,5.3572,10.559,11.169,13.184,12.61,12.61,14.285,12.61,11.889,12.454,11.445,12.81,11.445,12.61,11.445,21.773,23.25,25.1,25.82,25.776,26.062,25.349,26.241,26.106,24.842,25.664,24.96,22.309,23.495,21.641,20.019,20.306,19.304,19.271,17.466,17.398,17.741,16.701,15.621,13.69,12.81,16.172,15.621,18.939,18.159,9.0267,9.4647,8.7992,8.6238,8.2176,8.089,8.152,8.2507,8.3347,8.3395,8.3182,8.2026,8.086,8.0618,8.402,8.6114,8.8832,9.1618,9.145,9.0266,9.2136,9.1381,9.1429,9.1201,9.0146,8.9851,8.9027,8.866,8.8845,9.0267,8.4902,8.2868,8.1856,7.9648,7.6144,7.527,7.4936,7.4598,7.5389,7.4324,7.5519,7.5778,7.5311,7.6622,7.9115,8.439,8.6883,8.7994,8.8692,8.7599,8.6439,8.6427,8.7718,8.7326,8.5854,8.4832,8.5177,8.3623,8.3056,8.4902,8.9809,8.79,8.4956,8.2736,8.0014,7.8659,7.8358,7.7033,7.7115,7.6941,7.7023,7.6332,7.6328,7.5962,7.846,7.9639,8.0898,8.138,8.2638,8.4602,8.4751,8.4377,8.4662,8.583,8.7487,9.0156,9.0654,8.9946,8.857,8.9809
12.325,0.29958,5.6144,13.31,14.449,14.449,14.645,13.31,15.157,16.573,15.982,18.469,18.32,16.965,17.542,15.269,13.563,14.677,16.32,17.542,16.573,15.814,17.148,16.427,17.202,15.269,13.353,14.449,13.563,15.351,13.31,11.163,13.48,13.31,14.449,13.992,15.351,14.279,14.924,14.449,12.852,13.222,11.635,10.553,12.604,9.4377,7.4596,8.8729,11.635,12.002,12.604,13.684,13.992,13.48,13.31,11.439,12.448,13.31,11.943,13.563,11.163,22.002,23.151,25.614,26.451,26.017,26.235,25.589,26.417,26.181,24.584,25.111,24.872,23.204,23.31,20.981,20.343,20.167,19.501,19.832,18.265,18.167,18.469,17.184,15.982,12.448,12.852,16.32,15.351,17.687,17.904,9.4383,9.7995,9.2071,8.8771,8.4187,8.1918,8.3848,8.5661,8.6227,8.5388,8.6005,8.4037,8.4836,8.4732,8.739,8.7545,9.176,9.2652,9.2449,9.2742,9.3489,9.3702,9.3757,9.2808,9.2528,9.2336,9.2521,9.4293,9.1803,9.4383,8.7604,8.6233,8.3241,8.2047,7.8921,7.7727,7.8128,7.6901,7.7714,7.725,7.803,7.8043,7.8227,7.934,8.2882,8.3525,8.6968,8.9934,8.8295,8.9696,9.0011,8.8515,9.0025,8.7033,8.8368,8.7486,8.7574,8.7306,8.4063,8.7604,9.2344,9.1001,8.7042,8.4953,8.1736,7.9992,8.1114,8.0219,7.9337,7.8928,7.9319,7.8139,7.8791,7.8719,8.2215,8.0809,8.3094,8.365,8.3779,8.4363,8.7783,8.6743,8.6373,8.6068,8.966,9.0806,9.1641,9.2475,9.0361,9.2344
12.345,3.3149,5.6194,11.444,14.958,14.284,15.047,14.958,15.594,16.837,16.432,19.181,18.434,16.856,18.172,15.619,14.284,15.987,17.189,17.294,16.432,16.759,17.661,15.868,17.207,15.018,13.227,15.162,11.948,13.997,12.857,12.609,11.377,14.454,14.899,14.387,14.179,13.96,14.65,14.143,12.809,14.284,12.609,11.444,9.847,7.4647,8.8779,10.558,11.888,12.609,12.609,13.227,14.284,13.183,13.689,13.358,12.007,13.96,10.558,13.568,12.453,22.563,23.435,25.455,26.24,25.822,25.819,25.7,25.987,26.05,24.346,25.182,24.498,22.765,23.147,21.045,19.847,20.835,19.914,19.558,17.207,19.346,19.078,17.969,17.547,13.315,13.315,17.007,15.356,18.591,17.414,9.7465,9.7755,9.5647,9.2147,8.8462,8.6515,8.7139,8.883,8.8354,8.9363,8.8424,8.7127,8.7871,8.7759,8.9081,9.1171,9.2345,9.4341,9.4756,9.5386,9.6077,9.6155,9.5027,9.455,9.422,9.3976,9.453,9.4451,9.4169,9.7465,9.0056,8.8592,8.5117,8.413,8.1898,8.0574,8.1485,8.0609,8.0827,8.0864,8.1001,7.9801,8.2419,8.2162,8.5122,8.8771,9.161,9.2162,9.2118,9.3367,9.3322,9.289,9.2532,8.9543,9.1255,9.1672,9.1594,9.0629,8.8397,9.0056,9.5184,9.3385,8.9706,8.727,8.4708,8.3092,8.3569,8.2753,8.2066,8.1983,8.2019,8.1788,8.2331,8.1989,8.4639,8.5806,8.6179,8.7419,8.7466,8.9578,9.0116,9.0267,8.9844,9.0077,9.117,9.4006,9.5219,9.5702,9.401,9.5184
12.365,5.2157,2.4536,12.205,15.19,15.583,15.464,14.643,16.433,17.289,18.187,19.978,19.84,18.017,19.52,17.624,15.856,16.891,17.922,18.777,17.565,17.922,18.486,17.209,18.03,14.952,15.06,15.834,12.911,14.952,13.775,12.205,13.88,14.525,15.921,15.06,16.029,15.583,15.216,15.921,14.247,15.464,14.525,11.04,13.164,7.5352,9.8131,12.454,13.442,15.216,13.164,13.164,15.216,13.593,14.952,13.285,11.603,13.775,12.911,13.082,14.525,22.454,23.963,25.889,26.722,26.296,26.353,25.59,26.688,26.324,25.02,25.86,25.104,23.357,23.824,21.639,20.275,20.87,21.04,20.021,18.593,19.795,20.307,18.226,18.226,15.488,15.464,17.653,16.355,18.593,18.675,9.7295,10.092,9.8371,9.3411,9.071,8.9162,9.0272,9.0239,9.1946,9.1803,9.0518,8.9373,8.9192,8.8738,9.1835,9.2419,9.4563,9.7194,9.6793,9.6706,9.732,9.6734,9.6251,9.6567,9.603,9.6361,9.5688,9.5327,9.5345,9.7295,9.2169,9.1089,8.7766,8.6486,8.4062,8.2955,8.3602,8.2289,8.3783,8.2702,8.2777,8.3052,8.4434,8.4731,8.9208,9.1145,9.367,9.4111,9.3433,9.3337,9.3513,9.3417,9.4047,9.3179,9.279,9.1941,9.2388,9.0789,8.9232,9.2169,9.6857,9.5366,9.1505,8.9708,8.6951,8.5208,8.5651,8.5111,8.4111,8.4702,8.4186,8.3783,8.4452,8.3692,8.6209,8.8005,8.91,9.0096,9.0648,9.2847,9.2879,9.2646,9.188,9.3315,9.3981,9.6045,9.547,9.4695,9.4691,9.6857
12.385,0.4002,5.715,11.264,14.274,14.746,13.785,14.483,15.113,15.452,16.591,19.033,18.7,17.009,18.268,15.559,13.581,14.55,16.932,18.064,16.528,18.034,18.019,17.39,18.38,15.689,14.746,15.915,11.264,15.113,12.953,12.441,12.044,14.38,15.452,13.278,14.055,14.55,15.024,12.705,13.278,13.664,13.41,12.103,11.984,9.4311,9.0925,9.4311,11.984,14.274,12.904,13.278,14.38,13.323,13.785,12.441,12.441,12.549,12.705,12.549,12.953,22.781,22.821,25.791,26.543,25.444,25.195,25.635,25.987,24.853,23.688,24.462,24.633,23.41,22.953,19.933,19.081,19.398,19.474,20.019,18.064,18.635,19.653,18.153,18.888,15.024,15.257,18.064,15.142,18.034,17.577,9.9231,9.8373,9.8292,9.6667,9.3498,9.1409,9.2698,9.2725,9.4085,9.3703,9.3004,9.2427,9.2128,9.1627,9.43,9.5756,9.7348,9.9805,10.035,10.088,10.053,9.974,9.9913,9.935,9.8771,9.8644,9.7201,9.6937,9.7871,9.9231,9.4599,9.3024,9.0709,8.8765,8.7274,8.5463,8.4904,8.5035,8.5864,8.5404,8.4859,8.5697,8.5404,8.9662,9.0935,9.5278,9.6318,9.7591,9.6553,9.5969,9.5939,9.5867,9.5721,9.6691,9.5049,9.4524,9.469,9.4619,9.08,9.4599,10.005,9.7617,9.4673,9.2141,9.0141,8.8023,8.817,8.7366,8.6843,8.7182,8.6417,8.6773,8.6754,8.6681,8.9297,8.9685,9.1978,9.3905,9.4356,9.4746,9.5489,9.4924,9.5143,9.498,9.6919,9.8085,9.803,9.7999,9.7286,10.005
12.405,4.7954,5.9604,11.509,14.52,14.338,15.359,14.795,16.328,17.1,16.328,18.775,18.611,17.254,17.329,15.27,14.03,14.625,15.96,18.625,17.822,17.1,18.761,17.888,18.815,16.511,15.697,16.773,13.15,14.52,13.909,11.981,13.656,14.625,14.338,14.03,15.96,13.699,14.795,13.524,12.289,13.656,13.699,12.289,10.816,8.9707,7.8057,9.3379,13.568,13.699,12.95,13.524,14.795,13.656,15.27,13.15,11.29,13.198,13.15,13.699,12.348,22.336,23.373,25.664,26.402,25.751,26.199,25.44,26.409,26.123,24.136,24.946,24.566,22.965,22.904,20.816,19.611,20.255,19.847,20.207,18.002,18.971,19.326,17.738,18.081,14.625,14.52,17.311,15.96,17.888,17.178,10.055,10.346,10.04,9.888,9.4481,9.3285,9.4662,9.4885,9.4806,9.5152,9.4645,9.3282,9.3489,9.2983,9.6394,9.8378,10,10.247,10.162,10.129,10.31,10.206,10.098,10.013,10.008,9.9207,9.8001,9.8539,9.8382,10.055,9.6646,9.591,9.3764,9.1822,8.9115,8.8077,8.9494,8.7974,8.9147,8.7464,8.7867,8.8516,9.0019,8.9867,9.5478,9.4188,10.06,10.048,9.9713,9.7718,9.9366,9.8609,9.8086,9.857,9.824,9.8255,9.7076,9.6259,9.5764,9.6646,10.224,10.047,9.6861,9.4887,9.1859,9.0296,9.0996,9.0217,8.9409,8.8995,8.9268,8.8877,8.9439,8.8941,9.242,9.2658,9.3541,9.5827,9.5423,9.6826,9.8332,9.77,9.7094,9.7523,9.8307,10.072,10.191,10.206,10.068,10.224
12.425,5.4588,5.7221,13.285,14.785,15.459,15.459,13.948,15.265,16.862,16.862,18.576,18.932,17.091,17.567,14.387,13.33,14.387,16.535,17.584,16.471,16.959,17.795,17.567,18.642,16.862,14.557,15.061,12.11,15.031,12.96,10.578,11.743,14.099,15.265,13.948,14.785,13.588,15.031,14.062,12.712,14.557,12.051,10.407,11.271,8.4691,8.7324,9.9497,11.479,12.11,12.96,12.712,13.418,12.96,13.461,12.11,12.051,13.588,11.271,13.461,12.448,22.254,23.079,25.558,26.342,26.014,26.037,25.642,26.03,25.459,24.169,24.919,24.557,22.867,23.093,20.782,19.135,19.373,18.469,18.536,16.535,17.256,18.732,18.071,16.428,13.285,13.588,16.535,15.149,18.536,18.027,8.806,9.1137,8.7589,8.5447,8.1971,8.1064,8.262,8.2078,8.1726,8.3305,8.1609,8.0444,8.1366,8.0134,8.2268,8.4578,8.6888,8.989,8.9502,8.9984,8.9319,8.9815,8.9192,8.7877,8.7678,8.7538,8.6136,8.6425,8.6581,8.806,8.2829,8.4636,8.1544,7.9403,7.5003,7.5208,7.4984,7.3754,7.553,7.4776,7.559,7.5318,7.5548,7.5258,7.9589,8.2376,8.6846,8.7447,8.6482,8.5432,8.5265,8.6254,8.5436,8.646,8.3188,8.5811,8.5487,8.3938,8.3225,8.2829,8.967,8.8041,8.4752,8.2495,7.9848,7.822,7.792,7.6998,7.6654,7.6839,7.6621,7.6414,7.6617,7.5992,7.9006,7.8917,8.0826,8.2236,8.2386,8.3958,8.5769,8.5443,8.501,8.6085,8.7754,9.0887,8.993,8.9995,8.8674,8.967
12.445,7.1648,9.1429,12.309,16.133,15.687,15.519,15.687,16.196,17.098,16.889,18.638,19.38,19.003,17.858,14.629,13.984,14.862,16.069,17.248,16.133,16.537,18.134,17.971,19.079,16.025,13.879,15.871,12.509,15.519,12.309,13.268,12.558,16.025,15.871,15.519,15.592,14.659,15.687,14.35,13.879,14.155,13.185,12.883,12.309,11.34,3.0151,10.258,11.588,13.879,12.309,13.66,14.862,13.546,15.396,13.546,12.153,16.133,12.509,15.294,11.707,23.054,23.69,26.731,27.822,26.459,26.67,26.214,26.835,25.96,24.325,25.396,25.062,24.158,23.953,20.883,19.143,18.24,19.003,18.97,17.361,17.858,19.299,18.134,18.53,13.984,15.32,17.872,16.67,20.192,18.33,10.769,10.738,10.512,10.26,9.8666,9.819,9.9613,9.9446,10.024,9.9971,9.8935,9.8416,9.859,9.8083,10.044,10.165,10.408,10.635,10.603,10.652,10.825,10.794,10.771,10.713,10.496,10.469,10.518,10.701,10.583,10.769,10.364,10.182,9.7204,9.6965,9.5267,9.2132,9.4479,9.3689,9.2831,9.2981,9.3738,9.3075,9.338,9.5401,9.7225,9.8019,10.491,10.63,10.582,10.429,10.593,10.614,10.653,10.733,10.374,10.412,10.515,10.581,10.274,10.364,10.734,10.526,10.206,9.9554,9.6919,9.4689,9.5608,9.445,9.3495,9.3509,9.2877,9.229,9.2933,9.2838,9.5675,9.4585,9.6919,9.8633,9.955,10.128,10.295,10.28,10.185,10.324,10.418,10.52,10.699,10.716,10.549,10.734
12.465,5.9871,8.3066,12.977,15.987,14.822,14.822,14.213,16.627,17.574,17.067,18.997,19.353,18.351,18.54,16.863,13.726,15.53,15.414,16.235,15.385,15.642,16.538,16.693,17.915,15.296,15.018,14.327,11.812,14.364,12.375,12.977,11.812,14.364,14.51,14.213,15.296,15.53,15.831,14.546,13.55,14.652,13.853,11.812,11.812,9.3646,7.8324,9.3646,11.536,13.225,10.925,13.177,14.327,14.057,14.364,12.821,11.812,13.225,11.812,14.213,12.977,22.316,23.012,25.481,26.749,25.961,25.941,25.778,26.525,25.729,24.132,24.69,24.536,23.132,22.936,20.75,18.693,18.801,19.27,19.197,17.662,18.801,19.4,18.693,18.307,15.642,14.822,16.946,16.063,19.446,18.526,9.5531,9.5105,9.1218,8.9193,8.7643,8.4199,8.8119,8.7472,8.7951,8.7648,8.6351,8.5406,8.5658,8.4912,8.6317,8.7262,8.9644,9.1816,9.268,9.2221,9.4708,9.5103,9.4232,9.3191,9.2432,9.2025,9.1355,9.2136,9.3328,9.5531,9.0746,8.6519,8.7521,8.3332,8.1782,7.9732,8.2089,8.1217,8.1014,8.1564,8.0313,7.9341,8.1762,8.2076,8.4174,8.6187,9.2148,9.249,9.2586,9.2224,9.5059,9.4381,9.33,9.2025,9.289,9.223,9.0569,9.1747,9.0109,9.0746,9.4789,9.2901,8.9502,8.7332,8.4212,8.2446,8.3697,8.2498,8.1646,8.1066,8.1191,8.0372,8.0766,8.1062,8.4126,8.2956,8.5333,8.7058,8.7642,8.9219,9.2201,9.0743,9.1047,9.0619,9.0682,9.2222,9.4038,9.5372,9.2858,9.4789
12.485,5.7642,7.4391,11.589,14.532,12.598,15.073,13.834,15.501,16.036,17.058,18.736,19.326,17.626,17.837,15.84,14.599,13.99,15.192,16.981,16.64,15.739,16.577,16.47,17.609,14.795,14.104,14.827,12.754,15.073,13.002,11.589,11.785,14.142,15.307,14.599,14.429,13.99,15.307,14.599,13.372,14.429,14.599,11.589,11.521,8.0837,9.9918,10.449,12.491,14.599,12.152,11.785,14.104,13.713,15.073,12.754,11.094,13.002,12.152,14.429,13.46,22.233,22.835,25.27,26.131,25.555,25.937,25.549,26.15,25.151,23.893,24.211,24.142,23.045,22.754,19.992,18.429,18.684,18.749,19.588,18.084,18.303,19.733,19.047,18.415,15.501,14.323,17.133,15.739,18.774,17.757,9.5844,9.5006,9.3312,9.2686,8.971,8.9535,8.9993,8.9845,9.0667,9.0649,9.0185,8.8159,8.7765,8.6213,8.9358,9.1154,9.2612,9.6185,9.6062,9.6167,9.6271,9.6197,9.6439,9.5813,9.515,9.4636,9.3328,9.4178,9.3908,9.5844,9.2843,9.1019,8.9458,8.6946,8.6116,8.3524,8.262,8.3699,8.4404,8.503,8.4792,8.2201,8.4112,8.4738,8.6751,9.1737,9.4337,9.6937,9.5455,9.443,9.6494,9.6057,9.5042,9.4958,9.2985,9.5765,9.4316,9.3845,9.1662,9.2843,9.7303,9.5659,9.2596,9.0271,8.8112,8.6175,8.5539,8.4597,8.4388,8.4963,8.4169,8.3856,8.4084,8.3525,8.6917,8.7766,8.9095,9.2683,9.2466,9.3152,9.4283,9.3612,9.3857,9.277,9.3576,9.5294,9.6526,9.6124,9.5831,9.7303
12.505,7.3922,7.5625,11.542,13.456,12.707,13.787,13.787,15.026,17.105,17.086,19.541,18.976,16.593,18.081,15.965,14.095,15.454,16.357,17.71,16.676,16.53,17.086,16.935,18.037,15.917,15.372,15.692,12.707,15.561,13.583,12.498,11.266,13.456,13.944,14.276,14.095,13.787,14.78,15.026,14.276,14.748,13.28,11.542,11.986,10.573,7.3922,11.542,14.057,13.666,12.498,12.707,14.382,13.787,14.095,11.542,11.266,11.542,11.738,13.666,12.551,21.434,22.681,24.777,25.821,25.465,26.12,25.457,25.88,26.084,24.165,24.963,24.35,22.449,22.877,21.084,19.541,19.656,20.198,20.573,19.083,18.841,20.078,18.126,18.532,14.748,14.095,15.115,15.372,17.304,17.512,9.8905,9.7816,9.686,9.355,9.1677,9.218,9.2561,9.3244,9.4161,9.288,9.2429,9.1891,9.1491,9.065,9.3394,9.4412,9.796,10.024,10.061,10.045,9.955,9.9892,10.059,9.9773,9.9565,9.8514,9.7957,9.8032,9.7468,9.8905,9.4729,9.3778,9.201,8.9822,8.8205,8.7415,8.6498,8.6092,8.7134,8.6771,8.6456,8.6331,8.6902,8.6288,9.031,9.6861,9.7666,9.8614,9.7778,9.8704,9.7614,9.6787,9.807,9.7153,9.8513,9.6319,9.8746,9.7101,9.491,9.4729,9.9926,9.7586,9.498,9.2934,9.0728,8.886,8.7725,8.678,8.6794,8.6759,8.6512,8.7087,8.6341,8.5627,8.9418,9.0622,9.1931,9.3183,9.3715,9.5608,9.5335,9.4798,9.5076,9.4296,9.5425,9.6979,9.8728,9.8061,9.7961,9.9926
12.525,7.6608,9.702,12.315,14.326,13.224,13.681,13.725,14.326,15.777,16.559,18.168,18.394,17.781,16.862,15.295,15.049,13.725,15.723,18.275,16.353,17.502,17.914,17.374,17.573,15.017,13.681,15.413,13.175,15.986,14.651,12.766,13.175,14.651,15.64,14.326,14.821,13.594,13.725,14.821,12.255,14.326,13.852,12.255,11.811,9.702,9.3635,12.007,13.681,14.056,12.976,12.976,13.852,12.976,13.681,10.924,11.811,13.175,11.811,12.315,12.976,22.362,23.052,25.682,26.464,26.039,26.156,25.714,26.388,25.771,24.193,24.838,24.821,23.343,23.549,20.949,19.924,19.57,19.745,20.136,18.275,18.168,19.547,18.305,17.661,14.651,12.712,16.258,14.821,18.651,17.914,8.5956,8.5255,8.3804,8.0843,7.9175,7.8474,7.8391,7.8943,8.0249,8.1421,8.0075,7.8953,7.8729,7.758,8.0373,8.1948,8.4812,8.5952,8.667,8.7156,8.6919,8.6591,8.65,8.5244,8.4932,8.4882,8.4129,8.5469,8.447,8.5956,8.2264,8.1797,7.8593,7.692,7.513,7.3782,7.3709,7.1971,7.3431,7.3359,7.443,7.377,7.3009,7.5466,7.8611,8.2164,8.3182,8.4316,8.3077,8.3095,8.3315,8.1786,8.2745,8.3616,8.2245,8.3338,8.4114,8.4303,8.0643,8.2264,8.7089,8.4988,8.2635,8.0219,7.7925,7.5987,7.5404,7.4113,7.4122,7.4307,7.4008,7.4128,7.4252,7.3673,7.6726,7.7466,7.8619,8.0602,8.035,8.2089,8.2433,8.2,8.2719,8.242,8.2573,8.4904,8.7381,8.6833,8.6479,8.7089
12.545,8.7335,10.408,12.913,15.002,13.672,13.462,13.286,13.419,15.923,15.062,18.132,17.518,16.472,17.074,15.121,13.286,15.151,15.567,16.96,15.378,15.723,17.518,15.723,17.31,13.793,13.419,14.786,12.713,15.032,14.786,11.548,12.45,14.558,15.032,14.282,13.95,12.961,13.793,14.491,13.286,14.786,13.331,12.052,11.481,9.4393,7.3981,10.579,12.713,12.45,10.408,12.961,12.052,12.111,13.589,10.662,11.992,12.557,11.548,12.961,12.557,22.111,22.869,25.151,26.097,25.419,25.746,25.698,26.308,25.807,24.356,25.11,24.416,22.749,23.08,20.775,19.951,20.204,19.703,18.896,16.96,17.585,18.132,16.429,15.723,13.331,12.913,15.032,14.754,17.796,18.043,8.8854,8.7514,8.4293,8.419,7.9036,7.8451,8.0748,8.114,8.2455,8.1404,8.1647,8.0303,7.9552,8.0233,8.3319,8.2967,8.6525,8.9154,8.8555,8.8379,8.8814,8.8005,8.8445,8.8523,8.6455,8.8417,8.8114,8.7923,8.715,8.8854,8.3424,8.282,8.0797,8.0293,7.7396,7.639,7.6363,7.5507,7.5843,7.7447,7.5053,7.5962,7.6972,7.866,8.0718,8.2776,8.4659,8.6241,8.4694,8.6752,8.7391,8.5862,8.5219,8.6267,8.6785,8.699,8.5518,8.4496,8.2473,8.3424,8.9447,8.771,8.4421,8.226,8.0166,7.7386,7.7798,7.6607,7.6153,7.6102,7.5786,7.5871,7.6041,7.5084,7.7695,7.9003,8.0094,8.1348,8.2155,8.3715,8.4538,8.4131,8.4641,8.2848,8.5954,8.898,8.9518,8.8576,8.7932,8.9447
12.565,8.3005,9.0063,13.63,15.49,14.945,15.29,13.955,14.718,15.538,15.908,18.656,18.668,17.152,17.41,15.864,12.28,14.353,15.562,16.678,15.657,15.996,17.218,16.641,17.41,15.29,12.48,15.265,13.029,16.43,14.945,11.115,11.678,14.688,16.37,15.027,13.36,14.125,14.599,15.29,14.125,15.29,13.668,11.678,12.071,7.1354,9.5178,9.9754,12.853,13.849,11.559,13.239,13.849,12.28,14.353,11.115,11.678,14.833,11.619,15.841,13.814,23.239,23.516,26.154,27.339,26.523,26.204,26.259,26.404,25.828,24.375,25.598,25.371,23.955,23.839,21.583,19.508,19.87,19.623,19.594,17.331,18.21,18.919,18.414,17.639,13.516,14.718,17.218,15.027,20.154,18.609,9.1451,8.9965,8.8542,8.4507,8.2845,7.8498,8.1531,8.2822,8.3457,8.4421,8.3273,8.1478,8.1707,8.1117,8.4675,8.4416,8.8715,9.0474,8.9668,9.0308,9.1039,9.0638,9.0335,8.9989,8.9108,8.9889,8.9315,8.997,8.8236,9.1451,8.4999,8.5413,8.2933,8.1716,7.9538,7.878,7.7971,7.7565,7.644,7.8384,7.7915,7.664,7.8389,7.756,8.096,8.3671,8.5827,8.7529,8.7814,8.624,8.8831,8.8227,8.7421,8.766,8.8303,8.8717,8.7035,8.6372,8.4906,8.4999,9.1899,9.0188,8.677,8.4312,8.1886,7.9547,7.9836,7.91,7.83,7.8662,7.8069,7.754,7.8256,7.7517,8.0398,8.0829,8.2,8.3506,8.4616,8.5981,8.7324,8.6566,8.6866,8.6013,8.7857,9.0889,9.2079,9.2452,9.0435,9.1899
12.585,8.5378,9.1026,13.803,15.646,15.355,14.114,13.145,15.646,16.028,16.795,18.453,18.692,17.643,17.93,15.254,13.018,14.342,14.707,16.419,15.479,15.985,17.207,16.63,17.688,15.479,14.047,15.479,12.113,16.419,15.016,12.006,13.145,15.123,15.479,13.506,14.588,14.31,15.254,15.355,12.975,14.822,14.342,11.548,13.145,8.9954,10.218,8.9954,12.975,13.838,12.975,12.269,14.558,12.269,14.342,11.3,11.548,13.944,11.608,15.254,13.018,22.747,23.697,26.448,27.032,26.419,26.291,26.088,26.541,25.996,24.476,25.295,25.279,23.408,23.727,21.413,19.103,19.903,19.877,20.067,18.403,18.598,19.259,18.403,18.538,15.123,14.31,17.717,16.092,20.307,19.039,9.5474,9.4574,9.146,8.7888,8.592,8.4197,8.5407,8.6296,8.8271,8.7873,8.6716,8.4963,8.593,8.4694,8.7035,8.7938,9.1294,9.4522,9.4199,9.4348,9.4609,9.4456,9.4401,9.4791,9.2168,9.2429,9.2691,9.5163,9.3787,9.5474,8.9193,8.8193,8.6818,8.3413,8.2772,8.0363,8.1401,8.0656,8.0793,8.1495,8.0282,7.9956,8.12,8.0931,8.7785,8.7396,9.2572,9.2127,9.0396,9.0479,9.3903,9.2427,9.0952,9.1429,9.1102,9.1309,9.0864,9.1088,8.8527,8.9193,9.4717,9.2683,8.9687,8.7366,8.4838,8.2994,8.3204,8.2702,8.1546,8.1633,8.1093,8.1149,8.1624,8.0654,8.4118,8.4964,8.6242,8.7335,8.8365,8.8886,9.0794,9.0686,9.0177,8.9916,9.2052,9.4162,9.617,9.5766,9.4492,9.4717
12.605,7.5291,9.4,13.55,14.061,13.379,14.993,14.024,15.082,16.433,16.643,18.431,18.857,17.072,17.359,14.747,13.55,12.41,14.451,16.497,15.023,15.111,16.324,16.051,17.546,15.421,14.348,14.207,11.509,15.023,13.423,11.233,11.441,13.292,14.243,13.91,14.993,13.247,14.024,14.348,12.674,14.519,12.674,11.953,10.622,9.0614,8.6942,10.539,11.509,13.423,13.292,12.674,13.247,12.873,12.464,9.5072,9.9115,12.464,10.539,12.674,11.014,22.193,22.941,25.382,26.39,25.645,25.797,25.499,26.132,25.674,24.232,24.772,24.411,23.115,23.027,21.132,19.653,19.824,19.454,20.622,18.048,18.222,19.143,17.479,17.359,12.41,11.014,14.963,15.111,19.143,18.033,9.8277,9.9146,9.4691,9.2897,8.913,8.7924,8.9348,8.9952,9.0807,9.08,8.9441,8.8829,8.8517,8.6899,9.0392,9.0991,9.4389,9.7232,9.755,9.7233,9.7959,9.72,9.7685,9.8131,9.7169,9.5376,9.68,9.7669,9.748,9.8277,9.2653,9.1501,8.9443,8.8291,8.4661,8.41,8.4882,8.2957,8.3149,8.3657,8.3493,8.444,8.4568,8.5293,8.9957,8.8697,9.4017,9.5176,9.4784,9.3722,9.3851,9.3278,9.3134,9.3343,9.2392,9.3863,9.5023,9.4938,9.3093,9.2653,9.7123,9.4662,9.2209,8.9426,8.7266,8.5194,8.5595,8.4404,8.3749,8.3679,8.3907,8.3859,8.3933,8.3406,8.611,8.7383,8.8114,8.928,9.0011,9.0984,9.1491,9.1732,9.2136,9.1258,9.2044,9.7259,9.9012,9.8707,9.6984,9.7123
12.625,5.4596,8.4699,14.046,16.024,14.866,14.948,14.521,16.505,17.253,18.026,19.791,19.439,18.482,18.927,16.58,13.876,15.579,15.96,17.876,16.024,16.429,17.531,16.58,18.026,15.785,13.876,12.95,11.938,14.274,13.77,10.541,13.16,14.046,15.46,14.948,15.46,15.917,15.917,15.917,15.186,16.291,14.754,10.76,12.401,8.9275,8.5889,11.938,13.589,14.491,12.401,13.16,13.551,13.438,13.735,10.541,9.439,12.045,11.599,13.077,11.938,22.739,23.77,25.749,26.718,26.535,26.448,26.18,26.745,26.444,25.026,25.805,25.404,23.57,24.063,22.201,20.541,20.774,21.036,21.492,18.895,18.47,19.609,18.026,17.332,11.938,11.54,15.829,16.781,18.67,18.47,10.214,10.054,9.7705,9.5244,9.2901,9.095,9.1987,9.2306,9.4791,9.3673,9.3147,9.246,9.0866,9.0691,9.3195,9.5737,9.7214,9.9602,9.9872,10.116,10.026,10.067,10.083,10.029,9.9486,9.8346,10.097,10.159,10.027,10.214,9.5462,9.4853,9.3098,9.0667,8.8792,8.6916,8.6839,8.6383,8.5926,8.6538,8.5695,8.4285,8.5765,8.8569,9.2179,9.3289,9.6282,9.7069,9.7168,9.756,9.8488,9.559,9.6854,9.5644,9.7573,9.6529,9.6765,9.7647,9.6094,9.5462,9.9596,9.7582,9.5173,9.2533,9.0106,8.837,8.7514,8.6635,8.6464,8.6559,8.6408,8.6174,8.5858,8.5416,8.8323,8.9694,9.0821,9.2342,9.2406,9.3555,9.3223,9.2556,9.3175,9.2851,9.3437,9.8333,10.069,9.9686,9.8944,9.9596
12.645,9.36,8.7295,12.972,15.41,14.542,14.209,13.172,15.525,16.35,17.516,19.742,19.806,18.055,19.106,16.859,14.817,16.182,15.292,17.352,15.637,16.601,17.657,16.231,17.828,14.75,12.003,12.972,12.37,13.546,13.678,10.838,12.972,14.209,15.957,14.817,15.381,15.045,15.41,16.058,13.546,14.817,14.647,11.312,11.531,8.9928,6.6883,10.668,12.311,13.678,9.36,12.311,13.59,12.972,13.546,10.838,9.36,12.311,10.668,13.848,12.311,22.281,22.816,25.145,26.231,26.116,25.719,25.826,26.44,26.058,24.323,25.548,24.887,22.987,23.678,21.29,19.566,20.788,20.499,19.709,18.287,18.302,18.347,17.57,15.982,11.312,10.668,15.381,15.41,18.521,17.91,8.7121,8.6278,8.597,8.3036,7.9701,7.6966,7.9392,8.1615,8.154,8.2031,8.0533,7.9153,7.8914,7.7198,7.9387,8.1529,8.2546,8.4806,8.5481,8.5642,8.6008,8.5313,8.5656,8.5136,8.3885,8.384,8.4563,8.5907,8.5943,8.7121,8.4436,8.157,8.0439,7.8452,7.7043,7.4798,7.486,7.3949,7.4569,7.4062,7.4348,7.4737,7.4091,7.4581,7.8239,8.2673,8.4657,8.4851,8.4367,8.4785,8.4747,8.5683,8.5217,8.4049,8.3605,8.4577,8.454,8.5475,8.4796,8.4436,8.7099,8.4647,8.2131,7.9886,7.7733,7.5851,7.5236,7.4417,7.3835,7.363,7.3451,7.382,7.3686,7.2964,7.529,7.5819,7.7899,7.8776,7.9176,7.9903,8.1244,8.052,7.984,7.9563,8.3072,8.557,8.7626,8.8298,8.6136,8.7099
12.665,9.1707,8.7248,13.296,16.16,13.725,14.41,13.906,15.322,17.34,18.725,20.286,19.828,18.76,19.745,17.022,15.547,16.427,16.487,16.863,16.487,16.487,17.389,16.487,17.756,16.053,14.012,14.012,12.181,15.715,14.775,12.181,12.537,14.745,16.565,14.89,15.596,15.715,15.347,15.347,14.775,15.987,13.725,12.537,12.181,8.7248,9.0634,12.074,13.296,13.906,13.043,13.296,13.906,13.725,13.687,12.337,10.896,12.911,11.105,14.182,12.537,22.87,23.296,25.921,26.698,26.502,26.413,25.987,27.1,26.427,24.988,25.586,25.347,23.732,23.784,21.475,19.864,20.351,19.828,19.864,18.332,18.267,19.063,17.42,16.641,13.687,13.574,16.716,15.347,19.575,18.931,8.9659,8.7865,8.6657,8.3646,8.117,8.0345,8.1465,8.3939,8.4251,8.4775,8.2723,8.1314,8.0337,7.9733,8.2585,8.2614,8.5458,8.7582,8.8325,8.7804,8.8419,8.9006,8.8641,8.808,8.5974,8.8271,8.7351,8.9336,8.7457,8.9659,8.6498,8.5068,8.1859,7.9035,7.7474,7.565,7.6128,7.587,7.4697,7.6026,7.5894,7.4563,7.5583,7.6365,7.8869,8.2566,8.6409,8.567,8.6768,8.4688,8.5748,8.5033,8.5322,8.4561,8.3831,8.4333,8.5016,8.6096,8.4748,8.6498,8.9026,8.6879,8.4317,8.1869,7.9337,7.7794,7.7467,7.6407,7.5924,7.6463,7.5551,7.5305,7.4925,7.452,7.7788,7.8092,8.0432,8.1625,8.1504,8.3151,8.2865,8.3354,8.372,8.33,8.6093,8.7982,9.0251,8.9239,8.7425,8.9026
12.685,7.2437,9.2218,12.232,13.776,15.398,13.347,12.588,14.941,17.748,18.213,20.337,20.204,18.522,19.168,17.688,15.972,16.016,16.749,17.391,16.692,15.647,17.951,16.692,18.105,16.211,15.766,16.147,14.063,15.373,15.671,10.254,12.232,13.006,13.958,13.776,15.766,14.941,16.147,16.692,15.135,16.275,14.678,10.728,12.962,11.419,7.2437,12.232,14.233,15.053,13.958,13.094,15.766,12.636,14.233,13.264,11.727,13.094,11.223,12.388,14.461,21.976,23.5,25.135,26.019,25.972,26.357,25.817,26.905,26.982,24.904,25.911,25.202,22.588,23.468,21.156,19.337,20.337,19.693,19.996,18.409,18.213,20.254,17.326,17.836,14.797,14.063,17.073,17.718,19.049,19.368,8.982,9.0684,8.8468,8.7119,8.3696,8.3495,8.4081,8.6582,8.6182,8.5579,8.4902,8.3744,8.3613,8.1905,8.4325,8.578,8.7745,8.9334,8.9869,9.0275,8.9951,8.9921,9.148,8.9132,9.0045,8.8373,8.8145,8.8724,8.8615,8.982,8.7079,8.5591,8.4343,8.2894,8.1607,8.0263,8.0327,7.9425,7.9393,8.0349,7.9237,7.8856,8.0306,7.8329,8.2095,8.7118,8.9537,8.9532,9.0927,9.0526,9.0497,8.9708,8.9004,8.8623,8.9486,8.9423,8.9237,8.9545,8.6714,8.7079,9.1484,8.9467,8.657,8.4472,8.2253,8.0398,8.0421,7.9601,7.908,7.8599,7.8598,7.8146,7.8892,7.7154,7.9708,8.0884,8.4155,8.5505,8.5874,8.7474,8.7713,8.7126,8.7838,8.6765,8.8835,9.1319,9.1771,9.1772,8.9512,9.1484
12.705,4.2527,8.6763,10.967,13.977,13.644,12.198,12.656,15.69,16.654,18.402,19.778,20.015,18.504,19.145,17.491,14.253,16.231,16.654,17.538,15.666,16.654,17.826,17.956,18.83,16.294,16.058,17.411,15.155,17.093,15.69,10.748,10.273,13.284,15.262,13.977,14.185,14.253,16.498,15.262,15.418,15.418,14.757,11.242,12.607,10.967,10.273,12.144,14.253,15.262,13.284,14.757,15.666,13.977,16.167,13.758,11.438,15.208,12.407,15.262,15.072,22.299,22.382,25.19,26.466,25.848,26.04,25.639,26.753,26.498,25.138,25.441,25.155,22.959,23.456,20.725,17.767,19.068,19.597,19.971,18.165,19.665,20.748,18.591,18.39,15.418,14.481,18.069,16.805,20.146,18.877,9.3838,9.383,9.2754,8.8959,8.7218,8.5902,8.8556,8.9266,8.8475,8.9776,8.7651,8.65,8.6209,8.5254,8.7259,8.84,9.1986,9.2868,9.3692,9.4206,9.4776,9.5111,9.5602,9.3641,9.3394,9.4099,9.2701,9.2639,9.2076,9.3838,8.9338,8.9205,8.6998,8.5657,8.365,8.2349,8.2804,8.0848,8.2473,8.214,8.1351,8.1223,8.136,8.2664,8.5136,8.9715,9.4118,9.2465,9.1813,9.2686,9.2092,9.0934,9.285,9.0733,9.1333,9.0725,9.0967,9.0946,8.7658,8.9338,9.3619,9.1723,8.9419,8.7079,8.4973,8.3123,8.2627,8.1586,8.1082,8.1137,8.052,8.0537,8.0374,7.9495,8.1297,8.3754,8.5829,8.8375,8.8972,8.951,9.1255,9.0526,9.0925,9.0367,9.1639,9.3012,9.4674,9.4022,9.2043,9.3619
12.725,5.4148,6.1206,11.239,15.069,13.485,14.754,14.25,15.491,17.488,17.968,18.976,20.039,18.697,18.425,15.663,14.724,15.988,16.554,17.456,15.152,16.164,17.853,17.953,19.394,16.374,15.782,16.651,14.446,17.26,16.033,11.803,12.405,13.792,15.152,14.079,15.152,14.957,15.259,15.415,14.446,15.389,14.079,13.792,12.978,10.1,9.1309,12.604,13.11,14.724,13.11,14.079,15.152,15.259,14.813,12.141,13.11,13.974,12.604,14.813,13.485,22.772,22.942,25.518,26.914,25.682,26.177,26.175,26.745,26.055,24.522,25.154,25.2,24.172,23.367,19.719,18.387,18.874,19.228,19.662,17.277,18.792,19.932,18.976,17.597,13.792,14.446,18.269,18.229,20.899,19.238,9.2333,9.602,9.6014,9.1703,8.9776,8.8469,8.9512,9.0302,9.0282,9.0219,8.8115,8.7109,8.6202,8.5515,8.7404,8.9472,9.0843,9.301,9.3004,9.321,9.3451,9.4214,9.4217,9.2492,9.1597,9.0834,9.1086,9.0889,9.1651,9.2333,9.3588,9.2114,8.9892,8.9127,8.7118,8.5108,8.5286,8.462,8.4485,8.4158,8.3647,8.3745,8.5509,8.5708,8.8789,8.9998,9.3474,9.5632,9.5873,9.4451,9.566,9.3651,9.5966,9.4501,9.4058,9.5266,9.5583,9.4935,9.2309,9.3588,9.6298,9.4351,9.1823,8.9955,8.7253,8.5659,8.5263,8.3904,8.3694,8.4061,8.3301,8.3281,8.2606,8.2174,8.4583,8.6344,8.9113,9.1366,9.1484,9.2586,9.3032,9.2884,9.3098,9.3313,9.6279,9.7672,9.9191,9.8022,9.6065,9.6298
12.745,7.4624,5.5242,11.612,15.067,14.165,14.347,13.736,14.818,16.428,17.357,18.602,19.246,17.97,18.326,16.06,14.128,14.311,15.215,16.601,14.452,15.097,16.746,16.155,17.462,15.186,13.395,13.653,12.116,15.215,14.347,11.612,12.056,12.777,15.097,14.347,14.555,15.788,14.818,15.127,13.653,14.165,13.653,12.514,12.175,8.7978,9.0461,11.612,12.056,13.857,12.116,12.514,13.526,12.977,13.351,9.5036,9.6109,13.526,12.514,14.128,12.777,21.77,22.777,25.281,26.229,25.428,25.284,25.739,26.361,25.527,24.071,24.622,24.932,23.2,22.736,19.611,18.438,17.861,17.582,18.759,17.005,17.565,18.602,16.601,16.493,12.175,13.395,17.97,16.601,20.385,18.707,9.8646,9.836,9.9317,9.495,9.1271,9.0633,9.2617,9.3533,9.3565,9.3479,9.1423,9.0994,9.0486,8.9482,9.2427,9.4001,9.6345,9.6386,9.7258,9.7285,9.679,9.8456,9.8837,9.8318,9.676,9.6706,9.6975,9.7562,9.7698,9.8646,9.6064,9.5444,9.1394,9.113,8.8948,8.7991,8.6896,8.6715,8.6668,8.6418,8.4555,8.664,8.602,8.7142,9.2334,9.2921,9.7668,9.7048,9.8099,9.7588,9.6095,9.6452,9.7854,9.7905,9.6496,9.6743,9.6983,9.7341,9.6065,9.6064,9.837,9.6717,9.4097,9.198,8.975,8.8102,8.7289,8.6604,8.5386,8.5595,8.5163,8.4981,8.46,8.348,8.6216,8.8213,9.0246,9.1177,9.2598,9.437,9.3856,9.3897,9.4314,9.4492,9.5629,9.9899,10.099,9.9563,9.7318,9.837
12.765,6.0718,9.1893,13.232,15.917,15.94,15.366,14.908,16.754,18.732,18.625,19.883,19.699,18.18,19.082,16.242,14.201,15.566,16.446,17.041,16.006,14.705,16.583,16.072,16.446,14.031,10.051,13.436,11.635,14.908,13.436,12.2,13.315,14.429,14.705,15.94,16.179,15.21,16.505,16.179,14.134,15.733,15.103,11.635,12.604,8.6245,8.7435,11.191,13.315,14.031,12.356,11.754,15.021,13.232,13.315,9.5936,11.191,14.031,12.092,14.031,14.397,22.907,23.65,25.588,26.835,26.517,26.741,26.059,27.041,26.733,24.97,25.74,25.447,23.592,23.623,21.783,19.016,19.189,19.093,19.345,18.017,17.439,18.744,16.935,15.94,12.356,12.356,17.549,17.67,20.051,19.764,8.7747,8.878,8.5416,8.232,7.8725,7.7713,7.9853,8.0786,8.137,8.0984,7.8895,7.7618,7.7575,7.7052,7.9016,8.1156,8.1583,8.4268,8.4912,8.4927,8.5305,8.5656,8.5997,8.4995,8.4221,8.3522,8.7384,8.7802,8.7755,8.7747,8.2818,8.174,7.969,7.7036,7.4365,7.3682,7.4145,7.3714,7.3272,7.2629,7.2859,7.1756,7.2219,7.2682,7.4564,7.8011,8.3519,8.4791,8.389,8.2166,8.3249,8.3837,8.1969,8.3971,8.307,8.4777,8.3996,8.266,8.1325,8.2818,8.6015,8.4509,8.1047,7.8855,7.6495,7.4725,7.4788,7.3946,7.3108,7.262,7.3073,7.2491,7.2,7.1039,7.3265,7.4762,7.6251,7.832,7.8935,8.0566,8.1778,8.0946,8.0665,8.0676,8.429,8.939,8.9275,8.6595,8.4997,8.6015
12.785,8.0024,9.3991,13.246,15.931,15.022,15.337,14.206,16.496,17.358,18.002,19.049,19.244,18.032,18.236,16.05,13.549,13.632,14.992,16.496,14.518,14.451,15.225,15.42,15.955,13.422,10.538,10.538,10.621,13.753,14.06,11.508,11.508,13.753,14.348,14.023,15.022,14.451,15.683,14.746,14.06,14.962,13.378,10.538,11.508,9.3991,5.4197,8.6932,10.368,12.673,11.508,12.409,12.517,13.632,12.071,12.463,9.9106,12.872,11.44,13.378,12.872,22.327,22.647,25.225,26.256,25.698,26.008,25.574,26.234,25.637,23.94,25.037,24.41,22.997,22.784,20.488,17.756,18.047,18.693,18.002,16.763,16.92,17.528,16.763,16.323,11.704,12.012,15.955,15.883,19.399,18.856,9.1845,8.8648,8.6736,8.5335,8.1921,8.096,8.1455,8.2619,8.2779,8.2799,8.0952,8.0053,7.938,7.8152,8.1221,8.175,8.4141,8.6259,8.6591,8.7306,8.7602,8.7686,8.7507,8.7833,8.699,8.5601,8.7141,8.9532,8.9323,9.1845,8.5805,8.4637,8.2302,8.0017,7.8018,7.5213,7.6892,7.5073,7.6084,7.5011,7.4397,7.3229,7.5103,7.5733,7.6539,8.5024,8.4886,8.7703,8.7303,8.5191,8.4578,8.6315,8.5404,8.6237,8.5301,8.5931,8.5712,8.5393,8.4225,8.5805,8.878,8.6576,8.4037,8.1657,7.9329,7.6864,7.7269,7.6176,7.5662,7.5176,7.4897,7.4591,7.4534,7.3547,7.6534,7.7699,7.9781,8.17,8.2142,8.3673,8.3345,8.4096,8.3796,8.3421,8.6961,9.1101,9.1586,9.1803,8.8377,8.878
12.805,8.3509,8.7181,14.65,15.417,15.185,14.65,14.995,17.461,18.623,18.155,19.938,20.557,18.155,18.623,16.421,14.65,15.589,16.046,17.879,15.892,16.577,17.015,16.691,17.778,14.65,12.174,11.669,11.165,14.005,13.9,12.53,12.53,15.708,16.421,14.883,15.185,15.417,15.341,15.892,15.315,15.131,14.403,12.174,10.889,7.0155,5.5888,9.5682,13.9,13.718,12.067,13.079,14.65,13.41,13.681,12.948,11.165,11.669,12.948,13.079,13.289,22.97,23.126,25.963,27.066,26.47,26.336,26.31,27.072,26.728,25.145,25.925,25.501,23.26,23.378,20.648,19.32,19.32,19.401,19.92,17.202,18.991,19.153,17.69,17.749,13.079,13.206,16.728,16.558,20.303,19.164,9.2281,9.4162,8.9704,8.6545,8.4745,8.4463,8.4272,8.4905,8.5352,8.458,8.3604,8.2137,8.1827,8.1055,8.2276,8.4408,8.7412,8.9829,8.992,8.9251,8.8938,8.9183,8.9213,8.9052,8.7991,8.7465,8.8405,9.2436,9.219,9.2281,8.6373,8.7236,8.4064,8.1679,7.9689,7.8577,7.8755,7.696,7.7598,7.7716,7.5261,7.6294,7.7098,7.6656,7.9729,8.6547,8.8728,8.8584,8.9009,8.9217,8.8982,8.6936,8.7983,8.6662,8.8012,8.6801,8.7368,8.8501,8.7042,8.6373,9.0945,8.9531,8.6507,8.4198,8.1963,8.0086,7.9565,7.8624,7.8147,7.8252,7.781,7.7486,7.7036,7.6048,7.8485,8.1049,8.2105,8.4797,8.4987,8.5706,8.6374,8.6152,8.6506,8.6018,8.6242,9.265,9.4132,9.2263,9.0391,9.0945
12.825,6.4402,7.4093,14.502,15.133,14.765,15.277,15.389,17.322,17.662,17.304,19.053,20.039,18.719,18.273,15.389,12.924,14.569,17.028,18.385,17.122,17.917,17.727,18.054,19.193,16.44,13.298,13.342,11.064,15.471,13.43,12.461,12.972,15.471,16.308,15.073,14.399,15.709,16.102,15.277,14.569,15.578,13.473,13.298,12.003,8.7447,8.993,11.492,12.063,14.399,13.6,14.569,14.075,14.399,13.961,12.568,12.063,15.162,12.724,14.569,11.559,22.8,23.271,26.379,27.322,26.56,26.528,26.231,27.059,26.158,24.509,25.584,25.734,23.707,23.941,20.42,18.441,20.039,19.714,20.607,18.385,18.719,18.858,19.1,17.662,14.075,12.122,16.44,15.81,19.714,18.706,9.4385,9.5546,9.3491,8.9784,8.693,8.4874,8.8129,8.7849,8.7157,8.7862,8.5948,8.4169,8.4694,8.4275,8.7391,8.8061,9.0936,9.2746,9.2416,9.1934,9.273,9.2406,9.2235,9.1423,8.8955,8.9152,9.1279,9.3272,9.1804,9.4385,9.1039,8.8805,8.7989,8.479,8.2471,8.1285,8.2268,8.1599,8.0248,8.0755,8.0077,7.9945,8.0385,8.2333,8.5503,8.5718,9.1337,9.3369,9.1504,9.0513,9.1496,9.1823,9.1838,9.0736,9.0274,9.1199,9.0805,9.2504,8.9326,9.1039,9.3695,9.2325,8.9034,8.6568,8.3489,8.1466,8.2641,8.1485,8.0421,8.088,7.9758,7.8592,7.9425,7.9806,8.1778,8.2486,8.5535,8.7025,8.6096,8.746,8.9481,8.8434,8.7752,8.8427,8.8337,9.1509,9.5426,9.4668,9.1887,9.3695
12.845,8.7012,4.5258,12.681,15.03,14.031,13.254,14.25,15.118,16.83,16.504,18.505,18.505,17.26,16.985,14.355,13.254,15.482,16.83,18.229,16.83,17.486,18.397,17.366,18.229,14.722,12.525,13.386,12.417,14.25,13.639,10.376,10.546,14.526,14.526,13.557,13.639,13.639,14.526,14.526,13.639,14.031,13.386,12.681,9.9185,7.3658,9.5142,9.407,12.471,13.917,13.761,14.031,13.386,12.525,14.526,12.88,10.376,13.299,10.376,13.386,11.516,22.335,22.634,25.645,26.66,26.077,25.495,25.873,26.276,25.332,24.109,24.863,24.903,23.43,22.919,20.315,18.611,19.514,19.87,20.235,17.764,18.244,18.611,17.811,17.366,14.355,12.02,16.397,15.767,19.514,17.366,9.5983,9.7506,9.5386,9.2077,8.9953,8.8179,8.9037,8.9783,8.9559,8.9964,8.8194,8.7706,8.726,8.5772,8.8594,9.2157,9.4432,9.5955,9.6161,9.6089,9.4033,9.3944,9.406,9.2665,9.2432,9.1868,9.2487,9.3797,9.42,9.5983,9.3106,9.1635,9.0298,8.6853,8.5558,8.4341,8.4603,8.2697,8.4578,8.6379,8.3331,8.3692,8.5271,8.4276,8.8306,9.3822,9.3907,9.6517,9.5157,9.538,9.4488,9.4849,9.5348,9.3459,9.5776,9.4599,9.3992,9.3385,9.1359,9.3106,9.6055,9.4051,9.1934,8.9294,8.7248,8.5652,8.4424,8.3693,8.3094,8.3754,8.2908,8.285,8.2503,8.1233,8.3839,8.6569,8.8214,8.9472,8.9724,9.1094,9.0894,8.9575,9.1251,9.0211,9.0932,9.488,9.635,9.576,9.4227,9.6055
12.865,7.9865,8.6773,12.657,13.616,14.332,14.007,13.533,15.511,16.747,16.48,18.075,17.972,16.806,16.626,15.065,13.23,15.094,16.626,17.254,16.48,16.285,17.987,17.183,17.972,15.641,13.737,14.502,12.905,15.915,14.976,11.688,10.997,14.502,15.667,14.332,14.698,12.856,15.065,14.976,13.737,14.332,14.044,12.501,10.997,7.342,9.4904,12.657,14.73,14.502,12.447,13.616,14.044,12.657,14.435,11.688,11.492,13.616,11.492,13.893,12.905,22.657,23.301,25.618,26.48,25.659,25.8,25.574,26.48,25.667,23.924,25.006,24.519,22.631,22.895,21.034,18.332,19.646,20.539,20.046,18.318,18.639,19.126,17.595,17.595,14.007,14.044,16.747,16.48,19.126,17.595,9.8446,9.8065,9.6592,9.426,9.0671,8.9522,8.9861,9.1206,9.3303,9.2371,9.1094,9.101,8.975,9.0321,9.2004,9.5592,9.6291,9.9085,9.7784,9.7154,9.8948,9.8044,9.8083,9.6695,9.5953,9.5208,9.5143,9.7869,9.6133,9.8446,9.538,9.4813,9.1749,8.935,8.704,8.5769,8.6983,8.5677,8.5994,8.6399,8.4779,8.552,8.6678,8.7454,9.1,9.4406,9.5777,9.6034,9.6356,9.5678,9.6538,9.7713,9.5578,9.5842,9.637,9.466,9.5147,9.4764,9.3419,9.538,9.8648,9.7048,9.3769,9.1533,8.8948,8.7151,8.8046,8.6674,8.6209,8.6064,8.586,8.5137,8.5599,8.4945,8.7631,8.9456,9.1424,9.2518,9.2061,9.2874,9.5674,9.4405,9.4121,9.4485,9.4756,9.8611,9.9653,9.8532,9.6888,9.8648
12.885,7.3061,8.6415,12.465,14.399,14.296,13.857,13.971,15.029,15.903,16.249,18.337,18.551,16.711,16.711,14.296,12.621,14.94,16.771,16.982,15.631,16.868,17.751,16.59,18.616,16.444,15.174,15.903,13.701,16.507,15.059,11.9,11.456,14.466,15.174,15.631,15.174,14.466,15.368,14.694,13.58,14.19,13.857,11.652,11.456,9.0087,9.4545,12.821,13.37,14.94,13.37,13.971,15.059,13.497,12.621,13.37,11.456,13.58,12.465,14.009,12.621,23.021,23.314,25.551,26.6,25.987,25.767,25.654,26.374,25.923,24.212,24.985,24.617,22.611,22.636,19.849,18.551,19.81,19.6,20.211,18.717,18.841,19.39,18.282,17.672,14.694,14.399,16.59,15.831,18.804,17.426,10.053,10.142,9.8511,9.5839,9.2476,9.2044,9.495,9.5783,9.5344,9.4305,9.3935,9.2827,9.2525,9.2985,9.6134,9.8438,9.8472,10.093,9.9735,10.003,10.132,10.123,10.031,9.9909,9.872,9.8235,9.8595,10.047,9.7965,10.053,9.8984,9.8528,9.434,9.1433,8.9996,8.8033,9.0026,9.0299,8.9748,8.8752,8.8928,8.88,8.8884,9.1344,9.709,9.5934,10.093,10.05,9.9206,9.909,10.044,10.08,9.8872,9.9914,9.8442,9.8408,9.9116,9.9092,9.6524,9.8984,10.178,10.048,9.6567,9.4686,9.1464,8.9667,9.1511,9.0009,8.9302,8.8286,8.8891,8.8163,8.8462,8.8304,9.1157,9.2266,9.4559,9.5534,9.5684,9.639,9.8722,9.8266,9.7136,9.8259,9.8448,10.021,10.126,10.234,9.9426,10.178
12.905,8.173,8.6005,14.413,15.163,15.163,14.688,14.688,15.853,16.73,17.441,18.977,18.56,17.699,16.934,14.08,13.417,14.688,16.559,17.387,16.221,17.241,18.143,18.518,19.266,17.071,15.853,17.423,13.417,16.812,15.281,13.091,11.183,15.193,15.59,15.281,15.252,14.688,15.193,14.413,14.231,14.688,14.413,12.843,12.241,9.5696,7.6987,11.678,14.688,14.194,13.719,14.08,14.916,14.518,15.644,12.687,11.678,14.08,11.678,14.518,13.043,23.536,23.243,25.853,27.022,25.763,25.836,26.162,26.647,25.416,24.402,25.252,24.884,23.285,23.043,19.823,18.504,19.437,19.993,20.539,18.864,19.666,19.677,18.864,18.773,16.427,14.884,17.699,15.853,19.482,18.158,8.7624,8.9071,8.762,8.3768,8.1166,8.0883,7.9944,8.2009,8.2393,8.2697,8.0847,8.0005,8.0084,7.9397,8.2644,8.3803,8.7779,8.9194,8.8254,8.8881,8.9418,8.9034,8.9537,8.8463,8.8395,8.6688,8.6005,8.6922,8.5453,8.7624,8.5465,8.3533,8.1475,7.9326,7.8278,7.5854,7.623,7.6734,7.6896,7.7257,7.5427,7.7192,7.4812,7.9263,8.1613,8.5704,8.7822,8.779,8.7832,8.7388,8.7509,8.7811,8.786,8.7139,8.5727,8.4764,8.677,8.6161,8.5615,8.5465,8.907,8.6955,8.4527,8.1805,7.9981,7.7782,7.7601,7.6343,7.5955,7.6913,7.5896,7.5689,7.5701,7.5326,7.7937,8.0067,8.2109,8.324,8.3917,8.5246,8.4962,8.5257,8.5478,8.5357,8.5347,8.8928,8.913,8.8484,8.6711,8.907
12.925,8.9621,9.8122,14.144,16.334,15.661,15.428,15.127,15.952,16.29,16.972,19.355,18.962,17.949,17.118,15.559,13.323,16.225,16.665,18.137,16.878,17.154,18.123,17.43,19.235,18.022,16.461,16.158,13.323,16.724,15.559,10.914,12.822,15.127,15.833,14.924,14.647,14.894,14.249,14.924,13.192,14.144,14.647,11.133,12.574,8.9621,8.9621,10.914,13.962,14.108,11.409,13.533,14.894,13.811,15.127,12.574,11.133,13.45,11.409,13.925,13.28,22.61,22.997,25.833,26.31,25.806,25.666,25.777,26.225,25.399,23.962,25.101,24.502,23.112,22.574,19.831,17.767,19.344,19.675,20.101,17.934,19.043,19.812,18.708,18.399,15.375,14.249,16.821,16.136,19.268,17.949,9.3109,8.9454,8.9676,8.7497,8.4878,8.3209,8.4677,8.5007,8.5903,8.5788,8.4943,8.4505,8.423,8.3313,8.5172,8.7986,9.2041,9.358,9.398,9.3016,9.3159,9.4288,9.4685,9.3127,9.3498,9.1636,9.1245,9.2342,9.1725,9.3109,8.953,8.7819,8.3335,8.1805,8.0556,7.8358,8.0135,7.9048,7.854,8.0508,7.9117,8.0279,8.0562,8.1358,8.6378,8.8632,9.179,9.1568,9.1244,9.1608,9.1719,9.1373,9.0572,9.0058,9.0978,8.996,9.0543,8.8934,8.7778,8.953,9.1828,8.9265,8.7177,8.4515,8.2243,8.0416,8.0252,7.9359,7.8987,7.9826,7.872,7.8954,7.8291,7.8068,8.0457,8.1802,8.5274,8.6866,8.7109,8.8669,8.8511,8.8236,8.8596,8.7997,8.904,9.1327,9.2861,9.2418,9.0554,9.1828
12.945,10.337,11.476,14.961,16.357,15.727,15.924,15.626,16.465,17.941,17.167,19.029,18.91,17.497,17.971,14.316,14.211,15.851,16.869,17.326,17.167,17.221,18.775,18.466,19.246,17.039,15.924,16.61,13.992,16.203,15.651,13.6,13.39,14.316,15.626,13.992,15.388,14.486,14.714,14.714,14.029,13.517,14.316,12.039,10.59,9.029,9.3676,9.8791,13.6,14.211,14.419,13.721,14.714,13.6,13.39,12.039,12.378,12.432,11.2,13.517,12.485,22.631,23.259,25.807,26.765,25.931,26.019,25.54,26.325,25.61,24.399,25.256,24.559,22.894,22.548,19.879,18.775,19.378,19.621,20.177,17.497,18.466,19.017,18.016,17.645,14.682,13.992,17.429,16.791,18.922,18.001,9.3997,9.6107,9.2305,8.9502,8.6005,8.5034,8.7537,8.7361,8.75,8.8135,8.6543,8.4804,8.6226,8.633,8.8164,9.0317,9.3025,9.4741,9.4568,9.4627,9.6169,9.6,9.5781,9.4666,9.3257,9.2734,9.4072,9.3367,9.2627,9.3997,9.1482,9.1043,8.6598,8.3643,8.1318,7.9925,8.2162,8.2181,8.0835,8.0125,8.1848,8.0867,8.1628,8.3838,8.5033,8.9097,9.3307,9.2936,9.2588,9.127,9.1961,9.1188,8.9668,9.1223,8.9654,9.0414,9.1407,9.009,8.8933,9.1482,9.4086,9.2303,8.9028,8.6624,8.4083,8.1866,8.2853,8.2055,8.107,8.1171,8.0651,8.026,8.0731,8.0154,8.3816,8.4308,8.6735,8.78,8.8047,8.9679,9.0679,9.0747,9.0807,8.8715,9.0605,9.4642,9.6473,9.4731,9.2037,9.4086
12.965,10.279,11.231,14.991,16.388,15.758,15.954,15.224,16.821,16.899,17.61,18.768,19.772,18.496,17.802,16.255,13.421,15.656,16.899,18.483,17.051,17.986,18.536,18.692,19.441,16.762,15.656,17.198,14.45,17.477,15.656,12.408,12.011,14.347,16.495,14.745,14.347,14.059,14.347,13.63,13.63,13.421,14.517,12.408,11.507,8.0014,8.0014,10.367,12.92,14.022,14.059,14.241,14.991,13.752,14.022,13.29,11.507,13.245,9.9096,13.752,11.951,22.871,22.925,25.997,27.004,25.882,25.718,25.526,26.179,24.976,23.752,24.652,24.82,23.683,22.625,20.208,18.001,18.347,19,19.141,17.723,18.692,18.806,17.864,16.899,12.672,13.421,17.527,15.656,19.661,17.61,9.7846,9.6993,9.5159,9.2568,8.9281,8.8522,8.9738,8.9953,9.0204,9.1717,8.963,8.9259,8.9046,8.8538,9.2591,9.4017,9.716,9.7929,9.7589,9.8166,9.8969,9.9057,9.9172,9.7641,9.7799,9.7073,9.6613,9.746,9.6324,9.7846,9.3771,9.1395,8.9758,8.6645,8.4596,8.2319,8.2975,8.474,8.3718,8.3999,8.3779,8.4012,8.5399,8.5366,8.8652,9.4499,9.6297,9.7508,9.6333,9.6157,9.5218,9.4705,9.5025,9.4153,9.5951,9.5188,9.5609,9.4567,9.2864,9.3771,9.6375,9.4557,9.1749,8.9424,8.6676,8.5027,8.5116,8.3863,8.3618,8.3534,8.2907,8.2647,8.2721,8.2561,8.5983,8.5931,8.9442,8.9863,9.0238,9.1497,9.2645,9.2516,9.2562,9.2102,9.3638,9.6238,9.7828,9.7043,9.4894,9.6375
12.985,9.6659,10.888,14.29,15.377,15.95,15.377,15.604,16.763,17.519,17.466,20.282,19.362,17.625,18.07,15.687,13.645,16.198,17.089,17.795,17.03,18.023,18.96,18.601,18.764,16.826,15.687,17.089,15.377,17.244,16.198,11.499,12.783,14.785,15.492,14.981,14.614,13.645,15.348,14.02,11.499,15.259,13.898,9.7732,11.774,9.6659,8.2693,11.499,13.816,14.785,13.898,13.689,14.717,13.188,15.013,12.338,11.774,14.327,12.279,13.898,13.645,22.789,23.293,25.67,26.408,25.924,25.932,25.546,26.501,26.203,24.408,25.447,24.933,23.075,23.307,21.317,19.232,19.362,19.578,19.074,17.466,18.239,18.87,16.763,17.167,13.816,13.645,17.167,16.656,19.545,18.358,10.055,10.078,9.789,9.4207,9.1603,9.0957,9.2579,9.1704,9.3096,9.3171,9.1949,9.1024,9.0326,8.9778,9.3511,9.6523,9.8115,10.065,10.075,10.079,10.062,10.029,10.126,9.9786,9.958,9.9199,9.878,9.8838,9.7635,10.055,9.5636,9.3558,9.1543,8.8459,8.6581,8.5354,8.6693,8.5047,8.6457,8.6587,8.6447,8.652,8.8607,8.9079,9.0594,9.5982,9.8815,9.8005,9.5396,9.7345,9.7254,9.6372,9.7712,9.6982,9.694,9.7957,9.681,9.6545,9.3862,9.5636,9.8804,9.661,9.3684,9.1734,8.9182,8.7357,8.6848,8.5955,8.5751,8.5897,8.5549,8.4798,8.4163,8.4502,8.7528,8.7731,9.0468,9.2243,9.3019,9.3624,9.4296,9.4014,9.3959,9.4931,9.639,10.034,9.9822,9.7888,9.7072,9.8804
13.005,10.637,12.141,14.735,16.447,15.858,16.12,15.556,17.38,18.122,18.279,19.993,20.438,17.958,18.566,15.947,14.646,16.447,16.676,18.59,17.612,18.517,19.851,19.276,20.036,17.745,16.447,18.869,15.675,18.122,16.12,11.695,12.088,14.617,15.383,14.735,15.044,14.705,15.307,14.646,13.173,14.735,13.647,11.132,12.871,8.0543,9.1307,12.034,13.972,15.556,13.972,13.831,15.307,14.646,15.307,12.497,12.034,14.586,13.685,16.266,13.972,23.666,23.941,25.892,26.719,26.301,26.445,26.101,26.998,26.276,24.915,25.58,25.587,23.685,23.912,21.683,18.869,19.611,19.486,19.931,17.972,19.023,19.131,17.745,16.982,13.685,14.646,18.578,17.3,19.931,18.431,8.8285,8.8613,8.5602,8.1548,8.0035,7.8126,8.1084,7.9862,8.1534,8.1339,8.0875,7.9581,7.9751,8.0198,8.1751,8.3681,8.6052,8.8722,8.9215,8.9273,8.9534,8.9431,8.9844,8.833,8.8427,8.8279,8.8005,8.7931,8.6571,8.8285,8.1994,8.0942,7.7651,7.7062,7.4579,7.3347,7.3628,7.4763,7.414,7.305,7.4068,7.3423,7.6012,7.5737,7.7216,8.3474,8.43,8.6613,8.5329,8.4045,8.4559,8.4042,8.3419,8.3536,8.3868,8.3533,8.4048,8.3318,8.1424,8.1994,8.6274,8.4741,8.1085,7.9042,7.6723,7.5102,7.5427,7.4261,7.4222,7.3802,7.3596,7.2994,7.3195,7.2745,7.5524,7.7004,7.8208,7.9674,8.0704,8.1648,8.3233,8.265,8.2533,8.3384,8.4772,8.8318,8.9211,8.7814,8.5178,8.6274
13.025,8.0411,10.66,13.285,13.791,14.099,14.386,14.753,16.802,18.523,18.536,19.94,19.405,16.471,18.041,16.427,14.099,16.471,17.397,18.159,17.255,17.397,19.405,18.041,19.449,17.567,16.535,17.65,16.427,16.427,16.535,12.109,12.502,13.417,14.386,13.948,15.264,13.587,13.948,14.062,14.557,13.948,12.96,11.546,11.27,10.407,8.4687,12.711,13.46,13.948,14.557,14.386,14.489,13.587,13.285,13.329,12.555,11.546,12.911,13.46,12.711,22.109,23.003,24.756,25.502,25.558,25.885,25.227,26.438,26.395,24.56,25.362,24.704,22.231,22.847,21.029,18.469,19.438,18.895,19.481,17.842,17.715,18.086,17.091,17.091,13.587,12.555,16.273,15.696,18.386,18.041,9.0148,8.918,8.6058,8.4582,8.3289,8.1231,8.3246,8.3502,8.4183,8.3923,8.3083,8.2278,8.2106,8.1457,8.5071,8.6231,8.8881,9.0861,9.1518,9.1031,9.2015,9.1359,9.1353,9.0451,9.038,8.9808,8.9251,8.8871,8.8057,9.0148,8.4171,8.3302,7.9362,8.0058,7.6405,7.5668,7.6577,7.6696,7.7315,7.618,7.5656,7.7018,7.7891,7.752,8.1946,8.7279,8.6945,8.9095,8.6905,8.7713,8.8585,8.7862,8.7315,8.6492,8.8154,8.6739,8.5774,8.6177,8.4927,8.4171,8.9142,8.7192,8.3544,8.2151,7.9753,7.787,7.8346,7.7205,7.6824,7.6077,7.6979,7.6775,7.6431,7.5695,7.8572,7.9686,8.0384,8.3681,8.362,8.4237,8.6133,8.6081,8.4727,8.5386,8.7178,8.9431,9.0591,8.9445,8.7971,8.9142
13.045,8.6626,8.6626,13.722,15.627,12.89,13.348,15.05,16.02,17.327,17.447,19.018,19.111,17.327,17.327,14.715,13.391,16.02,16.401,18.002,17.327,17.58,19.03,18.467,19.802,16.946,16.358,17.168,14.715,17.239,15.652,10.337,11.921,14.176,14.961,13.518,14.03,14.317,15.05,14.487,13.216,15.05,12.642,12.379,11.41,7.9718,9.3684,11.921,13.722,13.518,11.201,13.518,14.715,12.842,15.627,12.04,10.982,12.642,11.201,13.391,12.642,22.486,22.842,25.24,26.455,25.695,25.652,25.24,26.275,25.634,23.992,25.039,24.638,23.391,23.028,20.525,18.016,19.065,18.358,19.476,17.447,17.957,18.399,18.467,17.645,14.03,12.89,16.358,14.961,18.971,17.514,9.1147,9.1993,8.942,8.632,8.4899,8.4589,8.5551,8.666,8.5738,8.6052,8.4426,8.3286,8.3739,8.3049,8.6227,8.9481,9.1245,9.3118,9.36,9.254,9.4084,9.3106,9.3893,9.1747,9.1743,9.096,9.1457,9.1109,8.9271,9.1147,8.7018,8.6026,8.3615,8.1792,8.0767,7.8356,7.8608,7.7763,7.8247,7.8775,7.8384,7.8392,7.985,8.0657,8.2295,8.8325,8.9132,8.9635,9.019,8.8846,8.9316,8.9297,8.8106,8.7963,8.7203,8.719,8.6397,8.7079,8.4759,8.7018,9.1177,8.9959,8.7254,8.4422,8.2318,8.0362,8.0288,7.9549,7.8783,7.9143,7.8458,7.8017,7.8226,7.7372,7.9738,8.2335,8.293,8.5454,8.5411,8.6732,8.7931,8.7234,8.7518,8.6991,8.9195,9.2007,9.2846,9.2473,9.0555,9.1177
13.065,7.4497,7.2794,13.674,15.972,13.47,13.553,13.553,16.223,16.974,16.685,18.728,19.063,17.909,17.279,13.831,13.674,14.914,16.418,18.013,16.31,17.725,18.589,18.923,20.157,17.399,15.604,17.279,14.667,16.822,15.003,11.933,10.934,13.553,14.164,12.594,13.343,13.982,15.579,13.47,11.992,13.674,13.47,11.153,11.625,10.29,7.4497,11.933,13.3,14.164,11.429,13.168,15.147,13.3,15.147,11.429,10.46,13.47,11.992,13.47,11.625,23.091,22.71,25.587,26.6,25.587,25.454,25.74,26.418,25.167,23.698,24.635,24.938,23.812,22.961,20.41,18.419,18.405,19.017,18.923,17.787,18.269,18.97,18.143,18.589,14.439,12.331,16.822,14.914,19.063,17.532,9.5468,9.3029,9.2639,8.9406,8.793,8.6854,8.7257,8.8156,8.8608,8.9326,8.7646,8.664,8.6586,8.65,9.1337,9.1701,9.5587,9.6401,9.7189,9.8374,9.7211,9.7092,9.8107,9.6306,9.601,9.5688,9.4834,9.4098,9.4282,9.5468,8.868,8.6668,8.5705,8.5352,8.3262,8.0804,8.1545,8.129,8.0993,8.2389,8.1423,8.2159,8.281,8.2124,8.6718,8.895,9.2961,9.29,9.2997,9.2523,9.1814,9.0806,9.2446,9.1247,8.9231,9.0219,9.1938,8.9386,8.7479,8.868,9.4222,9.1324,8.9956,8.7294,8.5509,8.3862,8.2347,8.1057,8.1206,8.2083,8.116,8.1123,8.0698,7.9747,8.2931,8.3476,8.5713,8.7635,8.875,8.9925,8.9666,8.9196,9.039,8.9804,9.0242,9.3899,9.4893,9.3257,9.252,9.4222
13.085,5.6217,8.632,13.488,14.684,14.286,13.57,14.145,16.173,16.702,17.009,19.081,18.436,16.839,17.137,14.145,12.348,14.931,16.195,17.804,16.327,17.137,18.795,17.742,19.508,16.371,16.435,16.702,13.691,16.581,15.412,11.379,11.17,14.145,14.389,14.286,13.848,13.962,15.989,13.229,12.611,13.185,12.811,10.56,10.56,7.2966,8.3687,10.951,13.36,12.611,12.86,13.962,14.286,14.145,14.931,13.962,12.611,13.229,11.446,13.848,11.95,22.611,23.185,25.455,26.347,25.901,25.489,25.785,26.381,25.596,23.683,25.008,24.76,23.108,22.85,20.989,17.804,18.94,19.034,19.349,16.991,18.436,19.381,18.03,18.16,14.286,13.57,16.371,14.901,18.632,17.971,9.8497,9.6788,9.5554,9.1452,8.9473,8.9617,9.069,9.1554,9.2211,9.1442,8.9875,8.9442,8.9707,8.9184,9.2723,9.4231,9.7745,9.912,9.8564,9.9883,10.078,9.992,10.047,9.8926,9.8194,9.9592,9.8686,9.6976,9.7423,9.8497,9.2533,9.142,8.8494,8.6474,8.6253,8.3101,8.4221,8.3265,8.4231,8.4398,8.3863,8.3758,8.679,8.7058,8.9241,9.3656,9.5685,9.6474,9.6219,9.665,9.5461,9.4029,9.5227,9.3796,9.4994,9.4836,9.5003,9.174,9.163,9.2533,9.6221,9.4742,9.1653,8.998,8.738,8.5754,8.5159,8.4285,8.4029,8.416,8.3448,8.3843,8.3952,8.2877,8.5432,8.6959,8.8303,8.9587,9.1177,9.1959,9.3447,9.2369,9.2962,9.1566,9.3256,9.5782,9.7802,9.6743,9.5456,9.6221
13.105,4.5049,4.5049,11.999,14.229,13.366,13.536,13.536,15.942,16.964,17.515,18.335,18.417,16.887,16.907,14.335,12.66,14.733,15.746,17.239,15.87,16.629,18.078,17.989,18.988,16.483,14.701,16.221,14.229,16.809,15.407,11.495,11.219,14.229,15.514,15.068,13.896,14.229,13.619,13.233,13.409,13.896,12.66,11.999,9.4934,8.6803,7.9895,10.355,12.859,13.233,13.74,13.896,14.229,13.233,14.01,12.66,10.526,12.66,11.495,14.01,11.495,22.796,22.402,25.644,26.466,25.862,25.862,26.025,26.244,25.407,24.029,25.103,24.879,23.473,22.951,20.801,18.655,18.843,18.953,18.642,17.039,18.524,19.265,17.974,18.335,14.438,13.619,16.376,16.221,18.68,18.108,9.9057,10.13,9.8014,9.2986,9.1831,9.0718,9.2956,9.2737,9.292,9.2589,9.1119,8.9809,9.1358,9.0444,9.2659,9.486,9.7447,9.8619,9.9385,9.9078,10.021,9.9677,10.025,9.8363,9.8436,9.7107,9.827,9.8269,9.7032,9.9057,9.5432,9.3873,9.1977,8.9882,8.7441,8.6531,8.6208,8.6188,8.5692,8.6471,8.4906,8.5863,8.6046,8.6632,9.1247,9.5606,9.634,9.8131,9.815,9.7011,9.7364,9.7041,9.791,9.6148,9.6114,9.4431,9.6696,9.5276,9.4523,9.5432,9.926,9.7127,9.4271,9.2068,8.9784,8.781,8.7754,8.6995,8.6053,8.6446,8.595,8.5224,8.5177,8.5374,8.8185,8.842,9.0912,9.1936,9.3286,9.4167,9.5705,9.5229,9.5686,9.3874,9.4829,9.7994,10.029,9.9538,9.7246,9.926
13.125,3.3893,8.0133,12.42,14.071,13.389,12.684,14.071,15.694,16.911,16.988,18.78,18.359,16.267,17.063,15.092,12.527,14.725,15.668,17.21,15.966,16.061,17.767,17.063,18.232,16.443,14.217,16.245,13.764,15.942,15.003,11.243,11.451,13.389,15.003,14.529,13.56,15.121,15.092,15.033,11.518,14.253,12.082,9.9215,10.632,6.3996,9.4099,10.549,12.527,14.529,12.932,12.684,14.529,13.389,15.121,11.714,10.632,12.883,11.518,14.529,12.527,22.517,23.102,25.392,26.376,25.694,25.886,25.301,26.507,25.797,23.858,24.988,24.891,22.819,23.07,20.777,19.071,18.666,18.508,18.976,17.767,18.013,19.873,17.814,18.508,15.236,13.92,17.281,16.4,19.153,17.622,10.215,10.148,10.058,9.6421,9.2953,9.2227,9.5846,9.5558,9.6251,9.4664,9.3371,9.3211,9.3039,9.288,9.5375,9.8977,10.104,10.104,10.085,10.249,10.345,10.246,10.3,10.153,10.135,10.085,10.193,10.078,9.9591,10.215,9.7457,9.6669,9.3556,9.2449,9.0343,8.7918,8.9944,8.8155,8.8396,8.8306,8.8367,8.9231,9.0522,8.9262,9.3568,10.115,10.07,10.208,10.052,10.08,10.156,10.081,10.036,10.041,9.9418,10.035,9.9166,9.8496,9.6801,9.7457,10.148,9.9254,9.6607,9.4317,9.2138,9.0374,9.0905,8.968,8.8877,8.881,8.8783,8.8819,8.7899,8.7503,8.9947,9.1007,9.3563,9.4972,9.5732,9.6954,9.8748,9.8789,9.824,9.7752,9.8023,9.9398,10.163,10.169,9.9535,10.148
13.145,4.5361,7.3761,12.089,14.536,13.264,12.939,12.691,15.777,16.252,17.052,18.24,18.051,17.089,16.068,14.041,12.535,14.366,15.701,16.938,15.129,15.676,17.376,16.919,18.621,15.01,14.225,15.545,12.939,15.949,15.01,11.526,11.031,14.764,15.244,14.732,14.366,13.264,14.366,14.366,12.691,12.535,12.428,10.557,8.9597,5.7012,10.557,10.386,12.939,14.366,12.428,14.26,14.469,13.567,13.397,12.691,12.939,13.397,12.482,14.732,11.031,22.802,23.504,25.834,26.654,25.516,25.676,25.701,26.374,25.613,23.554,24.499,24.619,23.504,22.706,20.099,19.02,18.051,18.711,19.263,17.742,18.711,19.079,18.686,19.471,16.407,15.545,17.288,15.777,19.296,18.065,10.342,10.399,10.094,9.8527,9.6116,9.5168,9.7752,9.7108,9.6753,9.6827,9.5106,9.3562,9.4452,9.3458,9.7427,9.8968,10.189,10.294,10.306,10.407,10.487,10.415,10.455,10.292,10.258,10.176,10.147,10.218,10.077,10.342,9.9152,9.8866,9.7511,9.3921,9.2249,8.9925,9.0125,8.9417,8.9163,9.0057,8.8723,8.9161,9.0151,9.0452,9.4183,9.6934,10.114,10.269,10.101,10.076,10.14,10.063,10.093,9.8705,9.78,9.8577,9.8703,9.8449,9.4326,9.9152,10.406,10.211,9.8861,9.6234,9.436,9.2591,9.2787,9.1769,9.1077,9.156,9.1104,9.0422,9.0534,8.987,9.2972,9.443,9.6082,9.8873,9.9114,10.038,10.203,10.127,10.208,10.121,10.144,10.24,10.437,10.449,10.192,10.406
13.165,5.404,7.001,11.485,14.218,13.104,13.496,13.715,16.506,17.97,17.52,18.806,19.335,16.743,17.001,15.862,13.022,15.156,15.428,17.084,15.729,16.295,18.166,17.018,18.751,16.543,15.428,16.671,14.218,16.831,15.355,12.894,12.764,13.715,15.428,14.465,15.523,15.404,15.232,16.373,13.496,14.554,13.923,8.1661,10.98,7.001,10.486,11.544,12.719,15.523,13.991,13.226,14.892,12.851,15.796,11.485,13.104,12.894,12.345,14.554,13.991,22.719,24.167,26.051,26.691,26.206,26.757,25.707,26.698,26.874,24.917,25.179,25.348,23.285,23.473,22.053,19.383,19.636,18.979,20.02,18.533,18.839,20.486,18.915,19.673,17.276,15.355,18.166,17.807,20.094,19.374,8.9479,8.9208,8.9255,8.6232,8.3282,8.206,8.477,8.5424,8.5254,8.3812,8.3451,8.1443,8.1466,8.1195,8.3032,8.5248,8.7164,9.0061,9.0195,9.0279,9.123,9.1648,9.1265,9.0289,8.8607,8.8862,8.8697,8.8213,8.7657,8.9479,8.723,8.5847,8.256,8.0561,7.9538,7.7893,7.8583,7.7894,7.846,7.8466,7.8483,7.7755,8.0779,7.9605,8.4349,8.7748,9.1068,9.1219,8.9526,8.8887,9.0665,9.0007,8.9426,8.9178,9.0351,8.8776,8.8182,8.9067,8.607,8.723,9.1634,8.986,8.6131,8.4238,8.1671,8.0255,8.0535,7.9789,7.9201,7.8513,7.9149,7.8446,7.8846,7.8114,8.1223,8.2261,8.3558,8.6098,8.666,8.8697,8.9572,8.9689,8.8918,8.9192,8.8926,9.098,9.2024,9.1457,8.9936,9.1634
13.185,3.3085,4.448,11.634,13.839,12.603,11.882,13.176,15.813,15.885,17.001,17.733,18.427,16.572,16.319,13.953,11.438,12.851,13.99,15.861,13.479,15.885,16.572,17.001,18.823,15.587,13.839,15.155,12.603,15.98,15.155,11.942,10.943,14.278,14.676,13.99,14.278,13.309,14.448,13.176,13.839,13.309,12.339,11.162,8.9905,5.3497,7.4583,9.8406,13.309,13.309,12.802,13.683,13.683,13.839,14.448,12.802,12.802,14.172,11.162,15.011,11.942,22.875,22.841,25.587,26.576,25.656,25.417,25.457,26.036,24.798,23.651,24.673,24.97,23.207,22.856,20.13,18.427,18.884,18.598,19.551,16.572,18.991,19.551,19.174,19.974,16.83,15.689,18.533,16.362,20.166,19.026,9.2045,9.1198,9.353,8.8323,8.4711,8.4807,8.6898,8.621,8.6913,8.627,8.4345,8.3506,8.3093,8.3785,8.5499,8.87,9.0002,9.3102,9.3673,9.2826,9.3234,9.34,9.4406,9.2021,9.2197,9.0772,9.0465,9.1591,9.0121,9.2045,8.9766,8.7793,8.6435,8.3975,8.3298,8.1284,8.2311,8.1365,8.0184,8.151,7.9986,8.1014,8.2553,8.2922,8.6934,9.0624,9.3626,9.4653,9.3882,9.396,9.2416,9.2251,9.3642,9.3448,9.0864,9.1992,9.1163,9.0786,8.9341,8.9766,9.4286,9.1729,8.9399,8.7122,8.5267,8.3413,8.3203,8.1976,8.1518,8.2182,8.1143,8.1526,8.1368,8.0526,8.39,8.479,8.7071,8.8838,9.0219,9.1167,9.2491,9.2221,9.2269,9.1565,9.177,9.2535,9.5031,9.3505,9.1867,9.4286
13.205,2.3538,2.3538,13.493,14.292,12.354,12.015,12.461,15.055,15.282,16.333,17.302,17.555,16.376,15.827,12.461,12.015,11.896,13.576,15.627,14.462,15.995,15.995,17.947,18.91,16.376,14.462,16.44,12.817,16.268,13.697,11.452,11.452,15.025,15.055,13.697,13.191,13.967,15.17,12.617,12.354,12.354,12.015,12.617,9.3435,5.6274,6.3332,10.313,12.461,14.658,13.576,14.292,14.005,14.462,14.966,14.005,12.408,14.462,11.648,15.282,12.354,22.942,22.591,26.406,26.963,25.388,24.984,25.741,26.076,24.186,22.865,24.133,24.712,24.075,22.773,19.845,17.555,17.932,17.555,19.086,17.669,18.946,19.189,20.007,19.688,16.864,15.876,18.993,16.333,20.566,17.473,9.2153,9.7941,9.3901,9.0591,8.7106,8.8025,8.6504,8.7291,8.8472,8.7847,8.5402,8.328,8.4065,8.327,8.5683,8.6375,9.0511,9.3516,9.3465,9.3411,9.3086,9.2904,9.2991,9.2282,9.0687,9.0287,8.9088,8.9078,8.9993,9.2153,9.2121,9.1527,8.8503,8.6585,8.574,8.4485,8.2605,8.2192,8.1861,8.5252,8.1821,8.2793,8.4618,8.5055,9.1664,9.5319,9.7942,9.7036,9.6367,9.6975,9.5947,9.3758,9.6382,9.5295,9.5574,9.5535,9.4766,9.3959,9.2357,9.2121,9.6644,9.402,9.1926,8.9231,8.795,8.5912,8.5071,8.392,8.321,8.491,8.3493,8.3302,8.3735,8.2487,8.5986,8.659,8.9369,9.1805,9.2285,9.3586,9.4376,9.455,9.5465,9.4066,9.441,9.4932,9.6433,9.693,9.5335,9.6644
13.225,4.4591,5.6241,11.449,13.49,13.32,12.614,12.814,15.051,16.242,15.991,18.062,17.469,16.198,15.361,13.85,11.173,11.953,14.933,16.175,15.361,15.991,16.993,16.918,18.634,15.991,14.963,15.279,12.614,15.896,13.694,11.645,11.893,14.183,15.468,14.183,13.85,14.289,15.624,14.289,13.32,13.232,11.645,11.449,10.48,6.3299,7.9436,10.222,12.351,14.289,13.49,13.85,14.147,14.001,14.963,12.614,11.173,14.147,11.173,14.289,11.953,22.75,23.014,25.473,26.587,25.677,25.428,25.575,26.384,25.385,23.722,24.506,24.529,23.573,22.881,20.48,18.033,18.834,18.544,19.604,17.194,18.544,19.957,19.604,20.177,16.704,15.624,18.438,17.552,19.919,18.883,9.568,9.831,9.6729,9.4247,9.1898,9.0873,8.916,9.1206,9.1159,9.0932,8.9319,8.8441,8.7657,8.6828,8.8918,9.3406,9.6107,9.7748,9.9359,9.821,9.8068,9.6922,9.8791,9.644,9.6864,9.5673,9.5285,9.4165,9.4033,9.568,9.422,9.4813,9.205,8.9993,8.8337,8.8052,8.7329,8.586,8.6453,8.7814,8.5958,8.6551,8.8855,8.6268,9.1022,9.6188,9.838,9.9741,9.9304,9.8691,9.8143,9.6952,9.7069,9.7505,9.7049,9.8286,9.5523,9.4573,9.3608,9.422,9.876,9.6608,9.4341,9.2115,9.0696,8.8862,8.7456,8.6395,8.6708,8.6916,8.6515,8.6867,8.5958,8.5203,8.7873,9.0332,9.2411,9.4476,9.4838,9.6061,9.6764,9.6267,9.8225,9.6947,9.846,9.9358,9.9134,9.8269,9.7861,9.876
13.245,-0.65442,6.3353,9.4528,13.495,13.325,12.619,12.619,15.829,15.366,16.506,17.671,17.622,16.27,15.473,12.819,10.568,13.368,14.66,16.203,15.172,15.902,16.866,16.999,18.444,15.878,13.97,15.172,12.619,14.939,14.692,10.568,12.356,14.692,14.294,14.294,13.97,14.464,15.057,13.495,12.356,13.97,11.65,10.485,10.568,5.3662,8.888,10.959,12.356,14.464,12.619,13.97,14.969,13.193,15.829,11.898,11.454,13.578,11.958,14.969,12.619,22.463,22.972,25.358,26.413,25.172,25.497,25.434,26.196,25.211,23.806,24.481,24.664,23.415,22.891,20.721,18.376,18.484,19.042,19.346,18.168,18.444,19.69,19.346,19.934,15.997,15.028,18.336,17.145,20.155,18.716,9.4405,10.512,9.9814,9.4958,9.3737,9.1194,9.2373,9.2098,9.2691,9.2159,8.9907,8.9285,8.8093,8.8137,9.0841,9.4117,9.6415,9.8086,9.7533,9.749,9.7638,9.7054,9.695,9.623,9.4279,9.3091,9.2915,9.2822,9.2645,9.4405,9.8591,9.6462,9.4498,9.3074,8.996,8.8853,8.8545,8.7767,8.9793,8.9342,8.8235,8.814,9.0869,8.9984,9.336,9.952,10.163,10.077,9.9628,9.9828,10.271,10.079,9.9695,9.9404,9.9977,9.9527,9.9372,9.8482,9.6787,9.8591,10.119,9.8943,9.6534,9.4726,9.2957,9.0781,8.999,8.9326,8.9165,8.8957,8.9127,8.8698,8.8367,8.7242,9.017,9.2179,9.4781,9.6098,9.6667,9.8675,9.9104,9.9068,9.9054,9.8658,9.8596,10.009,10.122,10.091,9.9186,10.119
13.265,4.4696,5.3714,11.183,12.824,13.373,11.459,12.624,15.062,17.022,15.883,17.755,16.929,15.479,15.635,14.666,9.3508,13.5,14.47,16.871,15.425,15.635,17.204,17.022,18.808,15.883,15.033,15.479,13.33,14.944,14.47,11.392,12.022,14.666,14.914,14.666,14.697,13.704,14.666,15.177,13.33,12.873,12.624,10.32,10.964,7.3096,9.3508,11.963,14.299,15.289,12.624,13.861,14.299,13.861,14.299,11.903,11.459,14.012,10.964,13.704,12.624,22.052,23.006,25.14,26.113,25.479,25.544,25.415,26.334,25.711,23.857,25.114,24.832,23.066,22.7,20.638,18.286,19.012,19.012,20.363,18.449,18.619,19.614,19.012,19.012,16.002,16.208,18.382,17.939,19.862,19.012,13.032,13.268,13.216,12.786,12.497,12.369,12.455,12.537,12.552,12.466,12.255,12.212,12.228,12.079,12.439,12.553,13.253,13.218,13.198,13.17,13.131,13.156,13.087,12.977,12.897,12.779,12.762,12.69,12.669,13.032,13.085,12.955,12.614,12.404,12.194,12.124,12.014,12.002,12.037,11.968,12.183,11.972,12.072,12.345,12.643,13.141,13.281,13.352,13.209,13.177,13.059,13.207,13.128,13.276,13.131,13.041,13.003,12.83,12.776,13.085,13.384,13.189,12.878,12.701,12.468,12.311,12.293,12.153,12.102,12.162,12.141,12.101,12.094,11.99,12.374,12.502,12.738,12.918,13.023,13.144,13.127,13.162,13.301,13.151,13.19,13.349,13.433,13.303,13.189,13.384
13.285,4.446,3.3065,9.3271,12.337,13.35,12.8,11.88,15.348,16.424,16.487,18.049,17.18,14.446,15.978,12.8,12.337,13.56,14.89,16.36,15.978,16.251,17.604,16.424,17.96,15.585,15.348,14.379,13.174,14.674,14.446,9.4344,12.445,12.601,14.134,14.446,14.92,14.446,15.038,14.92,12.8,13.988,12.391,8.6213,9.4344,10.467,7.4563,12.391,14.446,15.348,13.174,12.601,15.348,13.174,14.379,12.445,11.999,11.999,12.391,13.988,13.56,21.94,22.854,24.581,25.199,25.634,26.124,25.883,26.43,26.229,24.623,25.229,24.808,22.255,22.892,21.174,19.549,19.434,20.235,19.761,18.317,19.195,19.839,18.262,18.735,16.75,14.92,16.961,17.975,19.915,19.294,8.4499,9.2603,8.8772,8.636,8.1727,8.0586,8.3759,8.4565,8.2465,8.2403,8.0218,7.8646,7.9802,7.9597,8.2437,8.2394,8.827,8.8641,8.7225,8.6801,8.8545,8.8143,8.6544,8.6287,8.3557,8.1833,8.2638,8.4408,8.218,8.4499,8.8309,8.8142,8.3888,8.2276,7.8653,7.8349,8.0329,7.8865,7.9064,7.8121,7.9353,7.8947,7.9017,8.0935,8.5542,8.7111,9.0611,8.9475,8.9069,8.7144,8.9714,8.9784,8.7859,8.9662,8.6175,8.6554,8.8725,8.7997,8.7591,8.8309,9.2292,9.07,8.6978,8.5141,8.1866,7.996,8.2183,8.1029,7.9512,8.0036,7.9639,7.8665,7.9574,8.0039,8.2138,8.2624,8.5714,8.6872,8.6639,8.756,9.0628,9.0573,9.0083,9.0085,8.9491,9.12,9.2353,9.2679,9.0216,9.2292
13.305,0.24484,3.2551,8.5699,12.393,13.508,12.549,13.123,14.224,15.56,15.56,17.997,17.235,15.808,15.636,14.224,11.828,13.255,14.869,16.436,14.899,16.178,17.235,17.422,18.818,16.111,14.958,15.404,12.798,15.534,14.869,11.384,10.889,14.224,15.534,14.622,13.9,14.869,15.404,15.296,12.549,13.937,11.58,10.245,11.828,10.415,9.2757,12.549,14.622,14.899,13.298,14.395,14.899,13.425,15.404,12.549,12.749,12.549,11.317,13.786,11.888,22.291,22.902,25.404,26.302,25.583,25.762,25.732,26.204,25.521,24.133,25.164,25.302,23.508,23.362,20.889,18.646,19.276,19.243,19.65,17.879,18.307,20.113,19.539,20.04,16.518,15.832,18.531,17.354,20.184,17.997,8.374,9.7102,9.3987,8.8084,8.4061,8.231,8.5822,8.444,8.4543,8.5151,8.2364,8.0069,8.056,7.9904,8.2302,8.4591,8.868,8.8583,8.7379,8.7325,8.8566,8.8017,8.7677,8.6162,8.4459,8.3034,8.3446,8.321,8.1552,8.374,9.037,8.9558,8.6528,8.506,8.328,8.052,8.1539,8.1279,8.1191,8.1443,7.9457,8.1682,8.3469,8.2689,8.6371,8.9364,9.3988,9.3969,9.1671,9.2063,9.2105,9.2929,9.2344,9.1013,9.2108,8.9991,9.2611,9.118,8.9647,9.037,9.3998,9.2591,8.9544,8.7302,8.5378,8.3379,8.355,8.2945,8.1908,8.2696,8.228,8.1535,8.2089,8.2031,8.438,8.4589,8.7349,8.9678,8.941,9.1007,9.2664,9.3278,9.2615,9.2218,9.2358,9.3518,9.5967,9.5925,9.2801,9.3998
13.325,0.26828,3.2786,8.5934,11.604,12.772,12.417,12.573,14.351,17.099,17.17,18.568,17.099,13.809,14.981,13.653,13.279,14.418,15.783,16.933,15.831,15.583,17.258,15.95,17.258,16.459,15.125,14.892,13.449,14.922,14.892,11.34,11.852,13.322,13.809,14.106,14.418,13.653,14.646,15.01,13.322,13.532,13.146,8.9606,11.408,9.4064,10.268,13.449,13.449,15.01,13.279,13.532,14.614,13.322,13.809,12.573,12.309,13.532,10.521,13.279,13.449,22,22.959,23.84,25.19,25.583,26.168,25.331,26.459,26.918,24.792,25.583,25.125,22,23.322,21.265,19.801,20.371,20.311,19.878,18.669,17.888,20.136,18.289,18.842,15.783,15.855,17.445,17.624,19.178,19.342,9.1894,9.6342,9.3588,9.1601,8.9433,8.6285,8.8859,8.906,8.9679,8.8304,8.7006,8.6362,8.6316,8.6646,8.7948,9.0295,9.35,9.5025,9.4575,9.342,9.5419,9.4463,9.3663,9.3328,9.2586,9.0123,8.9999,9.0574,9.0201,9.1894,9.3961,9.1997,8.9037,8.7404,8.6106,8.5386,8.5093,8.4581,8.4358,8.5137,8.496,8.4395,8.4451,8.6802,9.1136,9.5919,9.5929,9.7872,9.6135,9.5918,9.6737,9.7394,9.6884,9.5251,9.6139,9.5206,9.5096,9.3132,9.2532,9.3961,9.6625,9.5418,9.2043,9.0531,8.7722,8.6091,8.671,8.5473,8.5203,8.5156,8.511,8.4927,8.5069,8.4412,8.6869,8.8577,8.9963,9.1622,9.1973,9.3401,9.4793,9.5313,9.498,9.5023,9.541,9.6223,9.7522,9.714,9.5072,9.6625
13.345,0.24124,2.2824,9.2721,12.546,13.422,11.825,12.794,14.619,15.923,16.793,17.484,16.85,16.107,15.804,14.865,10.241,13.782,15.211,16.262,15.347,16.515,17.739,18.37,18.934,16.695,14.835,15.556,13.896,16.13,14.324,11.885,11.577,13.896,14.391,12.745,14.391,14.324,14.954,14.587,12.745,13.295,13.164,10.886,11.381,8.5663,8.5663,11.944,13.252,14.391,13.422,13.626,14.983,14.115,15.556,13.626,11.577,13.782,11.381,14.391,13.119,21.979,22.662,24.983,26.179,25.556,25.65,25.726,26.568,25.719,24.147,24.865,24.957,23.763,23.529,21.069,18.41,19.326,19.207,19.735,18.37,19.207,19.784,19.14,19.889,16.85,16.432,18.528,17.401,20.109,19.015,9.5001,9.7852,9.9285,9.505,9.0524,9.0713,9.2146,9.151,9.1646,9.0762,8.9208,8.9183,8.8646,8.8925,9.1189,9.5008,9.5307,9.785,9.7507,9.7141,9.8139,9.8397,9.7667,9.629,9.5595,9.4286,9.4688,9.4521,9.3114,9.5001,9.4198,9.4098,9.0583,9.0053,8.8531,8.6221,8.6967,8.6702,8.5584,8.6804,8.6159,8.5239,8.7372,8.8017,8.9794,9.5732,9.7568,9.7304,9.6631,9.5445,9.6494,9.5746,9.6483,9.5846,9.4658,9.5231,9.5099,9.5092,9.3176,9.4198,9.9332,9.7034,9.4428,9.2628,9.0339,8.8638,8.8664,8.7872,8.7264,8.7192,8.7427,8.726,8.7203,8.631,8.9989,9.0276,9.2776,9.4875,9.4713,9.64,9.7255,9.7563,9.7991,9.734,9.7199,9.8674,10,9.9662,9.8116,9.9332
13.365,3.0528,0.50009,9.6382,12.649,12.203,11.64,13.004,14.878,16.774,16.691,18.735,18.134,15.357,16.366,14.041,12.144,14.338,16.182,16.954,15.357,16.521,17.66,17.66,18.629,17.402,15.469,15.891,14.041,15.789,15.154,11.835,13.004,13.885,14.479,14.155,14.846,14.374,15.124,15.213,13.053,15.154,13.681,12.541,12.144,7.6601,10.5,10.67,13.004,15.357,13.423,13.885,15.154,14.479,14.65,12.805,12.805,12.203,11.64,14.155,12.805,22.409,23.043,25.312,26.316,25.727,26.017,26.007,26.778,26.17,24.82,25.402,25.619,23.554,23.689,21.263,19.41,19.965,19.794,20.119,18.253,18.939,20.119,19.085,19.531,16.954,16.455,18.629,17.331,19.994,19.274,9.4243,9.5711,9.9706,9.5744,9.345,9.211,9.3873,9.3344,9.3178,9.2239,9.0812,8.9884,9.1416,8.9791,9.2657,9.5162,9.768,9.7497,9.7613,9.7838,9.8539,9.8034,9.7704,9.6686,9.4762,9.4789,9.4374,9.3487,9.2404,9.4243,9.8478,9.6977,9.4647,9.2661,9.0391,9.0063,8.9923,8.8559,8.9115,9.0417,8.8364,8.8295,9.1803,9.0491,9.5048,9.7826,9.9536,10.147,9.96,10.037,10.16,10.059,9.9955,9.8827,10.057,10.031,9.8092,9.9949,9.7123,9.8478,10.141,10.002,9.7179,9.4941,9.2919,9.1173,9.1053,9.0138,8.9459,8.9881,8.9468,8.9167,8.903,8.8156,9.104,9.2922,9.4246,9.595,9.6922,9.8305,10.001,9.971,9.9347,9.9078,9.9401,10.142,10.242,10.137,9.9439,10.141
13.385,-3.4819,3.5078,9.5284,12.2,11.637,12.2,12.141,14.152,16.892,16.625,17.805,17.328,15.656,16.518,14.477,13.002,14.843,16.452,17.382,16.179,16.179,18.518,18.117,18.797,16.43,14.647,15.888,14.152,15.549,14.336,12.2,13.551,14.19,15.549,13.375,14.875,14.58,15.091,15.656,13.05,13.882,14.19,11.57,12.539,9.6356,10.04,13.678,14.477,14.875,13.882,13.002,15.21,14.19,14.875,12.539,11.637,13.508,12.081,13.551,12.141,22.802,22.938,25.533,26.529,25.662,26.231,25.888,26.503,26.231,24.647,25.34,25.431,23.666,23.798,21.529,19.19,20.059,19.374,20.173,18.518,18.936,20.173,18.784,19.625,16.952,15.549,18.351,18.518,20.04,18.518,9.5556,10.642,10.338,10.019,9.5666,9.3633,9.7248,9.6084,9.5349,9.4528,9.3717,9.0783,9.0658,9.1558,9.457,9.7011,9.8523,10.006,9.8629,9.9082,9.9341,9.9507,9.9077,9.7452,9.5827,9.5445,9.4103,9.5001,9.2544,9.5556,10.099,10.008,9.7548,9.4747,9.2734,9.136,9.329,9.1731,9.128,9.1832,9.1996,9.1379,9.1794,9.3454,9.7639,9.961,10.324,10.293,10.164,10.153,10.062,10.298,10.175,10.17,9.9875,10.029,10.14,9.9837,9.7282,10.099,10.429,10.322,9.9775,9.816,9.5713,9.3458,9.4748,9.3657,9.2924,9.2863,9.2845,9.1985,9.2335,9.1588,9.5068,9.5379,9.8102,9.9861,9.9857,10.099,10.341,10.327,10.287,10.263,10.311,10.438,10.522,10.486,10.315,10.429
13.405,0.25712,5.5719,8.5822,12.298,12.406,11.96,11.841,15.114,16.145,16.123,17.417,17.861,14.635,16.531,13.52,12.761,14.237,15.648,17.106,15.772,16.96,17.5,17.5,18.544,16.145,15.309,16.711,14.407,16.448,14.407,12.761,12.406,14.407,14.851,14.407,14.851,14.635,14.407,14.131,13.52,13.949,13.311,11.901,12.562,10.902,10.257,11.397,13.267,15.114,13.642,13.798,14.407,13.912,14.999,12.406,11.121,12.298,13.311,14.407,11.901,22.216,22.853,25.188,25.851,25.3,25.851,25.533,26.436,26.002,24.299,24.97,25.27,23.345,22.829,20.655,19.222,19.551,19.288,20.098,17.98,18.237,19.551,18.582,19.331,15.546,15.844,18.386,17.5,19.751,18.492,8.6257,9.4014,9.173,8.726,8.2866,8.1127,8.5046,8.5212,8.4661,8.3476,8.2522,8.1482,8.2686,8.1985,8.5268,8.5787,8.757,8.9815,8.9058,8.9043,9.0371,8.9627,8.9631,8.8224,8.6882,8.5563,8.6022,8.6876,8.3904,8.6257,8.7678,8.6471,8.3965,8.284,7.9228,7.8103,8.0101,7.9976,7.9758,7.9266,7.9994,8.0597,8.1498,8.1949,8.4397,8.7253,9.0076,9.037,8.9032,8.9153,8.9033,8.9993,8.9011,8.8701,8.6972,8.6617,8.7978,8.783,8.5215,8.7678,9.2347,9.0842,8.7017,8.5617,8.2663,8.1048,8.2321,8.1486,8.0408,8.022,8.0695,7.9725,8.0179,7.9463,8.221,8.27,8.5114,8.6698,8.7019,8.833,9.0558,9.0816,9.0214,8.9693,9.0318,9.2507,9.3089,9.3412,9.0612,9.2347
13.425,-0.45606,3.5233,9.6512,13.567,13.776,11.652,11.652,14.859,15.137,15.672,18.266,17.197,17.415,17.064,14.492,12.097,14.859,15.802,17.045,15.802,16.534,18.117,17.869,19.598,17.415,14.891,16.577,14.387,17.197,14.663,11.652,13.391,15.167,16.076,14.891,14.859,14.351,15.255,14.891,12.818,14.663,14.663,12.818,12.818,8.1473,9.5439,12.661,13.776,14.168,12.818,13.436,13.898,14.663,16.1,12.661,12.216,13.898,11.848,15.137,12.661,22.818,22.894,25.556,26.468,25.74,25.737,26.001,26.63,25.575,24.187,25.632,25.621,24.333,23.776,21.195,18.534,19.423,20.055,19.807,17.756,18.642,19.389,18.813,19.205,16.401,15.137,18.813,16.787,20.007,18.192,8.9377,9.189,9.1877,8.9863,8.5953,8.5369,8.7151,8.7769,8.7263,8.7078,8.5594,8.4061,8.4236,8.4665,8.6424,8.8937,9.2217,9.2543,9.1838,9.2244,9.2607,9.1902,9.2228,9.0872,9.0168,8.7774,8.8141,8.792,8.7228,8.9377,9.0969,9.0376,8.7668,8.6604,8.4221,8.3146,8.3483,8.3117,8.2745,8.2811,8.4129,8.3435,8.4326,8.5168,8.6092,9.1246,9.4876,9.4439,9.3348,9.3098,9.3171,9.3973,9.4137,9.4161,9.1467,9.2112,9.1262,9.1639,9.1388,9.0969,9.4763,9.3301,9.0389,8.845,8.6273,8.4686,8.429,8.3581,8.2687,8.3363,8.3023,8.2163,8.1939,8.2282,8.4916,8.5232,8.7232,8.9065,8.9392,9.169,9.2526,9.2291,9.2742,9.2185,9.2679,9.4816,9.6011,9.5054,9.3346,9.4763
13.445,0.49233,6.0554,10.405,13.503,12.797,12.997,13.546,14.87,16.683,17.044,18.458,17.602,15.462,16.887,13.673,13.877,15.807,16.62,17.101,16.556,17.482,18.156,17.024,18.621,16.947,15.883,16.62,13.37,16.174,15.234,12.797,13.37,13.877,14.838,14.642,14.472,14.642,15.781,15.234,13.756,15.883,15.116,11.137,14.472,12.136,10.492,12.997,14.366,15.234,12.136,12.797,14.033,13.546,15.462,13.37,11.828,14.033,11.828,12.534,12.195,22.339,22.539,24.51,25.717,25.611,25.943,26.046,26.425,26.766,25.555,26.338,25.301,23.546,23.821,21.489,19.957,20.333,20.111,19.566,18.156,18.817,19.62,18.554,18.216,15.807,14.87,17.735,17.602,19.523,18.98,9.4976,9.7768,9.5923,9.2659,9.0046,8.812,8.9539,9.1064,9.0732,9.0196,8.9416,8.7795,8.8187,8.842,9.1464,9.2584,9.584,9.6133,9.6492,9.6969,9.7345,9.6549,9.6872,9.5891,9.4125,9.4283,9.4441,9.3248,9.209,9.4976,9.2877,9.2328,8.9537,8.7038,8.5216,8.3737,8.5095,8.4305,8.4017,8.5307,8.4529,8.4609,8.6036,8.6009,9.0039,9.1593,9.5144,9.4471,9.509,9.4897,9.4943,9.4429,9.4057,9.3887,9.3174,9.2362,9.3443,9.3193,9.1927,9.2877,9.7229,9.5339,9.2796,9.0693,8.8398,8.7223,8.6577,8.5875,8.5267,8.5648,8.496,8.434,8.4865,8.3817,8.7243,8.8548,8.9658,9.1608,9.1958,9.3256,9.4104,9.4388,9.4145,9.5158,9.5605,9.7232,9.8313,9.7399,9.6222,9.7229
13.465,-3.4392,0.54022,11.404,13.594,13.551,14.414,13.044,15.282,16.561,16.222,18.293,18.263,16.103,17.243,14.886,12.243,15.592,16.814,17.848,15.855,17.442,17.7,18.219,19.221,17.092,15.699,16.561,14.52,15.829,15.855,12.845,11.68,14.69,15.51,14.918,14.69,14.414,15.194,15.194,11.876,13.463,13.925,12.243,12.243,10.793,9.5711,12.845,14.081,14.414,14.195,13.804,14.414,14.081,13.925,12.581,12.581,13.594,11.404,14.52,13.093,22.46,22.752,25.288,26.393,25.746,26.127,25.762,26.967,26.229,24.889,25.699,25.627,23.869,23.925,21.071,19.173,20.073,20.034,19.834,17.928,18.669,19.221,18.204,18.52,15.646,15.194,18.219,17.389,20.399,19.028,9.8957,10.199,9.6666,9.5158,9.1144,9.1871,9.1634,9.3875,9.5442,9.399,9.2573,9.0879,9.2265,9.191,9.4736,9.689,10.016,10.042,10.03,10.077,10.162,10.2,10.189,10.035,9.9197,9.9371,9.8085,9.8285,9.7417,9.8957,9.5829,9.3493,9.1633,8.9575,8.7087,8.7471,8.7761,8.8582,8.74,8.6678,8.7268,8.8322,8.5199,8.7889,9.0464,9.6892,9.7481,9.8474,9.6854,9.8136,9.7298,9.7314,9.7026,9.7415,9.5858,9.5416,9.777,9.582,9.4852,9.5829,9.9599,9.833,9.4763,9.3015,9.0502,8.9234,8.9172,8.8408,8.7947,8.7775,8.7349,8.6546,8.6713,8.5876,8.9649,8.9999,9.1905,9.3611,9.3759,9.5263,9.6364,9.6194,9.6844,9.6418,9.7447,9.9882,10.047,9.9806,9.7975,9.9599
13.485,2.8737,7.3107,12.469,14.471,12.625,12.024,12.825,15.034,15.884,16.385,17.481,18.342,17.223,17.023,12.874,13.244,15.29,16.276,17.223,16.003,17.481,17.94,18.044,18.918,16.385,15.835,16.595,14.403,16.276,14.471,12.362,11.965,14.975,15.835,15.063,14.195,14.3,15.29,13.374,13.976,12.825,13.374,12.874,13.244,11.46,9.3519,11.46,12.825,14.013,12.625,13.706,14.013,14.195,14.471,12.825,10.233,13.199,9.8634,13.706,10.491,22.416,22.625,25.527,26.438,25.548,25.503,25.749,26.419,25.408,24.127,25.072,25.527,24.269,23.439,21.12,18.646,19.459,19.197,19.615,16.853,17.756,18.918,17.709,17.756,14.3,12.469,18.188,16.449,19.854,17.955,8.8828,8.5064,8.5243,8.3035,8.1632,7.8751,8.034,8.1914,8.1135,8.2429,7.9836,7.9928,8.1025,7.9923,8.4188,8.506,8.7707,8.8935,8.9094,8.9819,9.0283,8.9648,9.0551,8.9331,8.8508,8.7433,8.7891,8.8328,8.6695,8.8828,8.4506,8.1519,7.8903,7.7606,7.5511,7.5548,7.5242,7.4402,7.5643,7.6078,7.4999,7.5647,7.6671,7.7272,7.9847,8.311,8.3887,8.4782,8.5777,8.7322,8.7458,8.5782,8.6046,8.3767,8.5493,8.5144,8.6199,8.4548,8.2234,8.4506,8.7207,8.5349,8.3045,8.0818,7.889,7.6982,7.6596,7.5697,7.5394,7.586,7.526,7.4359,7.4224,7.3726,7.6588,7.6784,7.9133,8.1191,8.1396,8.2639,8.4307,8.3296,8.4684,8.4283,8.5597,8.7919,8.885,8.8098,8.5635,8.7207
13.505,4.7223,8.2069,11.217,13.753,14.114,13.753,14.446,16.16,16.461,16.846,18.593,18.207,16.438,16.967,14.552,11.712,16.136,17.457,17.665,16.136,17.457,18.252,17.475,18.872,16.255,15.678,16.087,13.957,15.315,14.552,13.125,13.077,13.753,15.315,14.722,14.114,14.552,15.43,15.731,12.877,15.43,14.655,11.908,11.908,8.8977,11.436,11.712,13.753,14.552,12.614,12.877,14.227,13.836,13.626,11.712,11.712,12.668,10.743,13.957,13.753,22.597,23.116,25.452,26.24,26.06,26.087,26.07,26.846,26.345,25.1,25.862,25.629,23.319,23.522,21.712,18.702,20.037,19.826,19.978,16.593,17.733,17.733,17.665,16.764,13.077,12.614,17.682,15.731,19.206,19.011,8.8357,9.1839,8.9542,8.5415,8.0478,8.0821,8.3498,8.2634,8.3483,8.2585,8.1877,8.0187,8.1051,8.1121,8.3537,8.6053,8.8217,8.965,8.826,8.9181,9.0614,9.0395,9.0145,8.8537,8.7203,8.7891,8.7862,8.8237,8.7108,8.8357,8.6176,8.4645,8.2459,8.0206,7.681,7.6326,7.9148,7.7436,7.8512,7.7111,7.7849,7.7818,7.7788,7.8262,8.0681,8.4511,8.6316,8.8472,8.7235,8.6174,8.9098,8.848,8.7021,8.8321,8.7506,8.7555,8.7737,8.7231,8.5691,8.6176,8.9727,8.7881,8.5387,8.3274,8.0659,7.8951,7.955,7.8209,7.7892,7.7375,7.7452,7.6549,7.6332,7.5816,7.915,7.9506,8.1009,8.3296,8.3383,8.4422,8.6021,8.6068,8.6249,8.5741,8.6871,9.1293,9.1404,9.0653,8.8113,8.9727
13.525,4.4608,6.3317,12.352,15.168,14.935,15.024,14.29,14.935,17.142,16.976,18.598,18.064,15.993,16.765,14.149,13.696,15.993,16.765,17.142,16.332,17.213,18.546,17.554,18.944,16.332,15.024,15.363,13.234,14.935,14.461,11.646,13.321,15.024,15.053,14.461,14.461,14.689,14.461,14.393,13.492,14.689,11.451,11.955,11.646,8.6362,11.175,11.451,12.864,14.393,12.864,13.365,14.935,11.451,12.352,12.014,10.223,12.352,11.175,12.46,11.451,21.809,23.016,24.847,25.616,25.742,26.163,25.387,26.652,26.787,25.267,25.626,25.154,22.727,23.117,21.11,19.716,19.93,19.396,19.385,17.213,17.16,18.164,16.199,16.502,13.492,14.185,16.976,16.843,19.187,18.332,9.4598,9.5254,9.1828,8.9054,8.5185,8.4242,8.6639,8.7019,8.7031,8.6223,8.5535,8.4512,8.5818,8.5675,8.8092,9.1025,9.3499,9.3356,9.3167,9.3766,9.6396,9.5955,9.5166,9.4642,9.1587,9.1231,9.221,9.342,9.2245,9.4598,8.8944,8.7632,8.5057,8.2619,7.936,7.8436,8.0824,8.0185,8.0505,8.0136,8.0185,7.8668,8.2575,8.2049,8.4605,8.676,9.0515,8.7617,8.8492,8.9366,9.0663,8.9905,8.8218,8.7849,8.8491,8.7799,8.8674,9.0061,8.7518,8.8944,9.2459,9.1251,8.7456,8.6151,8.2935,8.0655,8.2702,8.1002,8.0315,8.0009,7.9469,7.8685,7.876,7.8589,8.1099,8.1658,8.3571,8.4555,8.4449,8.6336,8.8646,8.863,8.8174,8.7545,8.9166,9.3626,9.4197,9.45,9.1019,9.2459
13.545,5.8778,9.0071,11.898,14.939,15.63,15.706,14.66,15.878,17.017,16.769,18.484,18.182,16.71,16.923,14.969,13.237,15.878,16.866,17.199,15.997,16.866,17.949,17.671,17.934,15.997,14.692,15.284,13.495,15.604,14.464,12.356,13.193,14.294,14.692,13.97,15.604,14.939,14.464,16.443,14.294,13.856,13.699,11.958,11.898,9.4529,7.949,11.454,12.356,13.193,13.495,13.325,14.464,12.867,13.856,10.315,10.485,12.017,10.227,12.619,12.356,22.468,22.972,24.983,26.078,25.591,25.832,25.938,26.543,26.599,25.158,25.604,25.212,23.398,23.17,20.76,18.28,19.779,18.912,18.803,16.847,17.304,17.491,16.847,15.706,12.619,13.193,16.379,16.27,18.948,17.812,9.7248,9.7046,9.3542,9.0857,8.7649,8.6457,8.858,8.8914,8.8304,8.795,8.7679,8.7169,8.7806,8.7542,9.0603,9.3016,9.5799,9.6498,9.6218,9.6443,9.8794,9.8438,9.8203,9.6855,9.5033,9.4561,9.3335,9.6317,9.6396,9.7248,9.1101,8.985,8.6669,8.4724,8.307,8.0753,8.3275,8.1472,8.2337,8.1853,8.2101,8.2135,8.1271,8.2643,8.7175,8.9871,9.0461,9.2706,9.1455,9.0938,9.2115,9.1143,9.0901,9.1238,8.8269,8.9446,9.1459,9.0895,8.9447,9.1101,9.4995,9.3078,8.9939,8.8278,8.5447,8.3756,8.4195,8.3316,8.2038,8.142,8.1554,8.1441,8.1173,8.0306,8.3199,8.3563,8.5411,8.7191,8.7944,8.8747,9.1208,8.9863,9.0073,9.0842,9.2806,9.6488,9.7498,9.5605,9.3772,9.4995
13.565,7.4878,9.0201,14.673,15.617,15.842,15.891,14.41,16.216,16.936,17.212,18.181,17.825,16.392,17.317,14.952,12.632,14.982,16.392,16.936,16.216,16.86,18.816,17.158,18.961,16.283,15.297,14.673,13.712,15.617,14.952,12.832,12.632,14.952,15.643,14.41,15.379,14.202,15.07,15.297,12.476,15.297,13.206,10.24,12.88,10.328,8.3896,12.03,12.632,14.705,13.338,11.971,14.477,11.191,14.477,10.972,9.4659,10.498,10.328,13.338,12.832,22.607,23.277,24.55,25.864,25.552,26.209,25.486,26.556,26.595,24.753,25.371,24.946,22.743,23.183,20.726,18.497,19.622,18.653,18.901,17.962,17.571,18.653,16.782,16.348,13.338,12.632,16.519,16.86,18.961,18.39,8.4838,8.6406,8.2947,7.8788,7.449,7.2779,7.4755,7.5766,7.5962,7.5534,7.6091,7.4132,7.5497,7.5057,7.7865,8.004,8.3154,8.3763,8.3425,8.3621,8.6051,8.637,8.4559,8.4135,8.2558,8.2044,8.1928,8.4632,8.2963,8.4838,7.9527,7.663,7.525,7.3626,6.9879,7.0117,7.0868,7.0542,7.081,6.9585,7.0573,6.8915,6.9608,7.1265,7.1504,7.6379,7.9602,8.0461,7.9662,7.8751,8.0779,7.9404,7.818,7.877,7.6934,7.911,8.0905,8.1318,7.8339,7.9527,8.2472,8.1111,7.7375,7.5567,7.2207,7.0566,7.2139,7.1139,6.9928,6.9227,6.9285,6.8101,6.8562,6.846,7.1031,7.1312,7.3308,7.5082,7.4553,7.6798,7.9232,7.8874,7.8557,7.8583,7.8442,8.2665,8.4798,8.3793,8.1184,8.2472
13.585,7.4488,8.9811,14.439,16.353,15.604,15.604,14.913,16.48,17.677,16.991,18.69,17.908,15.971,16.417,14.913,12.33,14.913,16.177,16.562,14.913,15.803,17.908,17.191,18.268,16.48,14.268,14.371,11.624,14.943,14.439,12.33,12.593,14.268,14.666,15.852,14.268,14.439,15.002,15.852,13.944,15.68,14.913,11.624,11.932,8.3506,8.6139,12.33,13.469,14.913,11.932,13.673,14.268,11.624,13.83,11.624,9.3197,11.428,10.289,12.593,11.932,21.872,22.764,24.296,25.687,25.715,25.68,25.586,26.615,26.743,24.666,25.854,24.742,22.384,22.593,20.734,17.968,19.427,19.427,19.331,16.684,17.278,18.886,16.973,16.743,14.268,13.167,16.821,16.244,19.232,18.268,10.275,10.546,10.041,9.7228,9.3949,9.1016,9.0857,9.2149,9.3027,9.3027,9.196,9.1973,9.2025,9.1056,9.4453,9.6988,10.07,10.227,10.215,10.284,10.418,10.335,10.352,10.236,10.173,10.039,10.068,10.161,10.124,10.275,9.6282,9.5453,9.2563,9.0433,8.8844,8.8403,8.7098,8.8134,8.784,8.6568,8.7231,8.631,8.7488,8.7445,8.9173,9.2718,9.7944,9.7328,9.803,9.9171,9.8663,9.65,9.5408,9.5333,9.6588,9.6916,9.5611,9.7833,9.3786,9.6282,10.011,9.8063,9.5558,9.3618,9.105,8.9411,8.8995,8.8089,8.7445,8.7087,8.6826,8.6704,8.595,8.4883,8.7639,9.0347,9.1794,9.3592,9.4368,9.4948,9.6254,9.5693,9.6721,9.598,9.677,10.041,10.133,10.021,9.9085,10.011
13.605,4.5135,9.0561,12.668,16.972,15.927,16.252,14.514,16.915,17.048,16.492,18.663,17.799,15.878,16.428,14.056,11.503,13.544,15.523,16.046,14.741,15.523,17.456,17.248,19.056,16.23,14.741,16.492,12.868,15.077,14.343,12.007,12.066,13.627,15.653,14.019,14.741,14.343,15.951,16.319,13.627,15.018,14.019,11.503,11.699,11.436,7.5238,12.066,12.917,14.514,13.374,12.512,14.056,12.917,14.741,11.227,10.364,12.066,11.008,14.514,11.947,22.165,22.784,24.988,26.127,25.415,25.958,25.374,26.648,26.423,24.514,24.97,24.709,22.941,22.512,20.77,18.493,18.493,19.262,19.274,17.473,17.983,19.056,17.607,17.968,14.514,14.238,17.353,17.029,19.274,18.493,10.159,10.368,10.126,9.7635,9.421,9.2222,9.3117,9.3493,9.3632,9.4085,9.2176,9.2408,9.0748,9.2479,9.583,9.5027,10.062,10.216,10.251,10.236,10.321,10.278,10.215,10.128,10.075,10.013,9.8644,9.9166,9.825,10.159,9.8209,9.8397,9.3228,9.2645,9.0997,8.8687,8.9506,8.903,8.7094,8.8842,8.8576,8.661,9.1329,8.9368,9.3023,9.7155,9.9031,9.8849,9.9074,9.8569,9.9346,9.8464,9.7959,9.7359,9.8192,9.8769,9.7253,9.7901,9.7295,9.8209,10.258,10.057,9.7348,9.5608,9.2793,9.1354,9.1473,9.0607,8.9605,8.8895,8.9198,8.8294,8.8546,8.7712,9.1271,9.2086,9.543,9.6875,9.6848,9.8338,9.8996,9.9239,9.8698,9.888,9.9871,10.248,10.352,10.41,10.091,10.258
13.625,7.5671,8.7322,15.722,16.802,17.091,15.922,15.696,16.273,16.362,16.939,18.086,18.428,17.397,17.072,15.031,10.66,13.588,14.557,16.471,15.031,16.802,17.904,18.26,19.492,17.238,15.376,16.958,13.33,16.362,14.557,13.792,13.285,15.922,16.089,15.12,14.386,15.696,16.681,15.149,13.588,15.031,14.557,12.448,12.712,11.052,8.0414,11.479,13.948,15.722,12.11,13.285,14.386,13.33,15.722,12.11,10.66,12.96,11.991,14.245,12.712,23.334,23.079,26.037,26.976,26.289,25.825,26.366,26.939,25.975,24.86,25.42,25.464,24.062,22.979,20.203,17.65,19.099,19.449,20.12,17.795,18.576,19.66,18.846,19.099,15.376,15.031,18.071,17.072,20.938,18.732,10.535,10.844,10.389,10.042,9.6484,9.5084,9.5392,9.5436,9.5966,9.6768,9.5189,9.3882,9.4575,9.3832,9.7138,9.8003,10.372,10.561,10.594,10.644,10.719,10.597,10.716,10.492,10.42,10.262,10.348,10.282,10.22,10.535,10.035,9.9557,9.6602,9.435,9.2884,9.2899,9.2079,9.1651,9.1136,9.3306,9.0369,9.0893,8.9897,9.2214,9.548,10.154,10.404,10.315,10.17,10.104,10.202,10.234,10.259,10.18,10.114,10.072,10.102,10.269,10.113,10.035,10.449,10.31,10.036,9.7967,9.5602,9.3994,9.3629,9.2521,9.1793,9.1918,9.1043,9.0105,8.999,8.9936,9.2791,9.3588,9.7341,9.9275,9.9198,10.004,10.087,10.077,10.158,10.031,10.077,10.291,10.479,10.302,10.272,10.449
13.645,5.6594,7.5046,13.999,15.503,14.938,15.45,14.324,16.365,16.408,16.618,17.334,17.028,15.659,15.659,13.355,10.989,12.649,14.324,15.45,14.494,15.057,17.587,16.472,18.406,15.634,14.494,15.45,14.324,16.472,15.45,12.649,11.484,13.886,14.938,13.886,14.324,14.722,15.503,14.969,13.608,14.722,14.324,11.484,11.484,7.5046,7.5046,11.484,12.047,14.324,12.649,12.649,13.525,12.897,14.69,12.493,9.887,12.849,11.417,14.427,13.223,21.988,23.2,25.087,26.332,25.503,25.703,25.445,26.35,25.967,24.434,24.747,24.89,23.016,22.386,20.176,17.229,18.198,19.037,19.429,17.587,18.324,19.483,17.979,18.024,14.722,13.355,17.247,16.365,19.639,18.783,9.4266,9.5614,9.1457,8.6676,8.3488,8.1406,8.396,8.3676,8.401,8.3714,8.3485,8.2283,8.3306,8.2643,8.4809,8.8195,9.2105,9.3891,9.3608,9.4188,9.5646,9.565,9.5244,9.4268,9.2917,9.2078,9.2658,9.2375,9.2024,9.4266,8.8873,8.8547,8.4301,8.2629,8.0958,7.9753,7.9984,8.0027,7.9628,7.9242,7.761,7.784,7.9964,8.0156,8.2455,8.7971,9.0271,9.0828,9.1476,9.017,9.0787,8.9656,8.9981,8.8411,8.963,8.9404,8.9435,8.9366,8.7028,8.8873,9.2888,9.0996,8.7873,8.547,8.2641,8.1002,8.1926,8.0584,7.9833,7.9538,7.9637,7.88,7.9019,7.8375,8.1123,8.2149,8.4883,8.7883,8.7238,8.9144,9.0143,8.931,8.9712,8.9419,9.0318,9.2928,9.3849,9.3352,9.1444,9.2888
13.665,2.8888,7.4961,13.721,16.018,15.851,14.028,13.721,15.193,15.495,15.388,17.238,16.731,15.727,15.923,13.214,9.367,10.589,13.214,14.96,13.517,15.625,15.899,16.868,17.97,15.193,14.682,15.305,13.39,16.357,14.714,13.346,10.336,14.96,15.651,15.078,14.315,14.682,15.078,14.21,13.599,14.714,14.21,12.641,10.981,5.6509,7.4961,10.981,12.641,13.39,10.981,14.028,12.485,12.84,14.714,11.476,11.2,13.991,9.8785,15.305,13.39,22.388,22.295,25.918,26.653,25.918,25.39,25.918,26.434,25.052,23.991,24.945,24.685,23.689,22.717,19.83,17.644,18.316,18.505,19.246,17.02,18.921,18.465,19.028,18.571,14.315,15.078,18.089,15.899,20.248,18.969,9.3255,9.7119,9.2138,8.8773,8.7459,8.5149,8.4073,8.4547,8.6087,8.6182,8.4166,8.3872,8.3244,8.328,8.4921,8.9794,9.5197,9.407,9.5648,9.6194,9.611,9.4824,9.6026,9.4841,9.4443,9.2427,9.2955,9.2803,9.1783,9.3255,8.9912,8.7662,8.7419,8.3814,8.4078,8.188,8.0282,8.1689,8.0279,8.1719,8.0174,8.1384,8.0808,8.1839,8.5844,8.7025,9.0554,9.312,9.1099,9.1658,9.1483,9.01,9.1225,9.0195,9.1068,9.0968,9.1616,8.8779,8.8305,8.9912,9.4824,9.2819,9.0363,8.7798,8.6068,8.4336,8.3104,8.2525,8.1709,8.3017,8.1438,8.1678,8.0816,8.0002,8.3333,8.5374,8.7384,8.9123,9.0618,9.145,9.164,9.1467,9.2214,9.14,9.4121,9.4863,9.6209,9.5532,9.3384,9.4824
13.685,5.4779,9.053,14.065,15.204,15.935,15.429,14.569,16.106,16.466,16.599,17.579,16.905,16.106,15.848,12.468,11.054,13.997,14.966,16.745,15.074,17.271,18.201,17.35,18.791,15.979,14.509,16.447,14.292,16.189,16.369,12.925,13.607,14.539,15.597,14.628,15.478,14.292,15.429,15.502,14.292,15.478,14.261,9.9148,11.054,5.4779,10.778,13.299,14.628,15.074,12.468,13.57,14.884,12.063,14.065,11.558,12.468,13.456,12.063,15.074,13.57,23.095,23.764,26.009,26.948,26.199,26.565,26.093,27.095,26.61,24.848,25.767,25.742,23.555,23.789,21.231,18.689,20.085,20.094,19.783,18.403,18.44,19.809,18.316,18.488,13.789,15.204,17.549,17.549,20.544,19.448,9.4476,9.9311,9.5843,9.2687,8.6827,8.7183,8.659,8.697,8.7698,8.7457,8.6796,8.5932,8.5263,8.5325,8.805,9.2017,9.5297,9.6602,9.672,9.6307,9.7952,9.632,9.7391,9.5046,9.471,9.3795,9.3302,9.3458,9.3129,9.4476,9.2568,9.2515,8.9346,8.8054,8.6112,8.5651,8.3894,8.3966,8.4732,8.5667,8.337,8.353,8.5371,8.4588,8.7752,9.2673,9.4467,9.5728,9.4246,9.6543,9.5347,9.4265,9.3992,9.4315,9.4632,9.3654,9.4179,9.3924,9.1897,9.2568,9.7886,9.5691,9.3371,9.1158,8.8116,8.6798,8.6372,8.5377,8.5157,8.5249,8.5129,8.4677,8.3823,8.3024,8.5169,8.8595,8.9944,9.176,9.2162,9.4103,9.4265,9.3657,9.4121,9.3843,9.5604,9.8448,9.9595,9.9045,9.6489,9.7886
13.705,4.0451,7.0554,13.159,15.21,15.458,15.185,15.482,15.916,16.797,17.515,18.772,17.33,15.85,15.577,12.906,8.9263,13.076,15.185,16.885,15.85,17.763,18.772,18.025,18.98,16.885,15.054,15.85,13.588,16.885,15.286,11.937,11.937,14.273,15.458,15.185,15.185,13.769,15.482,14.753,14.549,16.086,14.519,11.937,11.937,9.4378,6.8851,12.448,12.906,14.519,11.598,13.159,15.21,12.818,15.41,13.159,11.598,13.769,12.4,15.85,13.875,23.413,23.759,25.916,26.935,26.477,26.54,26.206,26.753,26.324,25.014,25.689,25.563,24.203,23.716,21.344,19.271,19.834,20.426,20.015,18.334,19.19,19.763,18.064,17.763,14.045,13.875,17.53,17.5,20.148,19.543,9.9366,10.167,10.084,9.5651,9.1561,8.919,9.0972,9.1276,9.1434,9.1476,9.0217,8.9009,9.0222,8.9435,9.2663,9.566,10.063,10.092,10.143,10.088,10.24,10.088,10.113,9.9663,9.8023,9.8493,9.8673,9.8293,9.7896,9.9366,9.4452,9.3975,9.1809,9.0184,8.7557,8.5704,8.6807,8.6344,8.6372,8.5614,8.6011,8.5257,8.7411,8.6934,9.2892,9.4214,9.6954,9.6857,9.5549,9.6136,9.766,9.7779,9.6651,9.7023,9.5643,9.7166,9.6015,9.7294,9.3843,9.4452,10.053,9.8639,9.5259,9.3237,9.0465,8.8638,8.8798,8.7966,8.6964,8.7239,8.6844,8.6406,8.6688,8.5554,8.8461,9.0065,9.1294,9.3408,9.3503,9.5003,9.5865,9.5516,9.5755,9.5265,9.7592,10.164,10.244,10.119,9.8922,10.053
13.725,2.6326,4.7412,12.896,16.106,15.215,13.772,14.571,16.154,15.982,15.215,18.226,17.046,16.106,15.643,12.294,8.9165,12.896,16.106,17.046,15.215,16.986,18.445,19.03,19.501,16.612,15.334,15.906,13.096,16.106,14.465,11.731,11.455,14.43,15.215,14.43,14.741,13.976,15.245,14.284,13.602,14.133,12.896,11.236,13.096,10.134,7.7515,10.844,13.602,14.571,11.236,13.602,14.43,14.284,14.741,12.235,12.294,13.645,12.175,15.185,12.235,22.633,22.729,25.86,26.875,25.813,26.108,25.857,26.588,25.525,24,24.784,24.889,24.035,22.932,20.669,18.557,19.079,19.225,19.886,18.256,18.226,18.557,18.089,17.493,13.602,13.469,17.701,17.046,20.869,18.211,9.9422,10.371,10.19,9.6909,9.3635,9.3427,9.3077,9.2902,9.3,9.352,9.0751,9.0221,9.0419,9.1194,9.447,9.6629,9.9671,10.148,10.168,10.139,10.188,10.149,10.092,9.95,9.9024,9.7103,9.8023,9.793,9.6336,9.9422,9.8566,9.65,9.3864,9.2722,9.0405,8.992,8.9862,8.8805,8.9369,8.9613,8.7218,8.8342,8.8231,8.8283,9.3458,9.692,9.8288,9.7923,9.9411,9.9688,10.059,10.028,10.052,9.9483,9.9358,9.9565,9.849,9.7758,9.6029,9.8566,10.287,10.126,9.7853,9.5651,9.2767,9.1549,9.1385,9.0183,8.9556,8.9839,8.9557,8.8929,8.8959,8.8865,9.1435,9.1592,9.4713,9.5441,9.5843,9.6722,9.8723,9.8032,9.8983,9.7494,9.9034,10.296,10.433,10.375,10.073,10.287
13.745,3.4446,5.9974,12.583,14.584,14.584,15.749,15.058,15.997,17.869,17.594,18.158,17.265,15.486,16.498,14.089,11.574,15.058,15.486,17.424,16.389,16.562,18.721,16.455,18.4,15.825,15.997,15.404,14.308,14.126,13.698,11.506,12.739,12.739,13.312,14.812,15.486,12.739,15.825,15.486,14.126,14.584,13.312,10.605,11.574,7.424,9.0077,12.476,13.698,13.445,13.312,12.939,14.414,13.312,13.312,12.529,9.9768,12.078,11.574,14.126,13.615,21.574,23.29,24.134,25.478,25.337,25.949,25.174,26.349,26.596,24.604,25.007,24.587,21.647,22.855,21.347,18.721,19.636,20.128,19.687,17.611,17.043,19.208,15.997,16.455,13.312,13.445,15.723,17.137,19.208,18.187,9.1533,9.2569,8.9281,8.6962,8.3362,8.1656,8.2492,8.2697,8.3011,8.1727,8.244,8.1213,8.1062,8.1101,8.3721,8.6832,9.043,9.3716,9.2953,9.3283,9.3918,9.3331,9.246,9.2097,9.1043,9.0552,9.0146,8.9919,9.0618,9.1533,8.4752,8.3014,8.1928,8.0907,7.8218,7.6861,7.6805,7.6594,7.7198,7.5936,7.8067,7.6571,8.0222,7.6986,8.1091,8.6439,8.7151,8.6499,8.6777,8.7943,8.7352,8.8913,8.828,8.6285,8.7452,8.8164,8.6028,8.6545,8.331,8.4752,9.0764,8.8423,8.5102,8.3822,8.0346,7.901,7.9661,7.873,7.8142,7.7294,7.8072,7.7968,7.7698,7.6585,7.9192,8.1031,8.3306,8.4419,8.4671,8.5702,8.5996,8.6723,8.7099,8.6468,8.9129,9.23,9.24,9.1902,8.9615,9.0764
13.765,5.3572,7.2024,14.388,16.944,15.997,16.106,15.724,16.575,18.172,18.342,19.181,18.735,16.594,17.202,14.125,11.686,13.223,15.557,17.35,15.997,17.398,18.342,18.676,19.883,17.896,16.708,17.032,14.022,16.106,14.785,12.965,12.191,15.629,15.357,15.148,14.666,14.022,15.629,15.357,13.697,15.201,13.096,10.906,10.906,10.213,9.9546,11.378,13.735,14.9,13.427,13.053,14.696,14.192,16.497,13.096,12.547,14.785,13.053,15.629,14.022,23.109,23.423,25.778,26.724,25.962,26.17,25.98,26.762,26.16,24.863,25.372,25.38,23.931,23.439,20.573,19.008,19.127,19.585,20.221,17.662,18.342,19.244,18.367,18.367,15.094,14.388,18.735,17.135,20.448,19.337,9.4492,9.59,9.3403,8.9194,8.4668,8.2929,8.6199,8.5743,8.5695,8.5605,8.4001,8.2524,8.4153,8.4128,8.7298,8.8863,9.3082,9.4672,9.3621,9.3609,9.6278,9.6706,9.5733,9.5268,9.2951,9.2424,9.2652,9.4227,9.1403,9.4492,8.9199,8.7979,8.5072,8.2987,7.9893,7.8398,8.1295,8.1293,7.9209,8.0163,8.0535,7.8319,7.7896,8.161,8.607,8.5717,8.8795,9.0892,8.9042,8.9205,9.1212,9.1733,9.0331,9.0192,8.9338,8.8282,8.9795,8.9215,8.7415,8.9199,9.3101,9.1012,8.7882,8.535,8.2793,8.0658,8.2368,8.0946,7.9536,7.9827,7.9274,7.7991,7.8841,7.9584,8.197,8.1497,8.4534,8.6859,8.5954,8.5716,9.0265,8.9927,8.8822,8.9465,8.9603,9.2958,9.3066,9.3739,9.0521,9.3101
13.785,4.1757,8.3511,13.411,17.016,15.341,15.077,15.708,17.63,18.351,18.088,20.205,19.154,17.269,17.705,14.403,11.165,13.567,15.315,17.778,15.613,16.154,17.879,17.992,19.068,17.016,16.3,16.421,14.403,16.047,14.995,13.079,14.108,14.65,15.185,14.883,13.289,15.341,15.54,15.613,13.411,14.403,15.131,12.904,12.904,10.671,7.0157,13.036,13.036,14.995,13.681,13.079,14.108,14.005,14.883,12.949,12.174,14.768,10.671,14.883,14.65,22.882,23.651,25.908,26.548,25.908,26.066,25.853,26.47,26.225,24.644,25.341,25.457,23.864,23.342,20.656,18.195,18.718,19.279,20.424,17.778,18.325,19.32,17.879,18.659,14.68,15.981,19.164,17.523,20.424,19.568,9.5372,9.6876,9.4485,9.0837,8.7879,8.6984,8.6709,8.7768,8.8028,8.7132,8.7017,8.6427,8.5555,8.5235,8.6503,9.0727,9.3327,9.6014,9.6247,9.6593,9.6252,9.5944,9.7742,9.5716,9.6088,9.5146,9.3351,9.1998,9.3019,9.5372,9.146,8.8311,8.699,8.5113,8.4304,8.2484,8.3216,8.0982,8.1624,8.186,8.1159,8.2494,8.4524,8.1861,8.7696,9.1011,9.3875,9.3141,9.3849,9.2641,9.3541,9.2385,9.2031,9.3484,9.3781,9.2736,9.1223,9.1373,9.0576,9.146,9.5102,9.2313,8.9942,8.7875,8.6107,8.4842,8.3431,8.2664,8.2331,8.2486,8.1898,8.2395,8.1215,7.9891,8.3098,8.4747,8.6694,8.9074,9.0762,9.1237,9.084,9.1145,9.2094,9.2631,9.4382,9.6539,9.5792,9.4566,9.3759,9.5102
13.805,7.0423,9.595,13.437,16.326,15.735,15.443,15.735,16.901,18.287,18.339,19.585,19.347,18.378,17.687,15.104,14.202,14.795,16.008,17.213,16.447,16.585,17.92,18.491,19.347,17.213,15.567,16.901,14.202,15.367,15.211,13.106,13.063,14.646,16.073,14.677,15.211,15.022,15.443,15.64,14.765,15.022,13.316,12.357,11.192,10.916,7.0423,11.388,12.605,14.795,13.106,14.202,15.735,13.926,15.211,13.316,12.094,12.975,13.106,15.64,14.032,23.233,23.745,25.934,26.583,25.791,26.214,25.767,26.981,26.163,24.625,25.471,25.171,23.574,23.369,21.464,17.44,18.454,18.745,19.546,18.339,18.073,19.094,17.92,18.352,15.367,15.616,19.083,17.687,20.427,19.347,9.691,9.8319,9.6813,9.2848,8.9823,8.7974,8.9508,9.0684,9.0527,8.9797,8.8625,8.7318,8.8727,8.7099,9.0514,9.0679,9.6221,9.6872,9.7013,9.7481,9.8587,9.9228,9.7679,9.703,9.6544,9.513,9.5589,9.6443,9.4158,9.691,9.3785,9.2186,8.8746,8.6725,8.3872,8.3788,8.5654,8.4967,8.3946,8.4102,8.329,8.3479,8.6427,8.4882,8.8959,9.2466,9.4313,9.4479,9.3928,9.465,9.6824,9.5899,9.635,9.4529,9.6472,9.2597,9.5213,9.4188,9.1696,9.3785,9.7887,9.5897,9.2436,9.0225,8.7525,8.5757,8.7039,8.5749,8.506,8.4455,8.4425,8.3847,8.3831,8.408,8.6013,8.5984,8.9887,9.1239,9.1284,9.2973,9.4913,9.4616,9.4576,9.4042,9.5232,9.7227,9.8454,9.847,9.5589,9.7887
13.825,6.0519,10.031,14.774,15.713,15.713,15.001,13.724,17.141,17.899,18.605,19.116,18.93,17.387,18.052,16.426,13.085,15.083,16.052,17.784,16.426,17.755,18.629,18.997,19.641,17.755,15.321,16.862,14.655,17.124,14.685,12.536,13.416,15.713,15.546,14.774,14.889,14.181,15.713,15.346,14.011,14.409,14.181,12.536,13.416,9.9436,9.0622,12.536,12.909,14.889,13.572,13.416,15.92,14.685,15.546,11.615,11.367,15.321,13.295,14.889,14.114,22.837,23.149,25.951,26.734,26.155,25.913,25.795,26.515,26.274,24.7,25.509,25.346,23.793,23.572,21.399,18.011,19.073,18.93,19.744,17.141,18.47,19.65,19.062,18.432,14.409,15.422,19.496,17.419,20.309,18.975,10.094,10.115,9.9232,9.6405,9.2933,9.1219,9.265,9.3659,9.3896,9.3075,9.1486,9.0862,9.0495,9.0162,9.4707,9.5036,9.908,10.071,10.087,10.045,10.215,10.168,10.133,10.091,9.9093,9.9801,9.9512,9.9942,9.894,10.094,9.6077,9.4906,9.174,9.0625,8.8286,8.7171,8.8095,8.7374,8.789,8.8523,8.6975,8.6861,8.9974,8.8803,9.1925,9.4744,9.8412,9.8509,9.7913,9.7879,9.9642,9.9092,9.7359,9.6861,9.7311,9.7943,9.7582,9.6929,9.5445,9.6077,10.056,9.8499,9.5457,9.3617,9.0574,8.9001,8.978,8.8861,8.7666,8.7382,8.7391,8.686,8.6972,8.6113,8.8554,8.9344,9.2038,9.441,9.4818,9.5617,9.8337,9.7921,9.7447,9.7174,9.7335,10.143,10.153,10.067,9.9275,10.056
13.845,2.984,7.421,11.571,14.514,14.305,13.442,15.025,16.297,17.333,17.262,18.56,18.756,16.452,16.386,14.581,13.442,13.972,16.452,17.096,15.746,17.674,18.756,18.11,19.397,17.134,14.777,16.886,13.816,17.115,15.144,12.473,11.076,13.695,15.289,14.123,14.581,13.442,14.305,14.123,13.695,14.411,13.354,12.736,12.984,9.5695,9.5695,9.4622,13.816,14.514,12.526,13.972,14.581,14.581,14.581,11.571,12.736,14.086,12.984,15.085,12.526,22.318,22.045,25.342,25.862,25.179,24.968,25.351,26.054,24.992,23.875,24.52,25.24,23.875,22.44,20.041,17.929,17.739,18.493,19.065,17.591,18.095,18.87,18.036,17.591,14.581,14.581,17.787,16.826,20.107,18.11,10.31,10.311,10.153,9.8871,9.6553,9.463,9.4638,9.58,9.6452,9.5652,9.4873,9.3249,9.4025,9.3327,9.6394,9.9065,10.342,10.41,10.507,10.552,10.444,10.412,10.465,10.278,10.263,10.169,10.126,10.136,10.053,10.31,9.7459,9.4892,9.4422,9.3019,9.1759,8.9335,8.8842,8.9432,8.8764,9.0125,8.9373,8.9436,8.9887,9.06,9.3189,9.7094,9.9682,9.9668,10.085,9.911,9.804,9.8301,9.9094,9.8777,9.7041,9.7317,9.8618,9.7714,9.5608,9.7459,10.197,10.024,9.8093,9.5851,9.3705,9.2371,9.0831,8.9983,8.9843,9.0689,8.9396,8.9273,8.8624,8.7585,9.0853,9.2122,9.4775,9.6441,9.6937,9.8975,9.8226,9.811,9.9146,9.8716,10.099,10.322,10.276,10.155,10.077,10.197
13.865,-0.040439,7.1196,12.464,13.14,13.501,14.672,14.109,16.808,18.285,17.939,18.869,18.652,17.594,17.457,14.553,14.817,16.087,17.594,19.034,17.347,18.089,19.818,18.089,20.003,17.624,16.844,17.069,15.274,17.624,15.915,12.001,13.652,13.939,15.547,14.584,15.642,14.613,15.474,15.118,15.011,14.584,14.584,12.264,13.14,9.502,9.0977,12.882,14.337,15.848,14.109,14.109,15.642,14.702,14.584,14.109,12.001,14.553,13.223,14.817,14.817,22.176,23.288,25.016,26.077,26.017,26.528,25.554,26.97,26.888,25.249,26.188,25.582,23.077,23.808,21.691,19.001,19.654,20.003,20.326,18.557,18.089,19.672,18.089,18.246,15.642,15.523,18.593,18.285,20.213,19.365,8.8084,9.0973,8.8965,8.6369,8.2758,8.1442,8.268,8.304,8.2925,8.3429,8.1451,8.0119,8.0215,8.011,8.2633,8.5735,8.9413,9.0603,9.0129,9.0318,9.0408,9.008,8.9752,8.9115,8.744,8.7819,8.5799,8.6308,8.5407,8.8084,8.42,8.435,8.2012,8.0772,7.7954,7.7838,7.8026,7.6833,7.7694,7.7292,7.8585,7.7491,7.6577,7.7758,8.0436,8.3666,8.7901,8.8876,8.7057,8.6973,8.8366,8.806,8.6785,8.685,8.475,8.563,8.6334,8.6605,8.3758,8.42,9.0389,8.912,8.5728,8.3846,8.1136,7.9691,7.9962,7.8749,7.8284,7.817,7.8029,7.7645,7.6964,7.6051,7.9611,8.0579,8.3175,8.5312,8.6073,8.6628,8.8141,8.7139,8.7247,8.7,8.8137,9.1918,9.1665,9.106,8.8306,9.0389
13.885,5.0499,6.9881,11.334,13.978,14.148,14.652,14.968,16.55,18.06,17.618,19.293,18.964,17.158,18.06,16.062,13.653,14.856,17.241,18.632,17.354,18.128,19.492,19.073,19.937,17.663,17.175,18.523,15.313,17.964,16.393,13.009,12.094,14.622,14.622,15.157,14.856,14.856,15.313,15.313,13.653,14.344,14.622,13.262,13.262,10.251,9.0293,12.147,14.741,14.376,13.179,15.68,15.389,15.68,14.968,14.711,13.009,14.344,13.179,15.586,13.978,22.689,22.556,25.288,26.272,25.561,25.887,26.006,26.76,26.097,24.962,25.669,25.506,23.761,23.672,21.184,19.252,19.282,19.937,20.397,18.298,18.772,19.911,18.632,18.167,15.513,15.864,19.463,18.437,20.56,19.541,9.2044,9.1397,9.0361,8.9063,8.6442,8.5301,8.4641,8.6101,8.6586,8.6202,8.4641,8.4312,8.4202,8.411,8.7677,8.8419,9.2852,9.4336,9.4494,9.4507,9.4453,9.3411,9.471,9.3246,9.3169,9.1564,9.1035,9.0469,8.957,9.2044,8.8248,8.7389,8.4524,8.3666,8.1663,8.0729,8.1406,7.9391,8.0068,8.1072,8.015,8.1153,8.0827,8.0838,8.4126,9.0137,9.1389,9.1965,9.1428,9.1543,9.2806,9.0489,9.1553,8.94,9.1635,8.9125,9.0832,8.9031,8.8201,8.8248,9.2734,9.0858,8.8263,8.6277,8.4472,8.2687,8.1905,8.1101,8.1133,8.1128,8.1,8.061,7.9565,7.9144,8.2051,8.3744,8.623,8.8129,8.89,9.0149,8.9984,9.0306,9.0914,9.0151,9.2391,9.4992,9.4603,9.3085,9.1464,9.2734
13.905,5.3321,9.1554,11.353,14.363,14.167,14.759,14.875,17.007,18.038,18.146,19.636,18.342,16.682,18.146,15.069,14.641,15.58,16.472,18.252,18.079,18.038,19.059,18.146,19.693,17.681,17.452,18.186,16.081,17.177,16.145,12.058,12.57,14.395,15.699,14.395,15.532,14.1,15.699,15.532,13.709,14.641,14.363,11.72,13.198,11.089,9.0482,13.709,13.997,15.532,14.1,15.408,15.306,15.58,15.306,14.167,13.402,13.891,12.94,15.306,13.997,22.026,23.535,25.176,26.049,25.699,26.128,25.624,26.654,26.654,24.973,25.833,25.624,22.895,23.558,20.93,19.016,19.472,19.665,20.061,18.186,18.591,19.579,18.252,18.505,15.604,15.699,19.311,18.342,20.392,19.665,9.5058,9.4494,9.1243,8.9335,8.7215,8.6224,8.8513,8.8792,8.8907,8.8749,8.7612,8.6566,8.6277,8.6444,8.9728,9.3289,9.3767,9.6972,9.624,9.5899,9.7434,9.722,9.6787,9.6711,9.5264,9.4804,9.3931,9.4126,9.2466,9.5058,9.1806,8.9688,8.6422,8.5686,8.2187,8.2167,8.2317,8.3185,8.3668,8.1844,8.2532,8.2033,8.3668,8.5176,8.8938,9.1457,9.453,9.5075,9.3907,9.4057,9.3466,9.3728,9.2341,9.3441,9.2567,9.212,9.4035,9.2824,9.0706,9.1806,9.5586,9.3511,9.0111,8.8193,8.5441,8.378,8.5018,8.4118,8.3432,8.2517,8.2666,8.2347,8.2203,8.1685,8.4028,8.5836,8.8526,8.9431,8.995,9.1172,9.2597,9.3044,9.3256,9.2955,9.4722,9.6128,9.6442,9.6019,9.296,9.5586
13.925,7.1775,7.0072,11.09,15.123,14.641,15.605,14.73,16.472,18.038,18.615,20.188,18.791,16.472,17.741,15.532,14.611,16.145,17.983,18.252,17.885,18.079,19.312,18.651,19.511,17.453,17.007,17.682,16.412,16.626,16.701,11.72,12.322,14.363,13.997,15.332,14.641,15.176,15.069,14.875,15.123,15.408,14.395,11.72,13.198,12.322,11.157,12.322,15.069,14.395,14.76,15.307,15.699,14.76,14.641,14.167,13.071,13.997,13.71,15.069,14.1,22.102,23.791,24.641,25.534,25.505,26.116,25.585,26.66,27.232,25.375,26.483,26.032,23.148,23.402,22.102,19.219,19.56,20.384,20.017,18.133,18.71,19.482,17.652,18.419,15.883,16.038,19.102,18.317,19.849,19.849,9.6391,9.5173,9.4818,9.3044,9.0439,8.8971,8.9375,9.0373,9.0836,9.0782,8.9726,8.8784,8.9359,8.9364,9.151,9.5323,9.7079,9.923,9.9507,9.8532,9.8945,9.7939,9.8985,9.7791,9.7208,9.6512,9.5787,9.4686,9.4502,9.6391,9.3888,9.14,8.9184,8.7882,8.5541,8.4944,8.4929,8.5087,8.5321,8.5818,8.5392,8.6279,8.6163,8.7835,8.9576,9.642,9.6479,9.6976,9.6172,9.596,9.5754,9.5368,9.7956,9.6919,9.4554,9.4841,9.5109,9.5819,9.2623,9.3888,9.8378,9.5709,9.2907,9.1225,8.88,8.7545,8.7527,8.6358,8.6104,8.555,8.5898,8.5327,8.4824,8.4003,8.7219,8.8271,9.0813,9.2763,9.303,9.4329,9.5395,9.4914,9.5838,9.6033,9.7868,9.9941,9.9821,9.8591,9.6391,9.8378
13.945,5.9649,8.9752,12.706,14.24,15.144,15.026,14.552,16.29,17.392,17.286,18.531,18.006,16.084,16.53,12.706,12.443,14.381,16.856,17.71,16.934,17.837,18.975,18.066,19.312,17.232,16.593,15.691,14.094,15.259,15.115,11.737,12.906,13.786,14.552,13.786,14.094,14.276,14.381,15.056,13.583,14.484,12.045,11.046,11.266,8.727,10.402,11.737,14.484,15.259,14.057,14.381,14.276,13.324,14.381,12.443,12.906,12.55,12.105,14.381,13.786,22.093,22.486,24.336,25.415,25.026,25.521,24.827,25.965,25.732,24.709,25.521,24.996,22.955,22.959,20.8,18.701,19.696,19.444,19.176,17.067,18.036,19.082,16.676,16.676,13.412,15.056,18.036,17.25,19.857,18.689,10.069,9.9117,9.6782,9.5981,9.2667,9.2014,9.2521,9.3381,9.2778,9.3521,9.2304,9.1291,9.2708,9.1685,9.5209,9.751,10.096,10.201,10.258,10.231,10.288,10.239,10.187,10.135,9.9717,9.8781,9.9187,9.9593,9.8501,10.069,9.5409,9.3711,9.1185,9.0976,8.7425,8.6486,8.7487,8.7918,8.7087,8.6821,8.6915,8.8623,8.6961,8.8223,9.2654,9.4643,9.6749,9.7319,9.7889,9.7608,9.6316,9.6747,9.5774,9.5693,9.5232,9.5721,9.5002,9.5881,9.4148,9.5409,10.072,9.9073,9.5725,9.3675,9.0749,8.9268,9.0206,8.9526,8.8982,8.8742,8.8336,8.7134,8.7175,8.717,8.9446,9.1176,9.3404,9.5016,9.5589,9.605,9.8685,9.7447,9.7366,9.7897,10.034,10.143,10.267,10.15,9.9748,10.072
13.965,10.202,9.3523,13.164,15.711,15.037,15.006,15.629,17.211,17.192,16.934,18.528,18.959,16.934,16.342,14.045,12.808,14.045,17.508,18.339,17.344,18.324,19.658,19.798,20.66,17.968,17.211,17.508,14.045,16.223,14.81,12.304,13.538,15.629,15.517,13.923,14.045,14.81,15.284,15.284,13.923,15.037,14.315,11.524,12.808,9.2333,9.6909,12.964,14.045,15.314,13.164,13.714,14.742,13.714,15.629,12.701,11.799,14.81,11.799,14.81,13.923,22.569,22.685,25.399,26.717,25.537,25.736,25.571,26.283,25.469,24.552,25.278,25.147,24.037,23.203,20.78,18.985,19.293,19.434,20.193,18.412,18.294,19.536,18.048,18.383,14.639,14.81,18.264,17.192,19.603,19.233,10.262,10.276,10.072,9.8351,9.578,9.3319,9.4441,9.5214,9.5876,9.5818,9.4062,9.4097,9.3839,9.3634,9.6692,10.132,10.373,10.522,10.497,10.471,10.454,10.433,10.385,10.274,10.182,10.103,10.027,10.177,10.065,10.262,9.951,9.7773,9.4799,9.2735,9.1416,8.9895,9.0519,9.0941,9.0707,9.1006,9.0058,8.8967,9.2026,9.0573,9.5668,9.8651,10.098,10.148,10.05,10.084,10.046,9.9807,9.915,9.9362,9.9485,9.9806,10.064,9.8988,9.7335,9.951,10.352,10.175,9.8564,9.6584,9.4241,9.2132,9.2896,9.1788,9.1326,9.1452,9.0753,8.9876,9.0545,8.9871,9.339,9.3361,9.6388,9.7676,9.762,9.8769,9.9755,9.9905,9.9228,10.035,10.221,10.401,10.508,10.349,10.19,10.352
13.985,5.7487,10.687,12.137,13.615,15.088,16.322,15.403,17.099,18.669,17.677,19.126,17.594,15.176,17.043,14.413,13.444,16.021,17.611,18.563,17.742,17.424,19.728,17.869,19.019,17.677,16.455,16.322,14.516,15.028,15.485,11.573,13.312,12.938,14.413,14.126,14.413,13.615,14.413,15.403,14.272,14.126,13.697,11.573,12.077,11.298,10.604,13.312,15.058,15.539,14.584,14.413,15.176,14.413,14.089,12.938,12.529,12.987,13.444,13.615,13.697,21.573,23.12,24.107,24.958,24.912,25.802,25.052,26.17,26.718,25.15,25.658,24.574,22.018,22.991,21.646,19.31,20.275,20.147,20.302,18.496,18.455,19.839,17.424,17.742,15.147,14.308,17.822,17.118,18.872,18.835,8.9544,8.9923,8.8813,8.6248,8.2392,8.0066,8.4357,8.3303,8.3215,8.3059,8.1948,8.0803,8.2005,8.2835,8.5323,8.6299,9.1018,9.2055,9.0469,9.0323,9.2595,9.254,9.0607,9.0506,8.7829,8.7441,8.7962,8.9392,8.715,8.9544,8.7129,8.6207,8.1852,8.1779,7.6674,7.6895,7.9645,7.8447,7.7781,7.82,7.7733,7.8388,7.7486,8.0554,8.0794,8.9087,8.8853,8.9252,8.7642,8.7863,8.8814,8.9918,8.7528,8.7337,8.6432,8.6259,8.8454,8.7811,8.4814,8.7129,9.1767,9.005,8.5927,8.422,8.0782,7.9192,8.1464,8.0434,7.943,7.8436,7.8785,7.77,7.8823,7.8465,8.1068,8.162,8.4427,8.5328,8.5383,8.5773,8.9231,8.8578,8.7927,8.7474,8.8049,9.0972,9.2993,9.2649,8.9904,9.1767
14.005,8.715,10.023,13.076,15.337,15.911,17.012,16.296,17.458,18.138,17.988,19.917,19.317,17.379,17.876,15.181,12.901,14.736,17.876,18.322,17.876,18.703,19.487,18.656,20.268,17.627,17.132,18.044,14.4,16.925,15.705,13.678,14.002,14.676,14.992,14.88,15.889,14.368,15.074,16.555,15.312,14.765,13.678,12.327,13.564,9.5651,10.023,13.407,14.172,16.574,15.128,14.88,16.15,15.312,15.537,15.337,13.897,14.172,13.076,15.181,14.368,22.878,23.621,25.247,26.191,25.52,26.019,26.028,26.967,27.229,25.312,26.41,25.171,23.467,23.696,21.235,19.854,19.935,20.705,20.397,19.632,19.818,20.389,19.15,19.276,16.725,17.012,18.348,17.657,20.143,19.021,10.772,10.829,10.62,10.393,10.136,9.9305,10.007,9.9628,10.068,9.9996,9.9417,9.8455,9.8788,9.8981,10.313,10.512,10.935,11.034,10.943,10.999,11.01,10.965,10.941,10.795,10.686,10.64,10.589,10.709,10.574,10.772,10.273,10.074,10.038,9.7562,9.5742,9.4456,9.5878,9.3701,9.409,9.41,9.4437,9.5086,9.5539,9.5651,9.9544,10.277,10.488,10.514,10.431,10.357,10.461,10.428,10.329,10.352,10.219,10.206,10.28,10.115,9.9846,10.273,10.877,10.626,10.345,10.124,9.8654,9.7157,9.8142,9.6749,9.6489,9.6278,9.5786,9.5486,9.5503,9.5336,9.8694,9.9467,10.175,10.388,10.417,10.449,10.641,10.549,10.519,10.507,10.613,10.753,10.872,10.882,10.635,10.877
14.025,9.6226,8.7725,13.772,16.534,16.534,16.745,16.101,17.578,17.744,17.803,19.574,19.045,17.833,17.578,14.704,12.633,15.132,16.208,18.38,16.783,18.209,19.218,18.678,19.948,17.323,16.208,16.271,13.918,16.964,15.946,14.06,12.633,15.395,15.762,14.734,14.734,13.918,15.395,15.369,15.595,13.621,14.937,12.385,12.385,10.25,10.725,13.134,14.23,15.762,14.458,15.239,15.595,15.369,15.762,14.704,13.09,15.369,13.465,15.239,13.465,22.922,23.025,25.769,26.679,25.98,26.223,25.908,26.88,26.346,24.749,25.634,25.506,23.705,23.853,21.111,18.761,19.455,20.158,20.821,19.333,19.756,20.358,19.642,19.948,16.982,16.144,19.374,17.436,20.422,19.545,9.6073,9.5721,9.3481,9.0107,8.7195,8.5652,8.7783,8.8894,8.8213,8.8231,8.7015,8.5334,8.5876,8.7036,8.8734,8.9446,9.5382,9.599,9.6183,9.6239,9.6808,9.6172,9.5839,9.5411,9.4382,9.4141,9.4573,9.4629,9.3617,9.6073,9.1753,8.9597,8.641,8.5052,8.3499,8.2021,8.3453,8.3483,8.3088,8.257,8.3348,8.2976,8.4037,8.4835,8.7791,9.1658,9.231,9.2394,9.198,9.1205,9.3643,9.2648,9.213,9.2356,9.0934,9.1028,9.1401,9.0237,8.9888,9.1753,9.6685,9.4343,9.0872,8.9099,8.6408,8.4721,8.6248,8.5327,8.4013,8.4022,8.3305,8.2841,8.3718,8.3428,8.6303,8.6567,8.957,9.1475,9.171,9.2675,9.4788,9.3719,9.4096,9.3179,9.3905,9.5508,9.6917,9.7834,9.4837,9.6685
14.045,9.7959,9.7959,14.403,16.119,17.43,16.381,16.274,17.858,18.827,18.233,20.297,19.796,17.102,17.932,15.935,13.517,15.359,17.751,18.233,17.858,18.488,18.778,17.873,18.383,16.317,14.877,16.119,13.908,16.527,16.786,12.806,13.517,15.111,15.816,15.305,15.305,14.996,16.208,16.444,14.599,16.274,15.412,13.131,13.638,11.897,10.253,13.517,15.543,16.317,14.233,15.768,15.412,14.233,14.599,14.599,14.127,14.403,12.402,14.996,14.233,22.83,23.795,25.362,26.285,26.081,26.215,26.189,26.98,27.187,25.543,26.381,25.289,23.371,24.059,21.696,19.718,20.44,20.628,20.531,18.579,19.815,20.699,18.553,19.537,16.208,15.935,18.887,17.873,20.628,19.929,9.6874,9.6459,9.518,9.3436,9.037,8.8812,8.9089,8.8674,9.0058,9,8.8806,8.7774,8.7359,8.6697,8.8561,9.2495,9.5732,9.6927,9.7058,9.8085,9.7903,9.6685,9.7483,9.5211,9.5773,9.5768,9.5676,9.5074,9.4506,9.6874,9.3919,9.154,8.9262,8.8085,8.614,8.5615,8.5141,8.5656,8.4972,8.6457,8.5543,8.6124,8.7255,8.6068,9.1304,9.2947,9.6073,9.6911,9.5963,9.7658,9.6663,9.588,9.684,9.5547,9.6556,9.6155,9.636,9.4279,9.2974,9.3919,9.8213,9.6455,9.3184,9.1494,8.8717,8.7391,8.7516,8.6538,8.6285,8.5973,8.587,8.5298,8.4877,8.53,8.7904,9.0038,9.147,9.3924,9.4803,9.5492,9.6447,9.6024,9.5933,9.5158,9.6756,9.9014,10.047,9.8204,9.6609,9.8213
14.065,8.243,7.5984,14.758,16.291,15.767,16.291,15.66,16.629,17.217,17.293,18.588,18.671,17.511,17.311,14.588,12.311,14.588,16.564,18.243,16.123,17.063,17.917,17.718,18.908,15.924,14.588,16.475,13.789,17.063,14.758,13.161,11.748,14.588,15.767,14.483,14.301,14.588,14.588,14.15,12.913,14.588,13.872,12.757,12.65,11.472,8.9338,11.748,13.619,13.872,13.789,15.351,14.758,14.986,14.954,13.662,12.65,14.264,13.487,15.578,12.757,22.989,22.617,25.728,26.475,25.663,25.728,25.773,26.196,25.218,23.872,24.935,25.012,23.531,22.888,20.609,18.228,19.242,19.336,19.903,17.851,19.507,19.485,18.63,19.206,14.986,15.233,19.382,17.274,20.142,18.361,10.125,10.206,9.9241,9.5457,9.2001,9.2303,9.2377,9.4017,9.3766,9.3201,9.2146,9.0926,9.0768,9.0435,9.4049,9.5457,10.017,10.109,10.106,10.092,10.15,10.206,10.115,10.02,9.9389,10.026,10.075,9.977,9.9691,10.125,9.7619,9.5317,9.2707,9.0268,8.8321,8.7642,8.8558,8.823,8.7616,8.8722,8.8006,8.8113,9.0256,9.062,9.2603,9.7167,9.9114,9.7543,9.9448,9.851,10.048,9.9654,9.9611,9.8902,10.06,10.108,9.9917,9.8037,9.7612,9.7619,10.12,9.9418,9.5875,9.3547,9.0925,8.9622,9.0467,8.9733,8.8898,8.8533,8.8274,8.7739,8.842,8.811,9.1398,9.0825,9.3627,9.5977,9.5944,9.71,9.912,9.849,9.814,9.8132,10.024,10.259,10.235,10.235,10.019,10.12
14.085,5.6515,7.3264,12.889,15.652,15.306,15.626,15.079,16.292,16.791,17.429,18.662,18.506,16.791,17.446,14.991,12.039,14.714,16.225,17.725,17.002,16.869,18.016,17.772,18.089,15.652,15.05,15.924,14.211,16.019,15.727,11.476,11.92,14.211,14.486,14.991,14.991,13.721,15.495,14.211,13.878,14.175,13.878,11.672,13.215,9.4749,10.981,12.432,13.878,14.931,13.878,14.316,14.682,14.486,14.714,12.641,12.378,14.029,13.517,15.388,12.485,22.138,22.956,25.214,25.851,25.442,25.807,25.543,26.148,25.727,24.175,24.873,24.344,22.432,22.641,21.019,18.623,19.247,19.368,19.631,17.834,18.775,19.621,18.662,18.204,15.05,15.306,18.19,17.326,19.631,18.571,11.981,12.043,11.822,11.395,10.991,10.841,11.021,11.083,11.161,11.073,10.955,10.881,10.903,10.847,11.228,11.448,11.922,11.95,11.928,11.831,12.053,12.037,11.899,11.898,11.813,11.826,11.898,11.819,11.712,11.981,11.322,11.125,10.961,10.854,10.479,10.474,10.468,10.575,10.522,10.473,10.467,10.46,10.565,10.614,10.849,11.291,11.599,11.592,11.452,11.446,11.486,11.478,11.426,11.523,11.232,11.262,11.455,11.382,11.043,11.322,11.902,11.693,11.338,11.139,10.848,10.679,10.753,10.685,10.581,10.528,10.547,10.454,10.478,10.491,10.796,10.88,11.075,11.265,11.304,11.439,11.587,11.516,11.511,11.421,11.437,11.824,11.886,11.873,11.59,11.902
14.105,5.9332,5.685,12.675,14.994,14.52,14.244,15.024,14.52,16.391,17.035,18.432,19.063,17.219,17.073,14.994,10.623,12.874,16.052,16.902,16.765,17.035,18.123,17.678,18.944,16.052,15.529,17.48,14.062,17.035,14.964,12.014,11.015,14.52,15.112,14.244,14.453,14.025,14.35,13.911,13.248,14.244,13.911,12.014,12.519,10.541,11.015,13.634,13.424,15.024,13.381,14.208,15.34,14.716,15.685,13.381,11.51,15.761,12.073,15.761,14.52,22.073,22.257,25.051,26.059,25.083,25.247,25.227,26.104,25.086,24.044,24.716,24.603,23.424,22.649,20.878,18.049,18.944,18.895,19.654,18.049,18.858,20.211,19.412,18.895,15.112,15.227,19.144,17.36,20.229,18.034,9.1927,9.221,8.8362,8.6259,8.4504,8.2001,8.2515,8.3371,8.3867,8.4087,8.2751,8.2236,8.1636,8.1443,8.4325,8.8061,9.0945,9.2798,9.2198,9.2946,9.1914,9.1805,9.2682,9.2436,9.1921,9.1633,9.1197,9.038,9.0289,9.1927,8.5785,8.3099,8.1772,8.0218,7.8589,7.7026,7.8362,7.8143,7.8138,7.9185,7.9481,7.8584,7.9037,7.9727,8.0338,8.7554,8.6351,8.7661,8.7783,8.8161,8.711,8.7501,8.7576,8.8324,8.6506,8.7809,8.6476,8.7184,8.459,8.5785,9.0342,8.8337,8.5854,8.3587,8.2094,7.9978,7.9595,7.8384,7.8282,7.8551,7.7782,7.825,7.7814,7.6888,8.0027,8.181,8.2859,8.5928,8.6314,8.7852,8.7719,8.7095,8.7784,8.7136,8.8558,9.0338,9.1251,8.9111,8.8492,9.0342
14.125,3.662,4.8015,11.724,14.193,14.631,14.193,14.631,15.703,17.536,17.354,19.053,18.631,17.106,16.843,15.029,12.8,13.832,16.518,17.317,16.166,17.5,17.482,17.106,18.519,16.607,15.967,16.925,14.801,17.96,16.166,11.791,12.693,14.036,14.801,13.915,14.631,13.574,14.801,14.631,14.193,13.832,14.036,12.956,12.693,9.344,10.652,12.354,15.394,15.941,14.344,14.307,16.042,13.662,15.029,14.036,14.344,14.526,13.156,14.036,13.705,22.521,22.453,25.064,25.687,25.571,25.671,25.495,26.334,26.217,24.848,25.662,24.972,22.868,22.677,20.519,18.781,19.344,19.425,19.946,18.316,19.285,20.519,18.781,18.505,15.276,15.967,18.286,17.536,19.853,19.344,9.2415,9.1574,9.1463,8.8712,8.5495,8.4542,8.4922,8.5675,8.5901,8.6696,8.4164,8.3413,8.2891,8.2263,8.5639,8.9027,9.1716,9.4178,9.3569,9.3021,9.3204,9.3725,9.3458,9.2353,9.3431,9.282,9.1331,9.1655,9.0935,9.2415,9.0541,8.6343,8.3816,8.3869,8.1525,8.0285,7.986,8.0298,8.1467,8.1707,8.0791,8.1533,8.2991,8.4636,8.728,8.984,9.0686,9.2918,9.2441,9.2191,9.1798,9.2096,9.2817,9.2662,9.189,9.0606,9.1263,9.04,8.8823,9.0541,9.3621,9.1438,8.8842,8.6461,8.4411,8.2795,8.2718,8.1628,8.101,8.1204,8.0539,8.0333,8.0554,7.9726,8.2464,8.5151,8.6461,8.8445,8.9322,8.965,9.0638,9.0422,9.0622,9.0543,9.1212,9.4063,9.3433,9.2698,9.1536,9.3621
14.146,6.4126,8.4538,11.727,14.371,14.084,14.047,14.266,15.707,16.846,17.094,18.521,18.627,17.276,17.222,14.266,11.531,12.095,14.738,16.347,15.134,15.681,17.094,16.846,18.071,16.258,15.681,16.52,14.474,16.943,15.681,11.464,12.095,15.783,15.134,14.371,13.655,13.402,14.986,14.084,12.896,14.371,13.315,11.531,12.54,11.464,8.7171,12.697,14.266,15.361,13.27,13.402,15.046,14.047,16.074,12.697,12.54,14.371,12.433,16.074,15.016,22.487,22.671,25.143,26.074,25.294,25.492,25.303,26.107,25.134,24.34,24.817,24.804,22.777,22.896,20.105,17.502,18.717,18.793,19.53,17.552,19.291,19.676,18.627,18.358,15.361,15.016,18.679,17.294,19.925,18.691,9.5154,9.7871,9.3502,9.0815,8.6233,8.6144,8.7367,8.8541,8.7865,8.8395,8.6476,8.4878,8.5517,8.5297,8.7719,8.9368,9.4292,9.6125,9.5942,9.6482,9.6764,9.6777,9.6355,9.6083,9.5565,9.502,9.4896,9.5087,9.3834,9.5154,8.9419,8.8884,8.6572,8.4605,8.247,8.1268,8.2733,8.1965,8.1752,8.3177,8.146,8.1072,8.4076,8.5658,9.0219,9.0482,9.2931,9.2419,9.2186,9.1321,9.2806,9.4206,9.2237,9.1114,9.1144,9.0832,9.0756,8.9988,8.8034,8.9419,9.622,9.4165,9.0713,8.8487,8.6055,8.4491,8.5419,8.413,8.2941,8.3494,8.2796,8.2399,8.2335,8.2936,8.5811,8.6354,8.9341,9.0999,9.0946,9.1971,9.4831,9.4175,9.325,9.3246,9.5784,9.742,9.7263,9.7114,9.4909,9.622
14.165,5.695,6.4008,12.933,15.122,14.36,15.967,15.349,16.401,16.834,17.083,18.509,19.073,18.233,17.37,14.36,11.716,12.024,13.303,15.895,15.034,16.062,17.49,17.37,18.705,15.943,14.726,16.335,13.921,17.083,14.53,12.685,12.529,15.539,15.695,15.004,14.254,14.36,14.726,13.434,12.685,12.933,12.933,12.685,12.933,10.38,9.9226,11.025,13.644,14.53,12.685,12.933,14.36,14.36,16.401,12.685,10.633,14.36,13.39,15.771,14.072,22.761,22.685,25.798,26.664,25.563,25.283,25.302,26.095,24.989,23.39,24.054,24.547,23.569,22.475,20.093,18.233,18.059,17.878,19.674,17.878,18.233,19.633,19.013,18.509,14.726,14.53,19.378,16.912,20.38,18.509,9.9243,9.8291,9.6571,9.3381,9.1713,8.8721,9.1469,9.1191,9.1367,9.1145,8.9426,8.7298,8.7743,8.8349,9.0226,9.2112,9.7109,9.8977,9.9526,9.9126,10.011,10.058,10.003,9.8701,9.8012,9.8479,9.8497,9.8156,9.7745,9.9243,9.4911,9.3313,8.9162,8.7564,8.5806,8.355,8.5737,8.5986,8.5502,8.5329,8.5841,8.5323,8.7371,8.7883,9.2001,9.1862,9.8366,9.7695,9.5878,9.7371,9.7883,9.5946,9.5428,9.5289,9.4003,9.5616,9.6951,9.5393,9.3348,9.4911,9.9037,9.6472,9.3705,9.0979,8.8502,8.6544,8.7535,8.6345,8.532,8.6252,8.5265,8.4827,8.5159,8.5065,8.8351,8.8595,9.1591,9.3339,9.3432,9.5586,9.6195,9.6255,9.5743,9.4763,9.6287,9.9494,9.9721,9.9456,9.7171,9.9037
14.186,7.5802,9.5583,13.474,15.735,15.935,15.389,16.441,18.054,17.58,18.482,19.418,19.319,18.707,18.273,14.112,12.123,13.298,15.044,17.322,15.983,17.251,18.054,18.173,19.714,17.251,16.308,16.548,15.133,17.663,15.935,12.725,13.684,15.935,16.286,15.277,15.709,14.4,15.133,13.961,13.805,14.798,14.57,12.515,14.4,11.284,9.5583,12.973,14.798,15.162,14.294,15.044,15.935,14.4,15.579,14.4,12.123,14.4,12.461,15.983,13.43,22.997,23.226,26.135,26.747,26.213,26.495,26.375,26.613,25.995,24.807,25.389,25.642,24.064,23.942,20.738,18.994,19.451,19.558,19.914,18.143,19.319,20.114,19.363,18.099,14.798,15.162,19.148,17.597,20.762,19.018,10.227,10.164,10.025,9.7558,9.5976,9.3883,9.3824,9.2911,9.3486,9.396,9.23,9.1413,9.1365,9.0283,9.3068,9.5796,10.013,10.313,10.402,10.394,10.305,10.332,10.44,10.218,10.226,10.233,10.098,10.135,10.107,10.227,9.6052,9.4828,9.2492,9.0977,8.9033,8.8669,8.7579,8.7325,8.7822,8.825,8.7882,8.8305,8.7729,8.9126,9.2848,9.6869,9.9372,9.8701,9.8621,9.7641,9.7315,9.7175,9.6304,9.8014,9.5501,9.7131,9.8296,9.5056,9.4655,9.6052,10.101,9.8263,9.6033,9.4064,9.174,8.976,8.9061,8.8087,8.7623,8.8516,8.7628,8.746,8.7313,8.6553,8.9283,9.0837,9.3689,9.4015,9.5605,9.6421,9.7167,9.6716,9.7269,9.6655,9.8065,10.151,10.169,10.025,9.8858,10.101
14.206,5.8863,6.3439,12.472,14.669,15.18,16.005,15.638,17.483,17.225,17.416,19.289,18.558,16.778,17.313,14.701,12.472,13.504,14.977,16.855,16.344,17.943,18.61,18.439,18.648,17.313,15.375,16.387,14.161,17.007,14.473,12.472,11.907,14.197,14.473,14.701,14.701,14.015,14.303,14.303,13.864,13.504,13.708,11.907,12.876,8.8966,10.323,13.201,14.473,15.036,13.201,14.303,14.917,14.669,14.015,12.472,11.463,13.334,12.418,13.864,13.587,22.277,22.827,25.226,25.963,25.545,25.442,25.62,26.283,25.612,24.1,24.947,24.643,23.25,22.798,20.792,18.848,19.199,18.452,19.233,18.344,18.957,19.222,18.724,17.483,14.473,14.669,18.452,16.875,19.885,18.177,8.6822,8.9064,8.878,8.5043,8.2648,8.1137,8.1076,8.0577,8.0156,8.0979,7.9297,7.7841,7.8219,7.7456,8.0348,8.3426,8.5805,8.8972,8.9425,8.9868,8.9009,8.8784,8.912,8.7493,8.7548,8.6572,8.6399,8.5001,8.4944,8.6822,8.344,8.1896,8.0153,7.7839,7.7433,7.5661,7.4524,7.5646,7.4415,7.5735,7.5724,7.6039,7.6303,7.687,7.8856,8.2641,8.5081,8.5369,8.5614,8.4984,8.3298,8.3865,8.3664,8.4444,8.2661,8.378,8.4902,8.367,8.1686,8.344,8.7794,8.6164,8.391,8.1381,7.9449,7.7558,7.6844,7.6235,7.5699,7.629,7.5319,7.5126,7.5461,7.439,7.6745,7.8247,8.0509,8.2655,8.3167,8.471,8.4374,8.4417,8.4493,8.4683,8.6052,8.8584,8.9435,8.8164,8.6915,8.7794
14.226,5.781,6.2925,10.983,14.879,15.353,15.472,15.107,17.003,17.578,16.75,18.791,18.117,16.12,15.353,13.74,11.374,13.783,16.411,17.578,16.857,17.631,18.597,17.839,18.75,16.411,16.019,16.92,14.568,16.793,16.019,12.065,12.771,13.607,14.709,13.74,14.568,14.271,14.709,14.709,13.234,13.993,13.034,12.771,12.771,10.983,9.7604,12.373,13.74,14.879,14.114,14.271,15.353,12.771,14.709,11.802,11.374,12.771,11.869,14.422,13.034,21.869,22.925,24.705,25.748,25.55,25.524,25.538,26.087,26.026,24.539,25.335,24.819,22.467,23.115,20.729,18.364,19.218,18.845,20.194,17.972,18.482,19.029,17.719,17.281,14.879,15.075,18.597,17.972,20.024,18.709,9.3333,9.1301,9.2052,8.8481,8.6036,8.492,8.4629,8.418,8.4931,8.4318,8.4085,8.3202,8.3131,8.3213,8.7029,9.0465,9.3235,9.5075,9.6028,9.6107,9.5182,9.5336,9.513,9.4917,9.4675,9.3565,9.3507,9.3449,9.2413,9.3333,8.5628,8.3968,8.2504,8.1949,7.99,7.8891,7.7128,7.867,7.7661,7.9299,7.9674,7.7842,8.0818,7.9808,8.338,8.924,8.7861,8.7601,8.9254,8.9103,8.8923,8.7992,8.795,8.694,8.773,8.9106,8.7509,8.7055,8.3896,8.5628,9.1093,8.8557,8.6251,8.4281,8.2199,8.05,8.0011,7.9263,7.8754,7.8846,7.8518,7.7722,7.7898,7.7517,8.006,8.1483,8.433,8.5404,8.6452,8.8059,8.7858,8.7677,8.7402,8.7484,8.9627,9.2358,9.293,9.1144,8.9584,9.1093
14.246,5.3953,6.3644,10.988,14.69,14.494,16.21,15.313,16.364,16.798,17.334,19.071,18.406,16.299,16.876,13.885,11.679,14.218,16.026,17.587,16.299,17.246,18.406,18.023,18.669,16.895,15.086,16.798,14.323,16.408,15.395,12.848,11.483,14.036,13.397,13.266,14.218,13.607,14.323,14.182,14.036,14.323,14.218,12.648,12.385,10.256,9.0362,11.987,13.354,14.494,13.999,14.036,14.968,13.607,12.848,12.648,11.483,13.999,12.648,14.036,12.492,22.191,22.623,24.721,25.88,25.526,25.633,25.694,26.026,26.089,24.537,25.406,24.822,22.492,22.916,20.531,17.978,19.071,18.46,19.429,18.067,18.579,19.628,17.504,17.437,14.721,15.931,18.643,17.521,19.991,18.977,9.3397,9.4607,9.3432,8.9826,8.8032,8.5936,8.635,8.5785,8.5673,8.6408,8.5328,8.3813,8.4311,8.4436,8.8199,8.9307,9.3611,9.5567,9.6111,9.5252,9.5749,9.5162,9.5201,9.3598,9.3025,9.2099,9.1776,9.2394,9.1189,9.3397,8.8832,8.7574,8.456,8.3255,8.1968,8.0592,8.0185,7.9756,8.069,8.0381,8.0761,8.0789,8.018,8.1766,8.27,8.9923,9.0255,9.2978,9.1939,9.1042,9.0591,8.945,9.0782,9.1302,8.91,9.1666,9.0526,9.0105,8.8035,8.8832,9.3679,9.1529,8.884,8.6574,8.4308,8.257,8.2442,8.1913,8.1176,8.126,8.0508,7.9679,7.9874,8.0509,8.275,8.3739,8.605,8.7966,8.8954,8.971,9.0783,8.9686,8.9865,9.0298,9.2435,9.4219,9.537,9.3284,9.185,9.3679
14.266,7.7919,7.7919,13.85,15.015,15.721,16.612,15.745,16.766,17.545,16.841,19.285,18.838,16.766,16.552,14.24,12.662,14.031,16.285,17.881,17.318,17.777,19.242,16.988,18.457,16.69,15.84,16.431,12.71,15.127,14.871,12.462,13.542,14.782,14.307,14.9,14.535,13.338,15.263,15.447,12.71,14.307,14.752,9.1885,12.462,9.7,8.7309,13.338,13.699,15.015,14.811,12.662,14.782,13.168,13.421,11.297,12.662,14.137,12.71,14.137,13.211,22.166,23.347,25.209,26.066,25.675,26.178,25.711,26.891,26.84,24.829,25.781,24.826,22.477,22.71,21.23,19.452,19.242,19.199,19.833,18.178,18.483,20.201,17.465,17.267,14.307,15.472,19.452,18.457,19.833,19.622,9.6446,9.4869,9.4878,9.2581,8.9992,8.7957,8.904,8.907,8.9411,8.9618,8.8645,8.7206,8.7816,8.7584,9.0702,9.4466,9.5819,9.8834,9.7472,9.8546,9.8435,9.8296,9.7086,9.787,9.6048,9.5793,9.5188,9.522,9.3756,9.6446,9.0637,9.0609,8.6108,8.6008,8.2918,8.2484,8.2702,8.2501,8.4275,8.2789,8.2588,8.1657,8.4119,8.4395,8.7624,8.8667,9.2373,9.1507,9.2447,9.1411,9.1235,9.216,9.0573,9.205,9.1415,9.2752,9.2946,9.0772,8.8597,9.0637,9.6177,9.3899,9.0448,8.9269,8.6453,8.4693,8.5337,8.4457,8.3577,8.3309,8.3372,8.2869,8.3076,8.2245,8.4837,8.704,8.8601,9.0273,9.1778,9.2344,9.368,9.3663,9.3961,9.3838,9.636,9.9165,9.8918,9.6836,9.4649,9.6177
14.286,5.7864,9.06,11.807,14.817,14.885,15.894,15.592,16.601,17.895,17.437,18.701,19.368,16.417,16.417,14.609,13.288,13.745,16.05,16.69,16.756,16.623,18.399,16.601,17.978,16.322,16.024,15.477,13.613,14.39,14.276,10.905,12.378,14.39,14.39,14.714,14.12,13.745,13.916,15.112,13.745,16.024,13.239,10.905,11.807,10.988,7.7246,11.874,13.039,14.39,13.239,12.83,15.359,12.07,13.998,11.874,10.988,13.239,12.378,12.776,13.039,21.498,22.883,24.379,25.259,25.271,25.97,25.259,26.213,26.775,24.609,25.329,24.544,21.704,22.873,20.603,18.414,19.173,18.756,19.223,18.904,18.17,19.82,16.417,16.756,14.39,15.359,17.637,18.588,19.645,18.864,9.9957,10.076,9.6661,9.5013,9.0703,9.0611,9.2519,9.0995,9.1965,9.1006,9.1732,9.0733,8.9602,8.9373,9.3501,9.5583,9.8571,10.117,10.1,10.006,10.209,10.103,10.04,9.9471,9.9151,9.8029,9.8128,9.8915,9.7134,9.9957,9.5006,9.1455,8.9057,8.7363,8.6013,8.4379,8.6775,8.5393,8.5848,8.5979,8.546,8.5791,8.7466,8.7502,9.0636,9.29,9.4736,9.7647,9.7572,9.7172,9.7503,9.6153,9.6078,9.4473,9.4944,9.8453,9.6,9.5383,9.3075,9.5006,9.8577,9.6324,9.2935,9.1694,8.8723,8.7124,8.8055,8.687,8.6326,8.5643,8.608,8.5356,8.5522,8.5123,8.8635,8.8883,9.0969,9.2984,9.4301,9.4762,9.6121,9.6729,9.5073,9.617,9.8087,10.108,10.158,9.8783,9.7121,9.8577
14.306,9.6117,6.4942,14.166,15.864,16.061,15.763,15.788,17.65,17.83,18.078,19.504,19.727,18.226,17.376,15.098,12.117,15.068,16.362,17.909,16.406,17.781,18.603,18.603,20.121,17.83,16.339,17.176,13.484,15.864,14.453,13.527,13.484,15.186,15.632,14.453,14.623,15.186,14.819,15.443,14.453,15.632,14.453,13.026,13.396,10.644,10.386,11.809,14.556,14.623,12.515,13.737,15.864,13.484,14.623,12.117,12.515,15.098,12.176,15.186,13.654,23.316,23.145,26.037,26.641,26.188,26.237,26.153,26.741,26.267,24.771,25.484,25.268,23.918,23.383,20.792,19.439,19.383,19.548,19.938,18.875,19.675,19.967,18.962,17.83,15.788,16.156,19.928,18.108,20.718,19.768,10.167,10.368,9.9488,9.7516,9.4991,9.294,9.3602,9.3695,9.377,9.4695,9.317,9.199,9.1867,9.1813,9.4337,9.6988,9.9729,10.239,10.239,10.301,10.278,10.335,10.29,10.175,10.079,9.9141,9.8215,10.008,9.8666,10.167,9.6647,9.4363,9.2268,9.0951,8.8397,8.709,8.8123,8.7059,8.7741,8.6941,8.5771,8.6814,8.7789,8.9145,9.3163,9.3275,9.6817,9.7404,9.8205,9.6898,9.6889,9.6284,9.7367,9.6748,9.649,9.4998,9.5522,9.6143,9.4281,9.6647,10.043,9.8747,9.5791,9.3406,9.1334,8.9096,9.0132,8.8824,8.8207,8.8163,8.7466,8.7064,8.7156,8.6883,9.0387,9.0628,9.3462,9.5226,9.589,9.7018,9.8749,9.7374,9.7635,9.6871,9.9738,10.207,10.187,10.093,9.8327,10.043
14.326,8.0218,7.3773,13.929,15.1,15.357,15.439,15.975,16.343,17.548,17.053,18.687,18.687,16.661,16.92,14.765,12.483,14.765,15.546,17.497,16.07,16.842,18.367,17.071,19.515,16.07,15.702,16.408,12.692,15.357,15.13,13.266,13.772,14.042,14.765,14.367,14.042,14.367,15.546,14.261,14.08,15.041,13.568,10.388,12.692,9.0799,10.388,11.251,13.266,14.537,12.429,13.441,14.537,12.692,14.537,12.892,11.527,13.31,11.723,14.733,12.94,22.604,22.396,25.103,26.133,25.208,25.284,25.012,25.778,25.398,23.831,24.79,24.405,22.583,22.483,20.641,18.007,18.985,19.682,19.353,18.067,18.449,19.682,18.14,18.022,15.951,16.32,19.353,18.022,20.762,19.286,10.144,10.405,10.195,9.9532,9.6889,9.5099,9.6357,9.6162,9.6678,9.6631,9.5097,9.3621,9.3353,9.3283,9.6756,9.9689,10.262,10.357,10.387,10.338,10.381,10.394,10.302,10.244,10.093,10.029,9.9628,10.038,9.9622,10.144,9.8581,9.6215,9.574,9.3569,9.169,9.0668,9.1309,9.0392,9.0796,9.0254,9.0937,9.0941,9.1306,9.1883,9.429,10.077,10.148,10.315,10.255,10.039,10.1,10.163,10.096,10.236,10.114,10.056,10.019,10.103,9.9423,9.8581,10.313,10.093,9.8122,9.6263,9.4148,9.2381,9.203,9.1386,9.089,9.1117,9.0556,9.0373,9.0129,8.9635,9.3123,9.4587,9.6484,9.8244,9.9933,10.023,10.07,9.9883,10.042,10.142,10.364,10.527,10.44,10.27,10.083,10.313
14.346,8.654,9.5041,14.819,16.416,16.09,15.12,16.513,17.581,16.627,17.204,18.735,19.256,18.287,17.596,14.819,12.972,13.225,15.917,17.927,17.122,18.091,18.654,19.089,20.431,17.122,15.644,17.581,14.307,17.204,14.675,12.972,13.015,15.549,15.352,14.704,15.644,14.586,15.277,14.111,12.84,14.111,14.307,13.142,12.003,10.825,9.0999,12.11,13.617,15.828,13.836,15.067,15.277,16.357,15.644,13.346,13.225,14.556,12.266,15.895,12.466,23.406,23.079,26.451,26.989,25.807,25.585,26.036,26.3,25.091,24.217,24.819,25.387,24.486,23.346,20.239,18.535,18.993,18.86,20.239,19.1,19.793,20.591,20.336,20.207,16.951,17.397,21.297,18.261,21.623,19.456,10.623,10.655,10.454,10.133,9.7504,9.7268,9.78,9.8848,9.8703,9.9414,9.8196,9.6337,9.6779,9.6894,10.047,10.026,10.551,10.634,10.621,10.582,10.779,10.696,10.722,10.596,10.498,10.342,10.375,10.495,10.312,10.623,10.06,10.154,9.8532,9.605,9.4348,9.1629,9.372,9.2419,9.1413,9.2871,9.2399,9.113,9.4073,9.3835,9.7897,10.226,10.299,10.445,10.42,10.439,10.381,10.31,10.376,10.235,10.282,10.148,10.278,10.206,9.9814,10.06,10.519,10.324,10.062,9.8485,9.6149,9.4248,9.4989,9.3682,9.3025,9.3774,9.288,9.218,9.2725,9.254,9.5914,9.6042,9.925,10.058,10.196,10.351,10.42,10.344,10.467,10.354,10.391,10.64,10.634,10.568,10.351,10.519
14.366,9.2276,8.2885,13.835,15.969,15.943,15.76,14.346,16.587,17.644,17.319,18.634,18.089,15.969,17.338,15.278,13.532,15.969,17.319,18.274,16.609,17.049,18.508,17.485,18.979,16.587,15.278,16.217,14.528,14.804,15.032,12.357,13.665,14.804,14.528,15.278,14.528,14.634,14.804,15.969,14.346,14.346,12.959,11.794,10.654,9.3465,9.2276,11.99,13.577,15.278,14.634,15,15.943,13.918,14.634,12.803,12.959,14.039,12.959,13.918,13.708,22.262,23.496,24.743,25.749,25.698,25.802,25.393,26.241,26.022,24.309,25.181,24.847,22.438,23.25,21.185,19.287,19.739,19.287,19.948,19.287,19.382,21.1,19.055,19.287,16.543,17.108,19.948,18.318,20.187,19.696,9.3496,9.5529,9.1438,8.9634,8.5431,8.3415,8.7279,8.7237,8.702,8.7254,8.6183,8.4886,8.5779,8.5332,8.8245,9.0999,9.3422,9.4444,9.3522,9.3747,9.5359,9.4553,9.366,9.3483,9.2234,9.0806,9.2839,9.3133,9.078,9.3496,8.9351,8.8745,8.5243,8.3322,8.1384,7.8807,8.3511,8.1808,8.0026,8.0509,8.2158,7.9687,8.2278,8.5212,8.4605,8.855,9.1696,9.1888,9.0461,9.059,9.0518,9.071,9.1235,9.0831,9.0684,9.03,9.0189,9.0684,8.783,8.9351,9.3355,9.2001,8.789,8.6278,8.2752,8.1382,8.3074,8.2577,8.1435,8.1085,8.1585,8.0483,8.109,8.1959,8.4063,8.4783,8.6847,8.8912,8.953,9.0943,9.282,9.2622,9.1034,9.1408,9.2339,9.4285,9.4057,9.3671,9.057,9.3355
14.386,7.3062,7.3062,14.97,16.507,15.631,15.059,15.029,16.38,16.271,16.771,17.951,18.446,17.559,17,14.296,12.358,14.466,16.249,17.921,16.271,17.165,17.426,18.282,19.09,15.88,14.662,16.182,12.621,16.59,14.296,12.621,12.019,14.662,15.631,14.662,13.701,15.059,15.368,14.662,12.621,13.327,11.456,11.18,11.652,7.9508,7.3062,11.652,12.869,14.97,14.97,14.97,13.971,14.97,14.662,13.497,13.58,14.694,12.358,14.94,12.358,22.912,22.732,25.593,26.393,25.247,25.715,25.029,26.013,25.196,23.118,24.549,24.416,23.063,23.002,20.691,18.446,18.841,18.603,19.611,18.282,19.771,20.148,19.81,19.57,16.868,16.182,19.722,18.446,20.175,18.378,12.482,12.625,12.268,12.04,11.92,11.67,11.681,11.748,11.92,11.898,11.793,11.655,11.669,11.622,12.036,12.18,12.52,12.646,12.647,12.577,12.65,12.589,12.613,12.446,12.333,12.116,12.4,12.44,12.153,12.482,12.163,12.197,11.804,11.617,11.276,11.211,11.309,11.144,11.202,11.209,11.268,11.266,11.282,11.599,11.74,12.244,12.328,12.528,12.472,12.386,12.435,12.395,12.398,12.198,12.131,12.194,12.245,12.2,11.943,12.163,12.576,12.369,12.052,11.824,11.578,11.397,11.504,11.408,11.326,11.325,11.324,11.204,11.262,11.296,11.656,11.617,11.884,12.155,12.169,12.359,12.385,12.338,12.261,12.307,12.393,12.569,12.589,12.48,12.269,12.576
14.406,5.8231,7.8943,13.138,15.312,14.41,14.239,14.41,15.942,17.42,16.655,18.987,18.833,15.942,16.811,14.41,13.27,15.942,16.281,17.879,15.549,16.962,18.661,17.42,18.281,16.388,14.914,15.575,14.134,15.419,15.942,12.355,11.963,14.134,14.342,14.884,14.884,14.41,16.148,14.606,13.441,13.523,13.27,11.332,11.399,10.26,8.3218,13.645,13.915,15.229,14.134,13.801,15.312,13.915,14.41,12.355,12.764,13.645,12.813,14.239,13.27,22.236,23.138,24.41,25.379,25.536,25.842,25.408,26.053,26.112,24.322,25.229,24.787,22.13,23.309,21.399,19.665,20.666,19.725,20.119,18.952,20.101,20.994,19.225,19.034,15.942,16.324,19.258,18.322,19.936,18.893,9.6537,9.8614,9.6753,9.4571,9.0869,8.9696,9.1361,9.073,9.1811,9.1755,9.0821,9.0021,8.9944,8.9117,9.3246,9.56,9.8741,9.9998,9.9805,9.9071,9.9275,9.7995,9.9037,9.726,9.6448,9.6197,9.6549,9.6101,9.4173,9.6537,9.4465,9.4221,8.9767,8.8778,8.7713,8.5574,8.5753,8.5377,8.4703,8.7231,8.6144,8.79,8.7423,8.819,9.1486,9.7444,9.8463,9.7701,9.675,9.8621,9.6485,9.7141,9.6076,9.6742,9.609,9.6462,9.5213,9.5039,9.3143,9.4465,9.8449,9.6355,9.3511,9.2056,8.9909,8.7895,8.8215,8.7183,8.7284,8.7101,8.7597,8.7275,8.6949,8.6653,8.9728,9.0858,9.2844,9.4526,9.6121,9.7271,9.7699,9.6819,9.7348,9.6875,9.7834,9.9981,10.021,9.8532,9.7284,9.8449
14.426,7.4076,10.501,14.227,14.99,14.872,14.872,14.227,14.96,17.132,16.95,18.772,19.124,16.913,16.439,14.397,12.343,14.227,16.311,17.927,16.268,16.521,18.309,17.867,19.021,15.93,15.562,15.93,14.227,16.113,15.406,12.552,12.343,14.33,15.562,14.872,14.086,14.99,15.105,14.397,13.17,14.121,14.227,11.111,11.32,7.2373,10.892,11.111,14.872,14.99,13.902,14.121,15.406,12.343,15.406,13.126,11.891,13.258,11.32,13.789,12.8,22.938,22.844,25.217,25.948,25.765,25.811,25.537,26.207,25.366,23.999,24.545,24.574,22.877,23.297,20.892,19.124,20.248,20.186,20.435,19.322,19.96,21.217,19.542,19.157,15.562,16.702,19.386,17.927,19.867,18.101,10.083,10.241,10.046,9.6047,9.3613,9.185,9.438,9.4427,9.5467,9.5015,9.3791,9.2577,9.229,9.2846,9.5964,9.9637,10.134,10.346,10.176,10.142,10.268,10.16,10.176,10.112,10.011,10.093,10.02,9.8919,9.8175,10.083,9.8015,9.5538,9.3829,9.2887,8.9822,8.87,8.8738,8.7731,8.8764,8.9717,8.8914,8.9515,9.1536,9.0733,9.6877,9.8973,10.041,10.043,9.964,9.9989,10.142,9.9513,9.891,9.8307,9.9673,9.8048,9.8507,9.8217,9.5842,9.8015,10.114,9.9764,9.673,9.471,9.2212,9.0626,9.1053,9.0039,8.9666,8.9829,8.9575,8.9431,8.946,8.939,9.204,9.352,9.5321,9.7038,9.7808,9.8935,10.023,9.9409,9.8759,9.8527,10.015,10.213,10.176,10.102,9.9189,10.114
14.446,7.5608,7.3905,12.549,14.778,14.551,14.239,13.664,14.778,15.69,15.964,18.254,18.38,16.796,16.674,12.705,11.54,13.411,15.716,16.855,15.716,16.855,17.644,17.39,18.08,15.506,15.792,16.592,14.551,16.421,15.055,11.54,12.044,14.275,14.093,12.549,14.551,14.239,13.942,13.454,12.442,12.954,12.442,11.54,11.54,8.0351,9.5389,11.54,12.905,13.785,12.954,14.38,14.056,14.093,14.056,13.411,11.54,11.984,11.736,13.279,11.54,22.287,22.705,24.656,25.969,25.114,25.52,25.114,26.246,25.411,23.938,24.551,24.38,22.973,23.484,20.401,19.443,20.269,20.076,20.313,18.802,19.865,20.807,19.443,19.366,15.114,15.792,18.926,17.898,19.695,18.08,11.702,11.709,11.692,11.317,11.044,10.871,11.101,11.123,11.116,11.14,11.001,10.865,10.822,10.761,11,11.437,11.765,11.935,11.858,11.838,11.76,11.85,11.795,11.684,11.518,11.622,11.619,11.639,11.324,11.702,11.463,11.302,10.899,10.938,10.562,10.481,10.538,10.537,10.502,10.656,10.589,10.521,10.651,10.725,11.187,11.389,11.556,11.591,11.588,11.693,11.625,11.499,11.614,11.364,11.535,11.484,11.541,11.229,11.039,11.463,11.826,11.637,11.345,11.154,10.905,10.737,10.787,10.706,10.623,10.619,10.652,10.649,10.656,10.597,10.935,11.148,11.236,11.461,11.485,11.595,11.641,11.539,11.521,11.583,11.618,12.026,11.893,11.758,11.615,11.826
14.466,9.6686,9.5614,14.223,15.5,15.921,14.072,14.404,16.212,16.419,16.419,18.51,18.817,17.64,16.118,13.408,10.443,13.083,15.273,17.139,16.594,17.773,17.691,17.691,18.817,16.045,14.68,17.361,14.185,16.985,15.689,12.835,11.866,14.223,15.154,14.072,14.369,14.072,14.51,13.453,10.784,13.541,13.915,11.67,10.073,7.5202,8.1648,12.233,13.584,15.689,13.584,14.072,14.404,13.794,16.045,12.572,13.408,14.876,12.835,14.613,12.835,23.188,22.626,25.508,26.419,26.248,25.541,25.921,26.153,25.243,24.052,25.199,24.72,24.223,23.202,20.897,19.429,20.024,19.825,20.808,19.669,20.808,21.212,20.178,20.443,16.985,16.658,20.398,18.165,20.936,19.223,12.24,11.788,11.893,11.572,11.419,11.313,11.318,11.364,11.556,11.587,11.436,11.403,11.173,11.144,11.49,11.838,12.282,12.409,12.432,12.446,12.34,12.24,12.363,12.194,12.221,12.304,12.148,11.985,12.027,12.24,11.747,11.383,11.293,11.136,11.078,10.969,10.86,10.705,10.843,11.079,10.9,11.007,10.94,11.095,11.375,11.738,11.911,12.134,12.102,12.049,11.974,11.956,12.101,12.008,12.06,12.115,11.899,11.831,11.57,11.747,12.013,11.807,11.64,11.445,11.308,11.112,10.96,10.87,10.887,10.963,10.895,10.946,10.89,10.806,11.173,11.304,11.533,11.688,11.85,11.932,11.765,11.68,11.855,11.792,12.023,12.239,12.081,12.001,11.809,12.013
14.486,7.9017,9.2983,12.309,15.125,13.809,14.247,13.922,16.133,16.395,16.331,18.901,18.948,16.819,16.331,13.531,11.407,14.247,15.373,16.819,16.133,16.722,17.932,16.933,17.932,14.613,14.247,16.331,14.891,17.152,15.949,12.572,11.407,14.141,14.417,14.106,14.417,14.141,14.417,13.448,13.652,13.278,13.321,12.309,11.407,10.18,10.267,11.97,13.145,14.247,13.531,13.448,14.891,14.861,14.417,11.603,12.82,14.247,12.572,13.531,12.416,22.484,23.278,24.876,25.85,25.489,25.755,25.575,26.133,25.322,23.866,25.286,24.983,22.939,23.321,20.775,19.352,20.162,20.267,20.949,19.722,20.206,20.642,19.177,18.755,15.557,16.458,19.943,19.166,20.438,19.395,10.844,10.656,10.551,10.37,10.087,9.7355,10.216,10.234,10.176,10.182,10.073,9.9621,9.9015,9.9631,10.266,10.564,10.94,11.016,10.977,11.064,11.045,11.024,10.897,10.814,10.823,10.784,10.959,10.837,10.74,10.844,10.467,10.39,10.09,10,9.7517,9.5033,9.5943,9.5039,9.4529,9.6254,9.6509,9.569,9.8664,9.9397,10.082,10.601,10.784,10.913,10.693,10.754,10.711,10.726,10.66,10.661,10.657,10.752,10.628,10.607,10.423,10.467,10.859,10.672,10.397,10.182,9.9291,9.7149,9.7856,9.6966,9.6642,9.7066,9.7014,9.6303,9.6302,9.5934,9.9965,10.035,10.326,10.435,10.511,10.655,10.693,10.584,10.543,10.608,10.831,10.907,10.968,10.833,10.61,10.859
14.506,9.0781,10.218,13.228,14.671,14.641,14.671,13.702,16.068,17.037,16.75,18.946,18.739,16.068,16.068,13.311,11.383,14.671,15.362,17.224,16.75,17.29,17.726,17.207,17.545,15.729,12.352,15.562,14.701,16.501,16.002,12.352,13.101,14.197,13.921,14.671,15.336,14.789,14.701,14.76,12.352,14.425,14.197,10.047,11.691,10.047,11.383,12.925,14.027,15.562,13.588,13.432,14.904,13.057,14.027,13.311,12.088,13.921,12.97,15.336,13.702,22.522,23.491,25.206,26.412,25.984,26.331,25.615,26.513,26.669,24.76,25.525,25.272,23.148,23.424,21.661,19.888,20.365,20.493,20.932,20.09,20.781,21.655,19.59,19.331,16.111,16.175,19.657,19.185,20.846,19.422,9.8713,9.5709,9.3949,9.0803,8.8455,8.6107,8.8739,8.9609,9.1066,8.9481,8.9419,8.8856,8.8662,8.832,9.1631,9.5104,9.7916,9.9174,9.9032,9.9347,9.9995,9.8971,9.8703,9.7309,9.7389,9.7846,9.9121,9.8681,9.6763,9.8713,9.2775,9.0484,8.8176,8.6451,8.4708,8.3234,8.2918,8.3376,8.325,8.3608,8.4266,8.3908,8.4508,8.6034,8.9658,9.1581,9.5641,9.4543,9.3431,9.4303,9.449,9.4918,9.3886,9.5042,9.3965,9.3756,9.4005,9.285,9.0788,9.2775,9.6788,9.4087,9.1211,8.9841,8.6465,8.5222,8.5771,8.5607,8.5273,8.4393,8.5645,8.5002,8.498,8.4898,8.7763,8.8654,9.0586,9.3031,9.3486,9.4869,9.5461,9.4616,9.4589,9.3982,9.6086,9.9435,9.9112,9.6912,9.4998,9.6788
14.526,8.2911,7.6465,11.301,12.961,15.281,14.495,13.667,15.514,16.22,17.111,18.956,18.51,16.339,16.22,13.71,11.992,13.579,16.171,16.785,15.311,15.514,17.647,16.785,17.052,15.514,13.667,14.495,13.667,15.281,14.349,12.3,10.827,12.805,14.198,14.636,15.003,13.667,13.667,14.636,12.961,13.535,11.992,10.827,10.569,9.6877,10.827,12.698,13.837,14.198,13.71,13.579,13.71,14.198,13.21,12.698,12.3,12.961,11.796,12.698,13.161,22.155,22.868,24.552,25.534,25.676,25.776,25.23,26.174,26.251,24.698,25.491,24.664,22.698,23.667,21.626,19.699,20.657,20.37,20.525,19.951,20.19,20.999,19.384,18.154,16.244,16.545,19.555,18.786,20.37,18.943,11.291,11.456,11.118,10.883,10.531,10.516,10.583,10.612,10.615,10.562,10.54,10.484,10.484,10.387,10.734,11.101,11.271,11.424,11.476,11.476,11.516,11.507,11.401,11.247,11.219,11.248,11.316,11.384,11.085,11.291,11.061,10.812,10.637,10.505,10.17,10.017,10.174,10.227,10.177,9.986,10.239,10.273,10.233,10.342,10.718,11.149,11.327,11.363,11.406,11.284,11.296,11.307,11.186,11.353,11.265,11.214,11.334,11.198,10.913,11.061,11.418,11.183,10.87,10.685,10.419,10.261,10.338,10.312,10.212,10.17,10.228,10.196,10.171,10.122,10.498,10.603,10.788,10.967,11.123,11.094,11.24,11.158,11.101,11.125,11.288,11.621,11.534,11.419,11.19,11.418
14.546,7.6081,8.9435,11.758,13.496,13.882,14.003,15.476,15.588,16.892,16.3,17.974,18.68,16.746,16.682,13.672,12.66,12.923,15.476,17.302,15.908,16.639,17.503,17.321,18.342,14.996,14.768,14.457,14.159,16.639,15.361,12.923,11.758,14.273,14.964,15.331,14.701,14.003,14.273,14.273,13.171,12.262,12.923,11.482,11.758,9.1917,8.6802,11.482,13.672,14.768,14.492,14.159,14.768,13.123,14.003,13.123,12.262,13.171,10.789,13.496,12.923,22.938,23.248,25.142,26.3,25.895,25.718,25.521,25.969,25.694,24.311,24.964,25.227,23.093,23.563,20.993,19.311,20.294,20.486,20.477,19.299,20.618,21.149,19.346,18.598,15.777,16.009,19.517,17.795,20.237,18.68,11.575,11.76,11.33,11.027,10.827,10.78,10.969,10.867,10.815,10.876,10.728,10.591,10.641,10.693,10.832,10.994,11.474,11.582,11.511,11.611,11.8,11.791,11.624,11.596,11.352,11.516,11.581,11.587,11.318,11.575,11.273,11.139,10.772,10.55,10.384,10.132,10.337,10.364,10.253,10.25,10.058,10.18,10.221,10.349,10.924,10.837,11.446,11.35,11.239,11.186,11.257,11.37,11.244,11.222,11.071,11.116,11.134,11.172,10.865,11.273,11.618,11.533,11.102,10.896,10.608,10.406,10.636,10.571,10.434,10.41,10.43,10.305,10.405,10.381,10.729,10.781,10.955,11.165,11.187,11.223,11.502,11.361,11.261,11.315,11.416,11.605,11.745,11.684,11.362,11.618
14.566,4.645,9.6334,13.048,14.475,14.645,14.475,14.475,16.384,16.559,16.45,17.93,18.475,17.485,16.95,12.537,10.495,12.644,13.759,16.89,15.784,16.384,17.485,18.13,18.795,15.353,13.88,15.601,13.676,17.179,14.645,12.59,13,15.208,16.058,15.149,14.841,14.578,15.208,14.15,12.079,13.676,14.475,12.8,11.831,9.1876,10.495,11.359,14.036,15.089,12.139,14.645,15.119,13.373,15.784,11.635,12.198,13.373,11.831,14.645,13.048,23.373,23.115,25.825,26.836,25.678,25.833,25.654,26.212,25.372,24.369,24.751,25.304,24.013,23.346,20.674,19.176,19.371,19.989,20.208,18.624,20.39,21.003,19.633,19.081,15.784,17.38,20.028,17.993,21.003,18.664,8.85,9.0947,8.651,8.4183,8.2412,7.953,8.222,8.2277,8.2625,8.2009,8.111,7.9503,7.8953,7.9368,8.2154,8.4464,8.7466,8.9029,8.8859,8.9447,9.1302,9.0849,8.9734,8.7995,8.8118,8.8281,8.8869,8.8517,8.6554,8.85,8.464,8.4359,8.1194,8.0212,7.8712,7.4347,7.7203,7.6306,7.6155,7.7412,7.6838,7.5533,7.8389,7.7522,8.2029,8.7103,8.4042,8.7775,8.5892,8.761,8.7406,8.6933,8.7225,8.4952,8.5066,8.5413,8.5395,8.4069,8.2727,8.464,8.9253,8.7728,8.4617,8.2337,8.0252,7.8319,7.9378,7.8119,7.787,7.8286,7.7922,7.7313,7.7717,7.7494,8.0483,8.1963,8.32,8.5089,8.557,8.7034,8.7472,8.7152,8.7424,8.7093,8.8557,9.0969,9.0987,9.0003,8.756,8.9253
14.586,7.2372,7.2372,12.289,14.227,14.33,14.227,14.625,16.78,16.268,16.136,17.635,18.573,17.096,16.268,12.552,11.387,12.552,15.217,16.18,15.406,16.375,16.95,17.096,18,15.562,12.289,14.841,13.511,16.521,14.227,12.552,12.289,14.871,15.835,14.121,14.871,14.625,13.902,13.258,11.387,12.552,13.258,12.552,11.387,8.5726,8.5726,11.111,12.396,13.511,13.511,14.121,14.397,14.593,14.227,12.552,11.891,13.902,11.831,14.871,13.126,22.824,22.867,25.304,26.255,25.676,25.348,25.555,26.041,25.059,23.664,24.808,25.127,23.624,22.722,20.088,18.833,19.246,19.278,20.248,18.377,20.088,20.59,19.741,19.278,16.113,16.375,20.291,17.867,20.778,19.278,9.1189,9.0454,9.1518,8.7946,8.3994,8.3639,8.4053,8.3968,8.4652,8.5262,8.3293,8.244,8.2473,8.1739,8.3834,8.6529,9.0335,9.2407,9.3114,9.2067,9.3131,9.2534,9.2354,9.1947,9.0234,9.053,9.1594,9.2223,9.007,9.1189,8.81,8.47,8.4718,8.2655,7.9905,7.9031,7.9562,7.7755,7.7772,7.8066,8.0121,7.852,7.9757,8.1812,8.3137,8.8623,9.0752,9.0396,8.9704,8.9623,8.9131,8.8913,9.0705,8.8987,8.7649,8.9636,8.7729,8.9165,8.5965,8.81,9.1235,8.9736,8.7042,8.509,8.2766,8.0618,8.1049,8.006,7.9981,8.0099,8.001,7.9767,7.9484,7.915,8.2565,8.2863,8.535,8.7519,8.8428,8.8783,8.9635,8.9165,8.9317,8.9377,9.093,9.3306,9.3101,9.1478,8.9572,9.1235
14.606,5.3479,6.317,12.801,15.154,14.276,14.446,14.379,15.611,16.751,16.162,17.975,18.596,17.456,16.691,12.601,10.941,11.632,15.009,15.883,15.154,15.348,16.828,17.389,17.604,15.009,13.174,14.379,12.445,15.039,13.989,11.999,12.445,15.039,15.154,14.642,13.477,14.276,14.446,12.849,11.94,13.837,13.477,12.338,12.601,10.467,8.9887,11.436,12.338,13.951,13.35,12.601,14.276,13.951,14.446,11.436,10.941,13.56,11.632,14.446,12.601,22.616,22.338,25.521,26.447,25.521,25.518,25.503,26.06,24.721,23.681,24.369,25.039,23.951,22.926,20.296,18.317,19.07,19.07,19.991,19.262,19.435,20.209,19.591,18.93,15.811,15.978,19.829,17.96,21.124,17.931,9.1303,9.2422,9.2692,9.0412,8.7545,8.6002,8.6566,8.5235,8.6792,8.5551,8.4854,8.3927,8.3072,8.2644,8.6253,8.7436,9.1592,9.3246,9.3325,9.315,9.3238,9.2938,9.2259,9.1457,8.9713,8.9635,9.1719,9.0727,8.9268,9.1303,9.0665,8.7935,8.639,8.4908,8.2723,8.0062,8.1959,8.0329,8.2605,8.1468,8.2205,8.266,8.1718,8.3402,8.7865,8.9305,9.2079,9.4355,9.2758,9.3625,9.1669,9.205,9.2115,9.2492,9.2794,9.317,9.2251,9.0399,8.942,9.0665,9.3902,9.1963,8.9965,8.7579,8.5675,8.3938,8.3366,8.2722,8.2306,8.296,8.2222,8.1912,8.1825,8.1837,8.4422,8.527,8.7953,8.9714,9.1011,9.1916,9.2588,9.155,9.1591,9.1526,9.3918,9.5607,9.5263,9.4017,9.2242,9.3902
14.626,2.8215,7.2585,10.913,13.532,14.419,15.584,14.248,16.224,17.512,16.971,18.961,18.568,16.542,17.704,14.923,11.408,13.449,14.419,16.542,15.32,15.428,16.82,15.951,16.542,13.924,13.961,13.322,11.971,13.653,13.322,10.269,12.417,13.81,14.893,14.351,14.863,14.248,14.248,14.863,13.191,13.924,13.449,10.269,10.913,8.9611,8.9611,11.971,13.532,14.143,12.573,13.449,13.924,12.573,12.573,11.408,11.912,12.364,12.573,13.322,12.822,21.661,22.826,24.501,25.331,25.619,25.364,25.255,26.289,26.3,24.747,25.535,24.69,22.07,23.015,21.32,18.794,19.811,19.563,20.101,18.757,19.396,20.101,18.438,17.657,15.374,15.558,18.707,18.67,19.878,19.043,9.6038,9.5596,9.6364,9.3237,9.1255,8.8918,8.9506,9.0149,8.9435,8.9113,8.8263,8.7323,8.6626,8.5407,8.9953,9.0435,9.5698,9.7054,9.6732,9.6724,9.6973,9.6884,9.5923,9.5279,9.4683,9.4653,9.3769,9.4555,9.3957,9.6038,9.3398,9.0236,8.8621,8.64,8.5176,8.312,8.4282,8.3645,8.4807,8.2751,8.4501,8.452,8.4438,8.6431,8.6529,9.2328,9.3575,9.4939,9.4759,9.4378,9.3529,9.3548,9.453,9.5428,9.3849,9.2718,9.4929,9.3641,9.1814,9.3398,9.6215,9.4704,9.1686,9.0564,8.7706,8.6093,8.5816,8.4915,8.4846,8.5097,8.501,8.4549,8.4368,8.3583,8.689,8.8516,9.0216,9.2214,9.3,9.5089,9.5068,9.4248,9.369,9.4085,9.6464,9.8425,9.7635,9.6831,9.4488,9.6215
14.646,5.8443,5.8443,10.281,14.431,13.936,15.251,14.905,16.472,17.945,17.271,18.806,18.135,17.165,16.302,14.431,10.281,13.292,15.333,16.735,15.596,16.214,17.271,16.409,17.183,14.261,13.666,13.204,10.534,13.936,13.822,10.926,11.925,14.659,15.251,14.431,13.936,14.627,14.119,15.023,12.586,13.666,13.204,9.3122,12.322,8.3431,8.3431,12.322,12.43,14.364,12.43,11.925,14.431,13.335,13.292,10.534,9.3122,12.586,12.43,13.292,13.936,22.306,22.824,24.962,25.4,25.464,25.798,25.192,26.19,26.201,24.421,25.076,24.201,22.785,23.009,20.812,18.41,18.974,19.534,19.824,18.581,19.247,20.176,18.41,18.135,15.596,15.333,18.682,18.034,20.22,18.516,9.4169,10.015,9.9696,9.5161,9.0727,8.9798,9.1617,9.0887,9.0628,8.9804,8.8881,8.6965,8.6496,8.6949,8.8849,8.9639,9.4201,9.6964,9.6298,9.5668,9.5982,9.5908,9.4348,9.3581,9.3127,9.1558,9.2599,9.3509,9.2903,9.4169,9.5875,9.4205,9.1539,8.9025,8.6939,8.6438,8.5906,8.6468,8.6328,8.488,8.5746,8.6773,8.8103,8.6216,8.8965,9.4931,9.768,9.7904,9.7123,9.6342,9.7615,9.8072,9.6431,9.6959,9.6436,9.6402,9.6964,9.6951,9.5376,9.5875,9.9376,9.6926,9.4384,9.2592,8.9847,8.7814,8.9235,8.824,8.7427,8.7173,8.6912,8.6753,8.6936,8.6333,8.9559,9.116,9.2885,9.5595,9.5544,9.6258,9.7636,9.7441,9.6694,9.7029,9.8177,10.177,10.164,9.9607,9.794,9.9376
14.666,0.29179,2.8445,9.4299,13.676,14.271,15.261,15.034,15.581,17.176,17.452,18.817,18.73,16.42,16.158,13.472,11.935,12.796,15.607,16.824,14.916,15.581,17.281,16.158,16.565,13.984,13.472,12.796,11.431,13.472,13.833,11.155,12.44,12.596,14.886,14.374,14.13,13.17,14.946,15.149,13.833,15.149,14.271,10.292,11.935,8.9841,6.3124,11.155,13.345,13.555,10.936,11.364,13.833,11.627,14.946,11.431,10.545,12.596,11.935,14.442,12.796,21.809,22.964,24.445,25.558,25.343,25.886,25.688,26.007,26.227,24.488,25.225,24.618,22.333,22.3,20.124,19.066,19.066,20.005,20.124,18.461,19.066,19.967,18.145,18.313,15.683,16.994,19.257,18.421,19.911,19.019,10.288,10.461,10.202,9.872,9.4091,9.3665,9.5424,9.5682,9.5101,9.395,9.3486,9.244,9.1772,9.2035,9.5094,9.5898,10.027,10.218,10.288,10.198,10.385,10.305,10.22,10.051,9.9828,9.834,10.109,10.253,10.173,10.288,9.7022,9.5436,9.3311,9.0757,8.897,8.7184,8.9069,8.7878,8.7229,8.7227,8.8556,8.7538,9.0388,9.2189,9.3018,9.61,9.9857,9.8161,9.8161,9.764,9.9659,9.8538,9.8536,9.7888,9.7705,9.5798,9.7563,9.8597,9.4466,9.7022,10.182,9.9911,9.6767,9.4883,9.1776,8.9855,9.1525,9.0467,8.9861,8.9019,8.9392,8.8845,8.896,8.8912,9.1696,9.2405,9.4421,9.6782,9.7348,9.8178,9.9428,9.9713,9.795,9.9191,10.022,10.289,10.246,10.204,9.8472,10.182
14.686,-3.7017,3.288,11.98,14.427,14.932,15.329,15.436,16.829,16.732,16.81,18.447,18.577,16.886,16.673,13.819,9.4159,12.319,14.152,16.144,14.623,15.567,16.81,16.943,17.267,14.902,12.582,14.257,11.141,14.872,12.83,11.98,12.426,14.902,15.567,14.36,14.427,14.257,13.97,13.331,11.921,13.541,12.582,9.3086,11.141,8.6028,8.6028,10.278,11.921,13.97,11.417,12.319,13.97,13.331,14.257,11.98,12.373,13.97,10.922,14.655,13.288,22.582,22.368,25.291,26.386,25.567,25.546,25.321,26.233,25.247,23.97,24.677,24.578,23.541,22.949,20.555,17.454,18.911,19.176,19.742,17.666,18.958,19.742,18.564,19.051,16.166,15.567,20.145,18.131,20.785,18.958,8.1194,9.1087,9.0056,8.6448,8.2925,8.0698,8.0212,7.9387,8.0547,7.9961,7.7676,7.6186,7.4914,7.3906,7.6913,8.0398,8.3543,8.507,8.414,8.4373,8.4226,8.3047,8.308,8.107,8.1103,8.128,7.9713,8.0846,7.9155,8.1194,8.5567,8.3568,8.1544,7.9588,7.7045,7.7164,7.5176,7.5295,7.5722,7.6449,7.471,7.7137,7.7043,7.6811,8.0578,8.5889,8.7214,8.7518,8.6589,8.7263,8.6693,8.6813,8.724,8.6917,8.7359,8.6467,8.5898,8.543,8.3204,8.5567,8.8399,8.6598,8.4814,8.2511,8.0225,7.8674,7.8267,7.7393,7.7057,7.7592,7.6315,7.619,7.6317,7.5919,7.877,8.1203,8.2895,8.4223,8.4935,8.6415,8.7191,8.6289,8.606,8.6869,8.9888,9.1586,9.0067,8.893,8.7164,8.8399
14.706,0.25987,3.2702,11.962,14.973,14.41,14.973,14.606,16.925,18.495,17.503,19.302,18.94,16.148,16.388,14.41,10.43,13.523,14.973,16.126,14.606,16.388,17.695,16.714,16.534,15.002,13.27,14.239,12.301,14.973,13.523,11.962,13.644,13.801,13.644,14.239,15.311,14.134,14.884,14.637,13.313,13.182,11.903,11.399,10.43,7.2496,10.43,11.595,12.564,13.952,13.313,13.644,13.952,13.313,13.27,10.43,11.399,11.962,12.813,13.523,11.843,22.044,22.837,24.738,25.482,25.61,25.688,25.526,26.179,26.148,24.277,25.071,24.479,22.58,22.735,20.513,18.559,19.225,19.345,19.724,18.127,19.225,20.199,18.127,17.983,16.388,16.534,19.513,18.495,20.199,19.17,9.2765,9.7098,9.3429,9.1326,8.6328,8.3818,8.5816,8.5313,8.5364,8.4478,8.3309,8.1814,8.2276,8.2245,8.3496,8.603,9.0972,9.3304,9.2123,9.2852,9.531,9.3237,9.2423,9.1962,9.0895,9.0539,9.1654,9.097,9.0433,9.2765,8.7759,8.6641,8.2012,8.188,7.9803,7.7422,8.0585,7.7885,7.8405,7.9394,7.801,7.9217,7.986,8.0697,8.5615,8.7696,8.9739,9.0576,8.8408,8.8998,9.0561,8.9121,8.9711,8.7753,8.9833,8.8183,8.8698,8.7883,8.5068,8.7759,9.2178,9.0516,8.7446,8.5242,8.236,8.0638,8.2074,8.0725,8.0184,7.966,7.9695,7.9369,7.9684,7.9622,8.2202,8.3437,8.5778,8.7423,8.7886,8.8533,9.0946,9.0736,8.9552,9.1026,9.251,9.3192,9.4041,9.3069,9.0738,9.2178
14.726,0.2611,6.2817,12.41,14.411,14.974,15.576,16.216,16.945,18.561,18.241,19.292,18.43,15.42,16.715,12.41,11.905,14.411,15.003,16.194,15.003,15.23,17.092,15.367,16.87,15.003,13.916,14.24,12.566,13.315,14.639,10.261,11.401,13.442,13.953,14.24,15.23,13.953,14.135,15.003,13.916,13.442,12.566,10.431,11.333,8.9534,10.261,11.964,13.315,14.24,12.765,14.135,13.953,11.905,12.814,12.566,11.596,12.814,11.964,12.814,13.271,21.993,22.642,24.167,25.104,25.527,26.258,25.55,26.194,26.489,25.093,25.599,24.673,21.292,22.736,20.44,19.335,20.173,19.88,19.555,18.39,18.953,20.093,18.014,18.942,16.389,16.793,20.102,18.114,20.093,19.804,9.4383,10.03,9.6255,9.1969,8.9626,8.7155,8.812,8.7809,8.7442,8.6594,8.61,8.4477,8.4755,8.5143,8.6525,8.9962,9.2858,9.5786,9.5598,9.5409,9.672,9.5039,9.571,9.51,9.3586,9.3709,9.4024,9.4655,9.2948,9.4383,9.0841,8.9918,8.7063,8.4896,8.2554,8.1449,8.2302,8.1203,8.169,8.1582,8.149,8.2065,8.5011,8.4818,8.8854,8.8339,9.2375,9.2856,9.291,9.3112,9.412,9.3021,9.2468,9.135,9.1633,9.2684,9.2704,9.2104,8.8371,9.0841,9.4952,9.3056,8.982,8.804,8.5018,8.3378,8.4003,8.3306,8.2858,8.2292,8.2419,8.2215,8.2604,8.2158,8.4595,8.6301,8.7825,9.0252,9.0796,9.1994,9.3418,9.2546,9.2309,9.3046,9.4148,9.5562,9.6052,9.5454,9.2839,9.4952
14.746,0.30867,7.9429,13.693,14.933,15.022,16.841,16.329,18.032,17.973,17.806,18.833,19.082,17.193,17.011,13.489,10.953,12.613,14.654,16.437,15.896,15.991,17.211,16.175,16.917,15.467,14.183,14.654,11.448,14.288,14.001,10.562,10.953,13.489,15.278,13.693,14.288,14.001,14.933,15.051,13.964,13.362,13.231,11.952,11.381,9.001,9.4468,11.448,13.319,14.001,12.861,14.288,13.85,13.489,14.288,13.572,12.457,13.319,12.613,14.001,11.172,21.922,23.114,25.022,26.349,25.806,25.737,25.932,26.426,25.759,24.2,24.977,24.458,22.749,22.783,19.773,17.943,19.207,19.851,20.003,18.288,18.942,19.841,18.608,18.989,17.011,16.582,20.429,17.943,20.683,18.797,10.493,10.281,10.015,9.511,9.2513,9.1212,9.2517,9.1216,9.1619,9.1324,9.0551,8.9211,9.066,9.0194,9.2567,9.6813,9.8561,10.32,10.201,10.206,10.403,10.273,10.326,10.298,10.166,10.214,10.215,10.336,10.269,10.493,9.3094,9.2077,8.8206,8.7054,8.5068,8.3332,8.3955,8.4721,8.3597,8.3616,8.4629,8.3586,8.5134,8.7361,9.4827,9.2243,9.4288,9.4912,9.4846,9.405,9.4849,9.3942,9.4543,9.3747,9.3561,9.3198,9.3684,9.2412,9.016,9.3094,9.7348,9.5544,9.237,8.9954,8.7604,8.5442,8.6565,8.5727,8.4877,8.4961,8.5051,8.444,8.4904,8.4512,8.7455,8.8341,9.0643,9.2869,9.3249,9.3949,9.5223,9.6262,9.4887,9.5729,9.6853,9.7993,9.9444,9.745,9.5209,9.7348
14.766,0.3043,5.8673,13.358,16.193,15.986,15.819,16.432,17.464,18.539,17.909,19.346,18.985,17.007,17.692,15.41,11.948,13.485,15.162,16.836,15.017,16.17,17.481,15.819,17.188,15.619,13.996,15.162,12.857,15.046,13.358,10.949,11.168,13.485,13.845,15.017,14.387,14.284,15.274,14.284,13.358,13.227,12.857,10.557,11.888,10.475,9.3352,11.444,13.315,14.454,13.689,13.845,14.178,12.007,14.454,11.64,11.888,13.358,11.444,14.284,12.345,21.995,23.253,24.985,25.972,25.539,25.601,25.934,26.17,25.581,24.322,25.224,24.417,22.779,22.976,20.622,18.629,19.442,19.078,19.98,18.629,19.078,19.952,18.591,18.473,16.495,17.188,20.199,18.27,20.926,19.389,10.198,10.507,10.253,9.7791,9.4137,9.3291,9.3004,9.3117,9.258,9.2683,9.1634,9.0693,9.0012,8.9977,9.2795,9.4835,9.9526,10.141,10.089,10.241,10.179,10.147,10.17,10.152,10.011,10.13,10.023,10.086,10.079,10.198,9.2916,9.4183,9.124,9.0673,8.7812,8.7588,8.7511,8.6697,8.6598,8.6943,8.6064,8.7406,8.7384,8.8291,9.2296,9.5612,9.7129,9.7916,9.7284,9.7686,9.8059,9.7756,9.6625,9.5761,9.6627,9.7201,9.6322,9.6112,9.3373,9.2916,9.9924,9.7902,9.4843,9.27,9.0175,8.8834,8.8504,8.7968,8.7326,8.7273,8.7473,8.7123,8.712,8.7474,9.0605,9.0896,9.4097,9.6509,9.6709,9.7972,9.9041,9.8201,9.8541,9.8391,9.9697,10.29,10.112,9.9855,9.8065,9.9924
14.786,-0.69328,8.6009,13.329,16.404,15.018,16.884,16.404,17.453,19.05,17.999,19.77,19.241,16.231,17.584,15.245,12.829,13.329,15.565,16.671,15.958,15.381,17.436,15.591,16.404,15.245,14.255,14.15,12.58,13.456,14.426,11.348,11.139,12.424,14.358,14.255,14.9,13.329,15.245,14.653,13.329,14.9,13.456,10.92,12.58,10.276,10.276,12.829,13.286,14.15,12.317,13.539,14.426,13.198,14.15,12.58,11.415,13.456,12.78,12.829,13.817,22.539,23.154,24.9,25.763,25.707,25.972,25.458,26.076,26.35,24.697,25.702,24.508,21.793,22.555,20.319,18.909,20.108,19.77,19.895,18.338,19.403,20.108,18.601,18.129,16.73,17.436,19.74,18.405,20.108,19.241,10.859,10.978,10.507,10.128,9.7436,9.5752,9.6694,9.5707,9.6419,9.558,9.502,9.3994,9.4158,9.3479,9.5913,10.073,10.51,10.675,10.652,10.519,10.691,10.689,10.657,10.745,10.472,10.523,10.628,10.669,10.664,10.859,9.8833,9.6278,9.443,9.3889,9.0442,9.0006,8.9942,9.0158,8.9137,9.0859,8.962,9.0534,9.0717,9.235,9.2889,9.9095,10.066,10.082,9.9679,10.216,10.236,10.083,10.185,10.111,9.932,10.21,10.114,9.9195,9.6597,9.8833,10.268,10.096,9.7415,9.529,9.2905,9.0915,9.162,9.0275,9.0128,9.0042,8.9818,8.9493,8.9663,8.9232,9.2522,9.492,9.7166,9.823,9.8892,10.059,10.071,10.091,10.116,10.109,10.313,10.323,10.381,10.216,10.078,10.268
14.806,4.4469,8.6223,13.561,16.906,16.488,16.425,16.751,17.39,18.318,18.05,19.581,18.736,16.425,16.692,14.277,12.85,13.561,15.612,16.906,14.921,16.425,17.457,15.979,17.474,15.039,13.682,13.838,11.437,13.989,13.989,11.941,11.437,13.952,14.951,14.643,15.349,14.447,13.989,14.921,13.307,14.675,12.85,11.161,11.437,11.437,9.4353,13.22,14.277,13.561,12.85,12.602,14.921,12.446,14.643,12.602,10.55,13.989,11.437,14.447,12.602,22,23.242,24.921,25.927,25.745,25.998,25.456,26.488,26.07,24.604,25.01,24.45,21.709,22.344,20.129,19.071,19.498,19.916,19.973,18.93,18.622,20.236,18.15,18.822,16.318,16.425,19.762,18.597,20.297,19.328,10.818,11.039,10.655,10.388,9.936,9.8005,9.8423,9.768,9.7657,9.6991,9.6809,9.5518,9.512,9.5312,9.8807,10.043,10.521,10.688,10.652,10.604,10.752,10.685,10.596,10.58,10.664,10.426,10.529,10.598,10.549,10.818,10.05,9.987,9.7175,9.5839,9.2469,9.1684,9.2104,9.124,9.0829,9.1526,9.2041,9.1637,9.4208,9.2992,9.6805,9.7602,10.28,10.304,10.247,10.135,10.225,10.23,10.244,10.223,10.041,10.174,10.1,10.017,9.8622,10.05,10.52,10.28,10.005,9.7846,9.5352,9.3747,9.3704,9.2798,9.2514,9.2346,9.2053,9.2358,9.2231,9.1515,9.5322,9.6262,9.861,10.045,10.148,10.302,10.338,10.251,10.343,10.382,10.605,10.671,10.615,10.421,10.344,10.52
14.826,3.3182,8.3697,15.021,16.436,16.174,16.196,16.436,17.551,18.161,17.927,19.802,18.543,16.762,17.01,14.287,12.349,13.23,15.623,16.859,15.99,15.99,17.01,16.328,16.917,14.654,12.349,14.287,10.478,14.287,13.318,11.447,11.171,14.146,14.932,14.932,14.932,14.685,15.822,15.895,12.861,13.963,13.849,11.447,12.456,10.561,8.6329,12.01,14.287,14.287,13.571,12.456,14.654,13.571,15.021,11.171,10.952,12.861,12.01,14.932,14.287,22.311,23.476,25.318,26.108,25.666,25.756,25.403,25.997,26.243,24.231,24.979,24.54,22.456,22.155,19.772,19.35,19.446,19.273,20.14,17.942,18.833,19.393,18.437,19,15.99,17.01,19.602,17.927,20.385,18.988,9.6432,9.7643,9.3985,9.0099,8.6342,8.5434,8.5498,8.5168,8.5907,8.4543,8.5068,8.3778,8.3899,8.339,8.5465,8.8474,9.1104,9.4764,9.4279,9.4504,9.3916,9.4804,9.4771,9.409,9.3208,9.3388,9.28,9.4566,9.5221,9.6432,8.8336,8.6352,8.4938,8.3206,8.1129,7.8565,7.9144,7.8922,7.9396,7.9767,7.8278,8.0428,8.2633,8.1869,8.5726,8.8638,9.0071,9.12,9.0299,8.9832,9.1401,9.0424,9.0724,8.9535,8.9773,9.0595,8.8862,8.8108,8.6607,8.8336,9.2741,9.0023,8.7302,8.5618,8.3389,8.1755,8.1355,8.0607,8.031,8.0633,7.9986,8.0657,8.0506,7.9608,8.2558,8.4246,8.5829,8.783,8.9104,9.1075,9.0514,9.0641,9.1062,9.2361,9.3422,9.472,9.4374,9.3163,9.1641,9.2741
14.846,2.3457,9.3354,14.387,16.259,15.274,16.97,16.325,17.465,18.158,17.206,19.078,18.63,16.259,16.988,14.454,10.949,13.358,15.017,16.368,14.929,15.868,17.465,15.695,16.759,14.284,12.809,12.809,11.444,14.65,14.454,11.444,11.948,14.958,15.356,15.274,15.987,15.162,14.929,15.695,13.689,13.846,12.609,10.558,11.168,8.6296,8.9968,11.444,13.315,13.183,13.689,13.846,14.178,13.183,14.65,13.358,13.183,13.568,11.64,13.997,12.4,22.442,23.214,25.274,26.204,25.723,26.022,25.318,26.336,26.17,24.458,25.099,24.224,22.264,22.563,20.934,18.985,19.588,19.346,19.599,18.325,18.284,19.203,18.325,18.539,16.578,16.368,19.303,18.366,20.835,19.379,9.9354,10.072,9.5648,9.3082,8.9081,8.604,8.8236,8.7627,8.826,8.7314,8.6604,8.6058,8.5686,8.5457,8.7877,9.1317,9.4266,9.7619,9.642,9.6396,9.6929,9.705,9.6333,9.6482,9.5952,9.4569,9.6034,9.7692,9.7046,9.9354,9.1783,9.0634,8.8559,8.6114,8.3682,8.1732,8.2076,8.1864,8.1903,8.3241,8.3415,8.4193,8.5002,8.6617,8.904,9.1066,9.395,9.4538,9.5226,9.3909,9.5414,9.358,9.4271,9.3928,9.3307,9.59,9.5225,9.3483,9.1884,9.1783,9.5104,9.2817,8.981,8.8053,8.5461,8.4138,8.401,8.3186,8.2759,8.2545,8.2735,8.2945,8.2576,8.2271,8.509,8.707,8.8954,9.0155,9.1443,9.2153,9.4127,9.2858,9.3765,9.453,9.5868,9.7567,9.7548,9.5626,9.4211,9.5104
14.866,2.8185,9.404,14.979,16.931,15.948,15.948,16.154,17.256,16.817,17.256,18.501,18.791,17.885,17.509,14.245,10.91,12.819,14.89,16.72,14.979,15.78,16.72,16.394,17.574,15.317,12.307,13.276,10.519,13.921,13.188,11.405,11.968,14.89,16.33,14.89,15.371,15.123,14.643,14.612,13.319,12.77,13.529,12.414,11.405,11.129,6.2864,11.405,12.819,13.958,13.319,13.958,14.245,14.245,14.416,12.414,13.529,13.529,12.414,14.416,13.446,23.108,23.144,26.093,26.694,25.49,25.853,25.741,26.306,25.276,24.043,24.55,24.669,23.5,22.57,20.205,18.565,18.899,18.565,19.467,17.574,18.791,19.73,18.899,18.993,16.221,17.256,19.941,18.591,21.556,19.73,10.429,10.377,9.9384,9.5605,9.1497,9.1291,9.0864,9.1112,9.062,9.1459,8.9687,8.8679,8.9685,8.9161,9.2607,9.1814,9.7211,9.9391,9.9074,9.8624,10.093,10.11,10.206,9.9624,9.992,9.8295,9.9887,10.246,10.211,10.429,9.5396,9.3883,8.9479,8.9386,8.5637,8.4547,8.5076,8.5072,8.4189,8.5714,8.5064,8.5946,8.7915,8.755,8.9914,9.3536,9.6076,9.7548,9.6871,9.792,9.6977,9.7718,9.7216,9.585,9.6279,9.6035,9.6402,9.6157,9.4099,9.5396,9.7959,9.5904,9.2596,9.0538,8.7603,8.5973,8.6742,8.5925,8.4918,8.4967,8.5156,8.417,8.503,8.5001,8.8419,8.9088,9.07,9.3053,9.3104,9.4452,9.6817,9.6686,9.5609,9.7024,9.8533,9.9121,9.9204,9.9143,9.6362,9.7959
14.886,2.8,7.8816,14.227,16.779,14.901,16.702,15.638,17.132,17.926,16.642,18.376,18.735,17.407,17.357,14.901,11.111,13.511,14.085,16.779,15.299,14.397,16.311,16.268,16.438,14.397,12.752,12.752,10.5,14.593,13.258,11.891,13.511,15.762,16.642,14.96,14.989,14.227,15.762,14.871,13.301,13.902,12.752,10.247,12.289,8.3091,9.7897,11.891,14.397,14.989,12.342,12.752,14.227,14.227,16.311,13.258,11.95,14.227,12.396,14.989,14.227,22.542,23.335,25.964,26.778,26.129,25.83,25.718,26.356,25.562,24.02,25.067,24.397,23.053,22.919,20.247,18.376,18.881,19.146,19.375,18.115,18.534,19.741,18.648,18.821,16.95,16.779,20.291,18.547,20.922,19.289,10.348,10.595,10.213,9.7332,9.2908,9.1175,9.2496,9.3353,9.2042,9.2209,9.1111,8.9598,8.9758,9.022,9.2856,9.464,9.9041,10.025,10.009,10.031,10.071,10.08,10.164,10.062,9.9732,9.7762,9.9504,10.298,10.107,10.348,9.7114,9.4475,9.2126,9.0939,8.7842,8.6103,8.7158,8.6274,8.612,8.587,8.7088,8.6791,8.8644,8.8609,9.1411,9.4213,9.9185,9.8954,9.8036,9.7949,9.8382,9.8917,9.8502,9.7469,9.6632,9.6449,9.76,9.7877,9.5403,9.7114,10.035,9.8016,9.4926,9.2663,9.0206,8.7985,8.9029,8.8105,8.7288,8.7628,8.7047,8.6364,8.681,8.7028,9.0114,9.0994,9.2234,9.5004,9.5404,9.756,9.8452,9.845,9.9143,9.9051,9.9931,10.154,10.198,10.051,9.9041,10.035
14.906,0.2086,8.9009,13.593,15.367,15.599,16.272,16.164,17.093,17.565,16.874,18.901,18.443,16.4,16.817,14.188,12.513,13.472,15.498,16.741,14.586,15.498,16.4,14.803,16.663,14.188,13.087,13.472,11.281,14.833,14.358,13.219,12.761,15.498,16.663,16.097,15.498,15.178,15.723,14.833,13.863,13.863,13.219,11.544,9.2395,8.5337,8.5337,11.852,13.593,14.951,13.262,13.901,14.922,14.586,15.178,13.262,12.513,13.593,12.25,14.358,13.389,22.362,23.309,25.696,26.336,25.923,25.942,25.498,26.24,25.796,24.398,24.862,24.321,22.752,22.629,20.486,18.782,19.174,19.107,19.283,17.644,18.508,19.614,18.174,18.534,15.066,16.229,19.41,18.61,20.654,19.614,10.806,10.834,10.377,10.068,9.6756,9.6,9.4997,9.5331,9.5588,9.5657,9.5435,9.5483,9.3874,9.3236,9.6493,9.9076,10.363,10.513,10.526,10.604,10.517,10.586,10.655,10.574,10.578,10.636,10.648,10.797,10.727,10.806,10.011,9.6702,9.4408,9.3278,9.092,8.9549,8.903,8.8017,8.9267,9.0878,8.9516,9.0297,9.256,9.314,9.7202,9.855,10.298,10.273,10.229,10.143,10.28,10.087,10.198,10.1,10.325,10.142,10.196,10.066,9.8495,10.011,10.27,10.032,9.75,9.5264,9.3456,9.1474,9.1098,8.9978,8.9804,8.977,8.9628,8.9885,8.9386,8.8582,9.1502,9.3652,9.5963,9.7813,9.8869,10.039,10.053,9.9947,10.084,10.181,10.341,10.424,10.459,10.253,10.152,10.27
14.926,3.5084,7.4878,13.883,15.604,15.355,16.689,15.211,17.347,18.177,18.366,19.496,18.798,16.893,17.329,15.24,12.539,14.478,16.386,16.689,15.122,15.657,16.952,15.152,17.658,15.55,14.039,11.57,12.539,14.876,14.372,12.201,13.679,14.153,16.18,16.386,16.364,15.152,15.355,16.085,12.647,13.376,13.761,11.57,11.638,10.498,10.668,13.552,15.24,15.55,13.051,13.508,15.092,14.039,15.55,13.761,12.539,14.648,12.803,15.122,13.002,22.803,23.766,25.517,26.291,26.236,26.538,25.813,26.607,26.53,25.341,25.813,24.876,22.457,22.792,20.776,19.636,19.992,19.54,19.792,17.382,18.667,19.272,17.675,18.251,16.18,17.163,19.699,19.023,20.668,20.06,10.929,10.628,10.656,10.244,9.8774,9.8038,9.7149,9.7588,9.7548,9.7614,9.7011,9.6689,9.6468,9.5565,9.8706,10.038,10.419,10.536,10.585,10.744,10.65,10.761,10.656,10.695,10.518,10.652,10.598,10.798,10.704,10.929,10.204,10.023,9.6664,9.6238,9.3552,9.0964,9.1168,9.0817,9.1251,9.1394,9.247,9.238,9.3674,9.4847,9.8549,10.294,10.243,10.368,10.366,10.359,10.39,10.383,10.301,10.407,10.215,10.251,10.158,10.352,10.043,10.204,10.538,10.325,10.011,9.7887,9.529,9.3778,9.3659,9.2768,9.2423,9.2353,9.2187,9.2026,9.207,9.1616,9.4358,9.5875,9.7788,9.9194,10.11,10.272,10.327,10.253,10.305,10.389,10.574,10.676,10.713,10.537,10.352,10.538
14.946,4.4224,7.2624,14.65,16.546,15.86,15.13,15.13,17.907,17.907,16.668,18.761,19.046,17.515,16.881,14.986,11.975,13.814,15.562,16.727,15.378,15.324,16.546,15.431,17.365,14.422,13.453,13.453,11.975,15.324,14.147,12.421,13.195,14.986,16.293,15.663,14.897,15.13,14.65,14.897,12.825,13.928,11.975,11.412,11.345,10.526,8.3345,13.283,13.326,15.015,14.618,14.252,15.242,14.927,14.65,12.577,12.421,14.65,12.577,14.986,13.283,22.613,23.39,25.987,26.756,25.76,25.76,25.562,26.337,25.78,24.093,24.76,24.528,23.019,22.592,20.615,18.906,18.965,18.572,19.149,17.952,18.14,19.171,18.442,18.598,15.242,16.228,19.358,17.66,20.55,19.567,9.4818,9.7212,9.3076,8.9425,8.5101,8.4957,8.5844,8.5395,8.4747,8.5007,8.4423,8.3737,8.4179,8.3003,8.5812,8.7048,9.0517,9.3064,9.1472,9.2835,9.3986,9.3772,9.3381,9.242,9.1596,9.026,9.2098,9.3656,9.3155,9.4818,8.9209,8.8062,8.4157,8.3555,7.9774,7.846,7.9243,7.8906,7.9553,8.1104,7.9682,7.9582,8.4171,8.458,8.7397,8.7926,9.2107,9.2269,9.0766,9.217,9.4164,9.2972,9.2124,8.9971,9.1973,9.0058,9.1064,9.153,8.8392,8.9209,9.3305,9.1319,8.7839,8.5659,8.2535,8.053,8.1909,8.115,8.0573,8.0254,7.9847,7.9437,8.007,7.9927,8.3336,8.3447,8.5232,8.7851,8.8175,9.0035,9.1407,9.089,9.1205,9.083,9.2807,9.4131,9.4386,9.3285,9.1443,9.3305
14.966,3.5472,9.2292,12.841,16.051,16.425,16.425,16.124,17.239,18.201,17.439,19.229,18.938,17.78,17.439,15.642,13.09,13.59,16.1,16.932,15.826,16.1,16.932,15.928,17.845,14.375,13.041,13.547,11.676,15.852,14.687,12.239,14.192,16.1,16.811,15.852,15.25,15.25,14.687,14.516,12.578,13.547,11.676,9.5678,12.12,8.862,10.079,12.685,14.229,15.394,13.415,14.078,14.687,15.588,15.506,13.59,12.841,14.914,12.685,14.883,13.717,22.496,23.388,26.143,26.853,26.245,26.418,25.834,26.557,26.403,24.162,24.834,24.834,22.917,22.8,20.332,18.171,18.404,19.579,19.821,18.171,19.11,19.942,18.558,18.706,15.826,16.124,19.413,18.39,20.369,19.134,9.4953,9.9228,9.4796,9.1283,8.7356,8.5854,8.8039,8.7474,8.7753,8.6111,8.575,8.3776,8.5143,8.4495,8.7118,8.8323,9.1943,9.2152,9.1861,9.2762,9.3967,9.3676,9.3052,9.3862,9.0552,9.0808,9.2962,9.3612,9.2542,9.4953,9.089,9.0865,8.81,8.5488,8.2714,8.0001,8.2374,8.0604,8.1469,8.071,8.175,8.2235,8.345,8.449,8.7716,9.2625,9.2558,9.346,9.1759,9.0803,9.3473,9.3292,9.3088,9.1268,9.0954,9.054,9.1083,9.2165,8.8644,9.089,9.5253,9.396,9.0227,8.819,8.4819,8.3087,8.4063,8.3249,8.228,8.222,8.2017,8.1312,8.2012,8.1924,8.4527,8.6018,8.8467,8.9293,8.9453,9.1569,9.3495,9.3093,9.269,9.2867,9.3543,9.5893,9.5817,9.485,9.3226,9.5253
14.986,6.3072,7.9209,13.828,16.895,15.256,16.741,16.307,16.989,17.674,17.674,19.06,18.967,17.447,17.722,14.911,13.467,13.297,16.681,17.447,15.601,15.445,16.56,16.741,17.722,14.911,13.209,13.467,11.426,14.911,13.671,12.328,13.55,15.85,16.56,15.601,15.576,15.338,15.445,14.161,13.165,13.979,13.467,11.93,11.989,8.6117,9.3175,11.93,13.209,15.677,12.328,14.436,15.601,13.297,15.144,12.591,12.591,14.266,12.328,15.338,13.34,22.018,23.138,25.682,26.275,25.735,25.823,25.392,26.318,25.677,24.273,24.814,24.795,22.702,22.565,19.819,18.612,19.185,18.92,19.425,17.594,18.521,19.571,18.573,18.979,15.601,15.601,19.328,18.307,20.181,18.86,9.7363,10.255,9.7573,9.3746,9.0374,8.7968,8.9562,8.9699,8.9377,8.8419,8.7995,8.7127,8.7641,8.6702,9.1166,9.0716,9.476,9.5838,9.6278,9.6337,9.6375,9.6215,9.6019,9.5472,9.4945,9.394,9.4077,9.6878,9.5697,9.7363,9.3613,9.3446,8.9571,8.7115,8.4497,8.4237,8.2905,8.2994,8.2986,8.373,8.3917,8.5843,8.6115,8.6029,9.1064,9.471,9.3737,9.5304,9.4809,9.4479,9.585,9.4305,9.447,9.348,9.4676,9.4074,9.4619,9.4016,9.1995,9.3613,9.7524,9.5284,9.2429,9.0343,8.7655,8.6039,8.6115,8.5079,8.5149,8.4484,8.4797,8.4427,8.3955,8.4225,8.7445,8.8088,9.1082,9.1749,9.2952,9.5442,9.6435,9.561,9.5995,9.5203,9.7,9.8524,9.8256,9.7993,9.575,9.7524
15.006,7.4777,7.3074,12.466,16.509,15.607,15.607,15.031,17.166,17.674,17.705,19.01,19.091,17.56,17.952,16.206,12.622,15.287,16.251,17.626,16,16,16.772,16.338,16.85,14.467,12.87,12.622,11.653,15.287,14.663,13.196,13.196,14.695,16.184,15.832,15.632,15.607,15.175,14.942,13.702,13.196,12.622,11.653,12.359,9.8601,9.4558,11.653,13.702,14.01,13.498,14.972,14.972,14.192,14.467,12.87,12.359,12.822,12.466,14.01,13.498,22.119,23.123,25.287,26.118,25.625,25.766,25.426,26.17,26.255,24.335,24.972,24.38,22.622,22.326,20.488,18.297,19.349,18.379,18.915,17.937,18.447,19.392,17.952,18.891,15.708,16,19.045,18.171,20.149,18.903,10.13,10.308,9.8948,9.6472,9.289,9.1323,9.1969,9.2012,9.2853,9.2283,9.2055,9.1357,9.1389,9.0802,9.2788,9.5619,9.8237,9.9489,9.9177,9.9256,9.9532,10.043,10.072,9.911,9.8745,9.9111,9.9952,10.156,10.036,10.13,9.7031,9.4701,9.2697,8.9963,8.7838,8.5937,8.5879,8.5516,8.6733,8.7241,8.6178,8.7773,8.9171,8.8119,9.4153,9.5864,9.76,9.827,9.7391,9.952,9.9314,9.8173,9.9034,9.6878,9.9519,9.7699,9.8248,9.759,9.4903,9.7031,10.029,9.7959,9.5171,9.3079,9.0806,8.8898,8.8782,8.8116,8.7649,8.7085,8.7372,8.7195,8.7425,8.6455,9.0395,9.0945,9.3444,9.488,9.6843,9.749,9.8635,9.7832,9.7879,9.8484,9.9813,10.112,10.149,9.9727,9.8445,10.029
15.026,5.6421,7.9616,11.663,16.859,16.26,16.348,15.04,17.487,17.487,17.487,19.008,19.358,17.962,17.487,15.185,12.832,14.477,15.642,17.011,15.297,15.842,16.348,15.718,17.011,14.705,12.88,13.25,10.327,15.486,13.868,13.25,13.338,14.477,16.348,15.069,15.185,14.477,14.201,15.642,12.369,13.508,13.338,11.971,12.632,8.6524,9.4654,12.369,13.381,13.338,13.712,14.705,14.705,13.381,14.951,12.88,12.88,14.307,12.632,14.673,11.467,22.412,22.957,25.842,26.324,25.533,25.758,25.446,26.385,25.775,24.027,24.427,24.334,22.904,22.88,19.86,17.437,18.614,19.101,18.925,17.317,19.237,19.792,18.728,19.055,15.842,16.009,19.326,17.715,20.514,18.456,10.413,10.421,10.109,9.8545,9.5609,9.4091,9.4225,9.3719,9.473,9.4631,9.3251,9.284,9.2154,9.1048,9.3691,9.6892,9.9717,10.021,10.026,10.14,10.048,10.123,10.124,10.053,10.016,9.9793,10.149,10.139,9.9564,10.413,9.926,9.7592,9.4681,9.2837,9.0842,8.8471,8.8009,8.8491,8.8104,8.8886,8.8461,9.0186,9.0687,9.1099,9.4068,9.8911,10.077,10.133,10.207,10.19,10.169,9.9139,10.084,9.9582,10.172,10.147,9.9802,9.9165,9.7234,9.926,10.251,10.054,9.7857,9.5155,9.3398,9.1634,9.1003,9.0007,8.9539,8.9916,8.9698,8.9217,8.8986,8.8619,9.1764,9.3987,9.5701,9.7354,9.8071,10.054,9.9582,10,10.036,10.091,10.114,10.334,10.319,10.198,10.09,10.251
15.046,5.6528,9.0303,13.879,15.852,15.653,15.195,15.497,17.515,18.09,17.581,19.632,19.237,16.87,17.448,15.389,13.348,15.307,16.02,17.003,15.497,15.729,16.792,16.529,17.431,14.684,13.216,13.392,11.477,14.992,14.317,12.041,12.891,14.992,14.992,16.466,15.307,15.627,15.497,13.993,13.348,13.601,11.477,11.673,11.477,8.3998,9.4761,10.591,13.392,14.03,12.379,14.176,14.03,13.216,14.317,13.879,11.982,13.519,11.922,14.212,12.379,21.855,23.189,25.132,26.053,25.614,25.706,25.446,26.226,25.874,24.42,25.195,24.712,22.224,22.617,20.338,18.663,19.248,19.019,19.214,18.09,18.206,19.632,18.971,18.359,16.466,15.729,18.4,17.498,19.947,18.863,8.8895,9.0232,8.8803,8.4786,8.2452,7.9774,8.0915,8.1199,8.1086,8.0852,8.0453,7.926,7.9608,7.7988,8.0833,8.3055,8.4214,8.7645,8.605,8.6577,8.6795,8.7278,8.6319,8.5878,8.5913,8.523,8.549,8.6735,8.5923,8.8895,8.5477,8.4551,8.243,8.0617,7.7389,7.6361,7.673,7.5346,7.5553,7.711,7.7402,7.7319,7.9939,7.7661,8.0361,8.4617,8.6015,8.7598,8.8077,8.8248,8.8974,8.8457,8.8173,8.7555,8.7528,8.7959,8.7759,8.7242,8.5657,8.5477,8.9901,8.8186,8.496,8.3015,8.0133,7.8459,7.8668,7.7762,7.7461,7.7042,7.7041,7.6776,7.6898,7.651,7.9075,8.0493,8.2765,8.4524,8.5753,8.6836,8.8581,8.7666,8.8034,8.7826,8.8505,9.111,9.035,8.9873,8.8202,8.9901
15.066,5.953,7.3797,14.045,16.278,15.044,14.767,14.984,16.454,17.567,17.092,18.411,18.987,18.009,17.567,13.4,12.943,13.4,14.736,16.323,14.736,15.953,16.345,16.454,17.38,14.767,12.431,13.443,12.033,15.132,13.571,12.538,12.894,15.781,15.705,14.264,14.54,14.369,15.103,13.4,12.943,12.538,12.093,11.529,11.462,9.0823,8.0242,10.56,12.943,13.268,12.694,13.571,14.045,14.082,14.54,12.894,12.431,14.228,12.093,15.014,13.571,22.349,22.71,25.444,26.378,25.659,25.519,25.409,26.013,25.666,24.034,24.739,24.586,23.062,22.669,19.884,18.069,18.625,18.519,18.257,17.55,18.829,19.952,19.082,19.289,16.454,16.072,19.795,17.38,19.932,18.452,9.0575,9.4776,9.0155,8.7543,8.5224,8.289,8.5021,8.3783,8.4357,8.4197,8.2742,8.2228,8.2422,8.1038,8.2852,8.5254,8.7655,8.9406,8.9621,8.9836,8.9788,9.0058,8.9533,8.9519,8.8433,8.6469,8.8448,8.9483,8.909,9.0575,8.9093,8.7923,8.4851,8.318,7.9568,7.7574,7.8636,7.7871,7.861,7.8077,7.9276,7.9703,8.0911,8.1243,8.5114,8.8483,9.1931,9.0843,8.8966,9.005,9.046,9.0204,8.9704,9.2009,8.9283,8.932,9.0207,8.9527,8.6376,8.9093,9.2726,9.1317,8.7589,8.5414,8.3552,8.1569,8.1836,8.0778,8.0195,8.013,7.9695,7.9571,7.9242,7.9359,8.1849,8.3123,8.5889,8.725,8.8415,8.9843,9.1478,9.1257,9.1223,9.1064,9.1984,9.37,9.339,9.224,9.0355,9.2726
15.086,3.3465,7.4962,13.259,15.851,14.682,15.193,15.078,15.625,16.61,17.185,18.934,18.737,16.79,17.167,14.96,12.84,12.889,16.291,16.357,14.486,15.851,16.4,15.851,17.02,14.486,12.889,13.259,11.98,13.721,13.877,12.889,12.377,14.714,15.388,14.99,14.99,13.39,14.419,13.517,12.485,13.877,13.991,10.981,11.2,8.398,7.9705,11.408,13.214,14.028,12.485,11.476,13.991,13.39,14.96,12.641,10.981,13.346,12.485,13.259,13.214,21.92,22.641,25.156,25.853,25.495,25.444,25.5,26.018,25.605,24.486,25.168,24.795,22.594,23.008,20.336,18.059,19.017,19.334,19.11,16.868,18.623,19.801,18.357,18.909,16.464,16.868,19.064,17.692,20.049,18.089,9.2978,9.751,9.3457,8.9111,8.685,8.4772,8.689,8.7012,8.6057,8.6761,8.5208,8.413,8.3955,8.3694,8.4809,8.7729,9.1136,9.2981,9.1615,9.2199,9.3044,9.2237,9.3423,9.1414,8.966,8.9555,9.0694,9.2203,9.1477,9.2978,9.2095,8.9944,8.7523,8.4223,8.2443,8.097,8.141,8.0256,8.0079,8.2702,8.0991,8.3311,8.116,8.3965,8.8761,9.0415,9.2313,9.3834,9.3892,9.2608,9.4226,9.3218,9.4119,9.3552,9.3,9.2468,9.2947,9.3321,9.0064,9.2095,9.496,9.3496,9.0269,8.7787,8.539,8.3673,8.4152,8.3134,8.2426,8.2528,8.2386,8.1466,8.1816,8.1596,8.3884,8.5218,8.8198,9.0247,9.0852,9.223,9.3819,9.3957,9.3511,9.3418,9.3828,9.5242,9.5416,9.4996,9.3355,9.496
15.106,5.6385,7.4838,12.628,15.838,15.613,14.473,14.948,16.597,16.778,17.313,18.493,18.289,16.932,17.712,14.948,11.659,14.198,14.978,16.19,14.948,16.19,16.452,15.838,17.632,14.948,13.246,14.701,11.463,14.406,13.202,12.365,12.365,15.293,15.375,14.978,14.473,14.303,14.406,13.377,13.202,12.828,12.419,10.577,12.026,9.8662,7.4838,11.463,11.907,13.708,11.967,12.628,14.198,13.587,14.303,11.463,11.907,12.876,12.365,13.708,13.377,21.907,22.901,25.301,26.19,25.475,25.443,25.482,26.355,25.715,23.956,25.118,24.621,22.881,22.896,21.187,17.958,18.623,18.921,18.453,17.008,18.558,19.618,18.61,19.398,16.515,15.887,19.016,17.567,19.398,17.821,9.4903,9.6378,9.5628,9.2173,8.8579,8.7867,8.7986,8.9402,8.9087,8.8763,8.7499,8.6251,8.602,8.6227,8.805,8.9132,9.3487,9.4213,9.395,9.3737,9.5186,9.4981,9.4288,9.3303,9.1813,9.0689,9.2221,9.3388,9.2676,9.4903,9.3155,9.2553,8.8756,8.7091,8.544,8.2494,8.3865,8.3643,8.2618,8.3272,8.3165,8.3411,8.6461,8.5571,8.9838,9.3008,9.5623,9.4846,9.5739,9.5069,9.7403,9.5521,9.5376,9.5208,9.5161,9.4383,9.5579,9.3558,9.1234,9.3155,9.7751,9.6326,9.2605,9.0744,8.7604,8.6021,8.7151,8.6011,8.5087,8.5243,8.4951,8.4264,8.4206,8.421,8.7049,8.7996,9.0782,9.2253,9.2802,9.4393,9.6431,9.6697,9.6001,9.5783,9.6802,9.7514,9.7214,9.7263,9.5874,9.7751
15.126,4.4411,7.4514,13.832,15.682,15.034,14.441,14.915,16.419,15.973,15.45,17.97,18.617,17.451,17.281,13.984,10.291,12.387,15.261,16.686,15.004,15.397,15.682,16.746,17.679,15.149,13.984,14.915,11.935,15.261,13.302,12.44,12.796,15.343,15.261,14.669,14.271,15.149,14.374,12.387,12.596,13.555,12.44,13.169,11.994,7.9257,5.6062,9.3223,12.596,13.472,11.935,13.984,13.345,13.302,15.973,12.596,12.333,14.885,10.291,15.682,12.333,22.977,22.44,26.048,26.891,25.41,25.188,25.327,25.959,24.309,23.409,24.511,24.9,24.271,22.963,20.47,17.727,17.534,18.044,18.692,16.686,18.421,18.972,19.29,19.43,16.312,16.419,19.019,16.686,19.986,17.926,9.921,10.146,9.8463,9.4578,9.2665,9.0056,9.1613,9.1444,9.2509,9.2694,9.0936,8.9647,8.9965,8.8827,9.1215,9.2915,9.7657,9.8825,9.9211,9.8781,9.8739,9.8573,9.9777,9.8026,9.7371,9.6154,9.7266,9.9008,9.8042,9.921,9.7764,9.4829,9.2105,9.0688,8.8287,8.6783,8.5776,8.6452,8.4678,8.8571,8.6201,8.8316,8.9108,8.9864,9.3547,9.3372,9.8684,9.936,10.033,10.085,10.069,9.9888,10.053,10.032,10.123,9.8425,9.9869,9.8095,9.4794,9.7764,9.9478,9.8203,9.5407,9.3047,9.1162,8.928,8.8915,8.7965,8.7483,8.8494,8.6974,8.7018,8.7024,8.6417,8.9101,9.0195,9.2396,9.4857,9.6336,9.7956,9.8522,9.8391,9.855,9.8022,9.9758,10.008,10.032,9.9318,9.8102,9.9478
15.146,7.3393,7.9839,13.613,16.37,15.508,14.224,15.092,16.238,16.477,16.37,18.935,17.984,17.18,17.033,14.499,11.993,13.36,15.003,16.744,15.864,15.937,16.305,16.744,17.526,15.401,13.613,14.224,11.489,15.401,13.403,12.445,13.891,14.224,16.413,14.974,15.092,14.974,15.664,14.727,12.654,12.654,11.422,11.993,10.35,6.3702,9.0419,9.3805,10.35,14.329,12.854,14.695,14.499,13.891,14.329,12.391,12.052,13.53,11.933,15.063,13.228,22.946,23.299,25.664,26.458,25.708,25.646,25.532,26.113,25.404,23.948,24.874,24.499,23.805,23.228,20.88,18.751,18.675,18.203,19.03,17.015,18.983,19.293,18.329,19.248,16.032,16.37,19.259,16.804,19.488,17.592,10.223,10.307,10.051,9.7603,9.3536,9.4008,9.3306,9.3689,9.4219,9.4788,9.3247,9.2536,9.2769,9.0959,9.369,9.698,9.9705,10.175,10.156,10.067,10.087,10.056,10.122,10.057,9.9862,9.8755,9.9089,10.112,10.013,10.223,9.8225,9.7139,9.3815,9.1974,9.0387,8.7721,8.8547,8.8151,8.77,8.8128,8.7796,8.6812,8.9327,9.1163,9.4048,9.7165,9.8398,9.9864,9.9911,9.8629,10.001,9.805,9.8295,9.9007,9.8675,9.9908,9.7834,9.8057,9.4654,9.8225,10.221,10.021,9.7472,9.5258,9.3186,9.1662,9.1612,9.0557,9.0305,9.0303,8.9732,8.9583,8.9191,8.8723,9.2014,9.2727,9.4795,9.6507,9.8281,9.9579,10.069,10.009,10.131,10.048,10.145,10.279,10.226,10.151,10.076,10.221
15.166,6.2882,8.3294,13.321,16.331,15.125,15.01,14.981,15.319,14.892,16.288,17.703,18.567,17.947,17.902,14.613,12.363,12.416,15.319,16.951,14.862,15.582,16.933,16.819,18.289,14.981,13.531,14.417,11.603,15.557,13.19,11.603,11.911,15.557,16.662,14.921,14.417,13.19,14.247,12.82,12.572,12.416,13.652,11.97,12.309,10.268,6.2882,10.268,11.131,14.981,10.521,12.572,13.448,13.922,15.01,11.407,11.97,13.96,12.363,14.892,11.911,23.217,22.728,26.095,26.541,25.489,25.755,25.311,25.968,24.275,23.809,24.727,24.921,23.839,23.11,20.521,19.166,17.902,18.247,18.593,16.662,18.437,18.96,18.669,18.865,16.395,15.95,18.502,16.933,19.915,17.428,8.9334,9.1644,8.8321,8.5995,8.2215,8.0592,8.1663,8.2322,8.2625,8.2305,8.07,8.0139,8.059,8.0266,8.2512,8.2635,8.7056,9.0473,8.9026,8.9037,8.8898,8.8433,8.9246,8.878,8.691,8.5715,8.7216,8.8583,8.7713,8.9334,8.6171,8.5511,8.2716,7.9206,7.8081,7.6529,7.6715,7.6037,7.6398,7.7907,7.5769,7.7125,7.9215,7.9723,8.1883,8.1205,8.9799,8.9648,8.7917,8.8859,8.8398,8.8663,8.8261,8.7843,8.8356,8.6288,8.804,8.7537,8.4473,8.6171,9.044,8.8576,8.583,8.3419,8.1114,7.9613,7.9823,7.9022,7.8092,7.8839,7.7587,7.7501,7.7537,7.725,8.0304,8.0207,8.2041,8.4022,8.5225,8.6972,8.8568,8.8021,8.8938,8.7514,8.9144,8.9477,9.0269,8.9998,8.8612,9.044
15.186,7.4264,7.2561,13.651,16.457,14.86,14.416,14.92,15.657,15.853,16.721,18.396,18.791,17.376,17.426,14.349,12.415,13.277,14.92,16.799,14.89,16.132,16.132,16.221,17.509,15.124,14.246,13.959,11.406,15.829,14.416,12.571,12.362,15.853,15.556,15.425,14.89,15.581,14.612,13.447,12.771,13.921,13.32,10.911,11.969,9.2973,7.2561,11.602,12.571,13.447,10.519,11.13,13.651,13.144,14.89,12.415,12.771,13.53,11.406,14.416,12.571,23.122,22.989,25.955,26.565,25.751,25.43,25.396,26.06,24.979,24.214,25.124,25.109,23.807,23.484,20.797,18.134,18.591,18.501,18.947,16.132,18.591,19.165,18.553,19.297,16.661,15.425,17.945,16.394,19.165,17.901,9.0965,9.2166,9.147,8.8337,8.4172,8.3223,8.4054,8.3924,8.3784,8.4497,8.3336,8.2269,8.2969,8.2816,8.5816,8.473,8.9286,9.0682,9.1337,9.1396,9.0946,9.1462,9.113,9.0086,8.9909,8.8485,8.8956,8.9982,8.9764,9.0965,8.9654,8.8153,8.5358,8.3616,8.0241,7.8247,7.8997,7.9946,7.8153,8.0127,7.9395,8.0179,8.2712,8.2841,8.5442,8.781,9.0946,9.1895,9.0832,9.1661,9.3082,9.2821,9.131,9.2636,8.9849,9.0955,9.1489,9.076,8.8492,8.9654,9.3422,9.1254,8.848,8.5631,8.3023,8.1446,8.2463,8.1293,8.0406,8.1201,7.9992,7.9408,8.0214,8.0289,8.3552,8.2728,8.5106,8.6864,8.7364,8.928,9.1782,9.1009,9.0203,9.0675,9.1332,9.2906,9.2926,9.3027,9.1421,9.3422
15.206,6.3253,7.2944,14.454,15.819,15.594,15.819,15.892,16.578,16.97,17.189,18.89,18.938,17.802,17.294,14.929,12.346,13.689,15.695,16.325,15.162,16.193,16.496,16.837,17.294,15.356,14.959,13.315,11.64,14.65,14.929,12.346,12.346,15.274,16.193,15.274,14.959,14.284,14.929,13.485,12.609,14.454,12.609,11.444,13.227,8.6298,8.997,11.444,12.809,12.857,12.609,12.007,14.284,12.609,14.387,12.609,11.444,13.997,12.4,15.463,14.284,22.862,23.494,25.655,26.293,25.733,25.453,25.463,26.369,25.612,24.346,25.73,24.841,23.254,23.456,21.183,19.248,19.39,18.89,18.83,16.369,17.661,18.878,17.189,18.539,16.759,15.047,18.284,16.193,19.769,17.924,9.5309,9.654,9.331,9.0299,8.6674,8.6326,8.7133,8.7404,8.644,8.7595,8.6516,8.4899,8.5571,8.5193,8.7011,8.9074,9.3219,9.4646,9.4186,9.4649,9.4395,9.4106,9.4094,9.3906,9.3338,9.1722,9.2583,9.4465,9.2479,9.5309,9.1605,9.0907,8.7013,8.5706,8.2778,8.2066,8.1737,8.2005,8.1274,8.285,8.1675,8.2988,8.5294,8.442,8.7706,8.969,9.2531,9.3925,9.2757,9.3089,9.4809,9.2839,9.459,9.4659,9.4728,9.3086,9.4186,9.4042,9.0818,9.1605,9.5921,9.4049,9.0518,8.8649,8.5503,8.4408,8.5166,8.4399,8.3571,8.3662,8.3306,8.2364,8.2738,8.2952,8.5345,8.5718,8.8279,8.942,8.9612,9.2125,9.3495,9.3605,9.384,9.4322,9.5018,9.4625,9.7156,9.6402,9.4567,9.5921
15.226,6.3448,8.6493,12.419,15.639,15.376,15.613,14.948,17.208,16.778,17.68,18.725,18.493,17.173,17.155,15.715,11.464,13.865,16.006,16.598,15.483,16.345,17.008,16.19,17.68,15.483,13.378,14.474,11.464,14.304,14.016,13.202,12.877,15.294,15.294,14.702,14.978,14.016,15.639,14.474,12.877,14.198,12.629,9.8667,10.324,8.386,8.386,10.969,12.473,13.865,11.968,11.66,13.865,12.629,14.702,12.365,11.396,14.67,12.473,14.67,13.588,22.327,23.269,25.507,26.244,25.631,25.93,25.343,26.206,25.89,24.702,25.201,24.625,23.251,23.861,21.717,19.2,19.618,18.611,18.922,16.213,17.959,18.493,17.944,18.453,15.613,14.978,18.047,16.856,19.867,17.988,9.6555,9.6888,9.7485,9.3446,9.0562,8.8021,8.9242,8.9127,8.9798,8.9919,8.899,8.7557,8.681,8.7563,8.9432,9.1768,9.4441,9.6239,9.6472,9.6295,9.6968,9.6033,9.7124,9.5394,9.4885,9.3142,9.3529,9.5624,9.4635,9.6555,9.4936,9.3463,9.1894,8.7835,8.6535,8.4709,8.5075,8.4355,8.4439,8.4487,8.629,8.6038,8.7981,8.7853,8.7345,9.3273,9.5395,9.6167,9.6013,9.7009,9.6899,9.6756,9.7682,9.7936,9.6279,9.757,9.8094,9.4824,9.4241,9.4936,9.8541,9.6245,9.3553,9.1183,8.8952,8.7056,8.7198,8.6353,8.631,8.5963,8.5579,8.5438,8.5412,8.4928,8.7583,8.7847,8.953,9.1703,9.3039,9.4775,9.5695,9.5713,9.5641,9.6646,9.67,9.8368,9.9062,9.8794,9.6873,9.8541
15.246,5.6023,8.3493,13.468,16.682,15.339,15.97,15.802,16.351,16.99,17.189,18.776,18.141,17.595,17.397,15.577,12.592,14.267,15.577,16.82,15.339,15.97,16.82,16.839,17.277,15.678,14.267,13.166,11.427,15.446,13.551,10.932,12.84,15.97,15.97,15.339,15.257,14.437,15.145,14.911,13.672,13.672,12.792,11.427,12.329,9.4256,7.9218,11.623,12.329,13.98,11.36,12.329,13.942,13.468,14.911,12.592,11.427,12.329,11.623,14.633,14.161,22.582,22.992,25.802,26.284,25.553,25.716,25.436,26.249,25.686,24.35,25.108,24.712,23.468,23.13,21.604,19.372,19.318,19.061,18.417,15.875,17.464,18.726,17.53,18.613,14.941,15.393,18.04,17.277,19.982,18.141,10.16,10.244,9.8848,9.6294,9.4377,9.1112,9.21,9.1758,9.3115,9.2745,9.2312,9.1843,9.1244,9.0303,9.322,9.4787,9.8578,10.018,9.9987,10.017,10.021,10.016,10.063,10.015,9.8268,9.8345,9.7697,9.8511,9.9248,10.16,9.7503,9.6303,9.2864,8.9658,8.9522,8.7378,8.5392,8.6346,8.6421,8.8136,8.8373,8.7233,8.8957,8.9143,9.3099,9.401,9.8721,9.7701,9.8576,9.8763,10.019,9.8993,9.9281,10.005,9.9867,9.8555,9.8741,9.7722,9.5934,9.7503,10.133,9.9167,9.6059,9.3865,9.1669,9.0457,8.9717,8.892,8.8995,8.8948,8.8657,8.8559,8.8424,8.7667,9.056,9.1673,9.317,9.4944,9.561,9.7809,9.9368,9.8987,9.9542,10.044,10.012,10.267,10.27,10.103,9.9847,10.133
15.266,2.8932,7.3301,13.263,15.655,16.206,15.855,16.022,16.468,17.45,17.648,18.779,18.47,15.928,17.583,15.855,12.043,14.964,15.63,16.949,16.404,15.63,17.043,16.022,17.838,13.995,13.604,12.489,10.985,13.351,13.725,11.984,12.845,14.718,15.903,15.392,15.499,14.214,14.49,14.033,13.394,13.218,12.043,10.594,11.676,9.8829,8.4022,11.48,12.489,13.995,13.351,13.351,13.725,13.882,13.394,12.845,12.043,13.521,12.043,14.994,14.179,22.645,23.529,25.135,26.055,25.855,25.828,25.562,25.903,25.769,24.413,25.042,25.053,23.182,23.575,21.31,19.114,19.25,18.974,18.575,16.295,17.96,18.47,17.975,19.239,16.022,14.718,17.583,16.795,19.805,18.47,8.5041,9.0357,8.7819,8.4513,8.017,7.7937,7.9233,7.9453,7.9821,7.9204,7.8079,7.7292,7.7622,7.7463,7.8657,8.0039,8.4291,8.5114,8.5156,8.494,8.5354,8.4748,8.575,8.4675,8.3157,8.1641,8.2993,8.3153,8.3245,8.5041,8.6109,8.4868,8.1087,7.8796,7.6235,7.5785,7.5237,7.3012,7.5088,7.5497,7.5611,7.5581,7.7454,7.7514,8.062,8.2696,8.5326,8.6534,8.6915,8.674,8.5598,8.7976,8.7664,8.6765,8.5475,8.6848,8.7913,8.5029,8.5083,8.6109,8.9326,8.7195,8.3694,8.1693,7.9218,7.7485,7.7716,7.7183,7.6603,7.6894,7.641,7.6576,7.6731,7.5876,7.8181,7.8615,8.072,8.316,8.2675,8.5658,8.6819,8.7238,8.7292,8.787,8.7979,9.0526,9.0532,8.9403,8.7848,8.9326
15.286,5.8936,8.6557,13.511,16.458,16.458,15.62,15.645,17.014,17.95,16.939,19.296,18.31,15.62,16.863,15.382,13.384,13.985,15.489,16.604,15.382,15.436,17.161,15.62,17.014,15.645,13.341,12.372,9.0229,12.835,14.023,11.47,14.31,15.188,15.3,15.382,16.458,14.023,14.924,14.984,13.341,13.511,12.883,10.331,11.666,10.243,9.0229,12.835,13.594,14.924,12.835,12.372,14.169,13.594,13.594,11.666,11.194,13.209,11.666,14.48,13.384,22.021,23.448,24.964,25.937,25.828,25.97,25.25,26.429,26.454,24.348,25.349,24.676,22.635,23.511,21.457,19.863,19.372,19.795,18.732,16.785,16.882,19.011,17.507,18.01,15.645,15.073,17.573,17.718,19.329,18.565,8.8335,9.137,8.9476,8.5551,8.2387,8.0436,8.1205,8.1941,8.2133,8.1393,8.1062,8.084,7.9516,7.9676,8.1943,8.5207,8.589,8.8432,8.7739,8.7223,8.8071,8.8308,8.7238,8.648,8.568,8.5497,8.6345,8.5542,8.7092,8.8335,8.661,8.6155,8.2958,8.094,7.8868,7.6752,7.6673,7.6218,7.7377,7.7795,7.8759,7.8993,7.9781,7.9802,8.2777,8.6551,8.8041,8.8415,8.877,8.8609,8.8548,8.9337,8.9691,8.955,8.7454,8.6568,8.9228,8.8021,8.6799,8.661,9.1293,8.8951,8.6289,8.4156,8.153,7.98,8.0315,7.9409,7.9302,7.8657,7.9412,7.9361,7.8817,7.8106,8.0956,8.198,8.3625,8.5213,8.5768,8.8382,8.9798,8.9228,8.9584,9.0119,9.1135,9.2713,9.3971,9.3263,9.0491,9.1293
15.306,5.8176,7.4146,13.518,15.306,15.937,16.863,15.544,16.446,17.415,17.157,18.541,17.934,15.842,16.957,14.967,12.296,14.404,15.544,16.957,15.36,15.645,17.431,15.569,16.806,14.997,12.559,12.296,10.255,12.807,13.265,12.403,13.177,14.879,15.937,14.879,15.937,13.909,15.112,14.879,13.435,13.639,12.559,11.898,12.559,10.508,8.3164,11.957,13.308,13.518,11.394,11.327,14.6,12.296,14.128,13.177,10.508,13.639,11.957,13.435,12.759,22.258,23.338,25.005,26.018,25.849,26.269,25.112,26.154,26.448,24.234,25.24,24.629,23.106,23.489,21.441,19.296,19.902,19.285,18.58,17.497,17.69,18.743,17.934,18.275,15.224,14.879,17.431,17.642,19.253,19.198,9.309,9.2897,9.1539,8.9807,8.5989,8.3582,8.3996,8.3803,8.4854,8.4662,8.4401,8.3794,8.3324,8.2606,8.4667,8.737,8.8596,9.1621,9.1387,9.1194,9.0554,9.091,9.0361,9.1047,8.9961,8.8235,8.7099,8.9569,9.062,9.309,8.879,8.7614,8.6162,8.4614,8.1596,8.0048,8.0004,7.932,7.89,7.9178,7.9861,8.126,8.1797,8.1593,8.6568,8.7068,9.0988,9.1353,9.0856,9.0982,9.1361,9.1528,9.1432,9.146,9.0083,9.0583,9.0457,8.9437,8.6831,8.879,9.3417,9.1616,8.8256,8.6732,8.402,8.2676,8.2032,8.116,8.1396,8.1089,8.1018,8.1404,8.1146,7.9574,8.2932,8.4496,8.5801,8.7024,8.8426,9.0036,9.1827,9.1881,9.1962,9.2124,9.372,9.5208,9.6223,9.4336,9.2562,9.3417
15.326,5.5723,8.3193,13.311,15.845,15.772,16.123,15.648,16.123,17.645,16.278,18.583,17.5,15.821,17.247,15.309,13.438,14.237,15.94,16.809,15.94,15.227,16.809,15.845,17.5,15,13.136,11.397,10.428,13.521,13.268,11.121,13.311,15,16.531,15.821,15.772,14.34,14.97,14.635,13.268,13.311,11.397,10.257,11.593,10.17,9.2884,11.121,12.81,14.635,13.268,12.81,13.912,13.268,14.131,12.762,10.902,12.562,12.562,13.268,12.562,22.042,23.446,25.213,26.289,25.825,25.925,25.534,26.193,26.298,24.657,25.344,24.781,22.233,23.202,21.171,19.459,19.952,19.288,19.552,16.809,16.923,18.659,16.278,16.923,15.572,14.97,17.088,17.247,19.8,19.396,9.5435,9.5905,9.4921,9.1418,8.7696,8.541,8.753,8.6596,8.6409,8.6497,8.6704,8.5809,8.5193,8.6051,8.9087,8.9769,9.298,9.407,9.4322,9.3242,9.4689,9.4903,9.4115,9.3462,9.1375,9.183,9.2278,9.3516,9.4632,9.5435,9.3695,9.1482,8.861,8.5451,8.2894,8.1721,8.1867,8.1396,8.1988,8.1934,8.2227,8.1771,8.484,8.5167,8.8449,9.0963,9.2964,9.3153,9.2179,9.2125,9.4639,9.3348,9.3612,9.3815,9.3054,9.2712,9.2208,9.304,9.015,9.3695,9.7247,9.4456,9.1005,8.9065,8.5929,8.4276,8.5175,8.3909,8.4107,8.3411,8.3478,8.3794,8.3407,8.3159,8.5613,8.6402,8.7904,8.9621,9.0147,9.131,9.374,9.4223,9.5128,9.5474,9.5296,9.7094,9.865,9.7418,9.5757,9.7247
15.346,7.4146,7.2443,13.308,16.709,15.112,15.224,15.544,16.446,15.818,15.769,17.859,18.007,16.938,16.92,14.879,12.296,13.796,13.518,16.382,14.879,15.112,16.92,15.937,17.364,14.879,13.308,13.133,11.118,13.308,12.559,13.796,13.308,15.569,16.957,15.569,15.112,15.842,14.967,13.133,11.394,12.403,13.133,10.425,12.403,8.9469,9.2855,12.759,12.559,14.6,12.759,12.403,13.518,13.518,14.967,11.838,10.508,13.133,12.759,14.404,14.337,22.715,23.308,26.107,26.876,25.937,25.74,25.482,25.993,25.218,23.947,24.97,24.8,23.639,23.372,20.816,18.424,18.982,18.888,18.693,16.863,17.69,18.554,18.007,18.58,15.544,14.128,18.122,17.244,20.936,18.656,9.7564,9.9068,9.6758,9.3397,8.9534,8.7235,8.8207,8.8293,8.9067,8.8128,8.8507,8.8365,8.7068,8.6891,8.9639,9.0136,9.355,9.6067,9.4851,9.4485,9.5634,9.5101,9.5696,9.4749,9.2897,9.2593,9.338,9.4767,9.4782,9.7564,9.5414,9.3164,9.0055,8.8349,8.6218,8.4036,8.4041,8.43,8.4401,8.4002,8.364,8.6499,8.6789,8.7951,9.1128,9.5497,9.4528,9.7064,9.5408,9.6625,9.8081,9.7839,9.8208,9.7421,9.7154,9.8018,9.6988,9.6983,9.467,9.5414,9.8557,9.6579,9.3257,9.0889,8.8264,8.6706,8.6762,8.6137,8.5377,8.6121,8.5107,8.521,8.5257,8.4749,8.7488,8.8767,8.9888,9.205,9.2471,9.4373,9.5921,9.5769,9.6052,9.6649,9.7912,9.8994,10.043,9.9282,9.681,9.8557
15.366,7.2607,8.9633,12.575,15.662,15.834,16.159,15.013,16.226,16.399,16.462,18.506,17.905,16.292,16.462,14.421,13.656,13.452,15.953,16.973,14.648,15.43,16.226,15.953,16.399,14.925,13.149,11.606,8.5961,14.25,13.324,12.419,13.281,15.322,16.137,15.56,15.322,13.656,14.895,14.984,13.926,12.575,13.281,9.8134,11.974,10.524,8.8443,10.916,12.775,14.145,11.974,11.914,13.656,13.281,13.452,12.575,10.916,12.575,12.575,14.109,13.149,22.419,23.587,25.669,26.33,25.609,25.741,25.506,26.132,26.009,24.077,25.114,24.78,22.829,23.18,20.779,18.672,19.565,19.804,19.236,16.545,17.627,18.904,17.514,17.935,16.803,15.662,18.4,17.994,19.965,19.524,10.102,9.9145,9.8389,9.5991,9.266,9.0567,9.0852,9.1672,9.285,9.356,9.2243,9.1424,9.2035,9.095,9.3947,9.6466,9.7792,9.9692,9.846,9.9213,9.9955,10.013,9.9348,9.8254,9.8091,9.7046,9.6628,9.9889,10.044,10.102,9.8429,9.6327,9.2738,9.1593,8.8429,8.595,8.5882,8.642,8.6869,8.7477,8.8724,8.7702,8.913,9.0325,9.297,9.6251,9.8267,9.8258,9.9643,9.8598,9.8744,9.8306,9.8012,9.9615,9.662,9.8111,9.794,9.7569,9.6547,9.8429,10.168,9.9686,9.6168,9.3746,9.1343,8.9552,8.9776,8.922,8.8959,8.8611,8.9023,8.8443,8.8511,8.8139,9.0741,9.233,9.4597,9.4925,9.5869,9.7655,9.8567,9.8937,9.9451,10.015,10.061,10.185,10.307,10.311,10.071,10.168
15.386,7.875,8.5658,12.545,15.292,14.983,16.261,14.895,15.923,16.773,16.773,18.566,17.86,15.53,18.094,15.399,12.793,14.22,15.53,17.143,14.115,15.399,15.923,15.53,17.143,15.292,12.545,12.389,10.494,13.504,12.389,11.38,13.896,15.755,16.432,14.865,15.828,14.39,15.923,14.983,13.421,12.545,12.793,11.313,10.411,9.3788,8.5658,11.38,13.251,13.421,11.884,12.545,12.336,12.745,15.098,13.119,10.885,10.241,11.943,13.294,11.884,22.336,23.653,25.335,25.804,26.004,25.88,25.317,26.086,26.057,24.694,25.691,24.643,21.884,23.557,21.237,18.642,19.888,20.099,19.953,17.401,17.92,18.933,17.628,18.933,17.089,15.755,18.475,17.964,19.85,19.272,10.32,10.303,10.177,9.7794,9.48,9.2949,9.3594,9.4771,9.4813,9.4709,9.3953,9.3197,9.2667,9.2739,9.4633,9.522,10.013,10.072,9.9923,10.071,10.12,10.155,10.095,10.016,9.8636,9.9562,9.9913,10.235,10.083,10.32,10.139,9.8653,9.5279,9.3392,9.0657,8.8758,8.9302,8.9915,8.956,9.1688,8.8889,8.9745,9.2789,9.317,9.8563,10.127,10.088,10.195,10.091,10.161,10.284,10.201,10.269,10.128,10.091,9.969,10.048,10.196,9.9712,10.139,10.398,10.201,9.8636,9.6076,9.3127,9.1625,9.2136,9.1609,9.1045,9.0996,9.095,9.0618,9.0913,9.0455,9.3794,9.4556,9.6311,9.7757,9.8168,9.9823,10.209,10.234,10.216,10.252,10.252,10.323,10.56,10.404,10.224,10.398
15.406,9.2668,9.3741,14.11,15.551,15.287,15.205,14.613,15.918,16.257,16.364,18.216,18.089,17.138,17.226,13.928,12.74,14.074,14.613,16.427,14.86,15.341,16.257,16.364,16.901,14.613,12.74,13.246,9.3741,14.386,14.215,12.54,13.621,15.799,16.51,15.525,15.799,14.386,14.613,13.928,12.384,13.246,11.1,10.148,11.939,7.2256,9.2668,11.308,11.939,13.621,12.54,13.114,13.289,13.246,14.949,11.939,11.375,13.417,10.406,14.11,12.54,23.417,23.078,26.169,26.873,25.866,25.632,25.594,25.925,25.068,24.056,24.797,24.386,23.185,22.908,20.175,18.761,19.52,19.691,19.374,18.257,18.471,19.489,18.365,19.911,17.12,15.627,18.928,17.226,21.064,19.267,10.366,10.658,10.317,10.048,9.8049,9.7003,9.4972,9.5491,9.7073,9.7781,9.5708,9.5175,9.4678,9.3275,9.7064,9.9272,10.014,10.31,10.321,10.295,10.238,10.24,10.31,10.222,10.113,10.095,10.181,10.152,10.167,10.366,10.339,9.9834,9.8124,9.7151,9.4621,9.2484,9.0522,9.0818,9.0925,9.2598,9.1504,9.5625,9.5125,9.5369,10.158,10.197,10.52,10.545,10.53,10.665,10.376,10.503,10.603,10.486,10.345,10.559,10.487,10.346,10.312,10.339,10.614,10.378,10.137,9.8386,9.7244,9.5672,9.4021,9.3661,9.3722,9.42,9.3521,9.3992,9.3395,9.2294,9.5744,9.7971,9.9377,10.076,10.148,10.463,10.277,10.337,10.502,10.428,10.578,10.682,10.688,10.572,10.432,10.614
15.426,8.5174,10.363,14.846,16.081,16.32,15.481,15.507,16.724,16.647,16.801,18.517,18.321,16.587,17.58,14.786,12.745,13.884,14.934,16.744,14.934,15.507,16.147,16.256,17.548,14.172,12.234,12.341,11.528,14.934,14.172,12.497,13.456,15.707,16.876,16.213,14.538,14.538,14.816,13.203,11.836,12.341,11.895,10.363,11.528,8.8846,9.7347,11.895,13.847,14.342,13.115,13.373,13.847,13.203,14.03,13.884,11.836,12.497,11.776,13.246,11.528,22.864,23.203,26.286,27.108,25.677,25.481,25.55,25.874,25.375,23.671,24.704,24.385,23.323,23.276,20.236,18.966,19.32,19.567,20.024,18.361,18.92,19.905,19.234,19.657,16.876,16.744,19.486,17.627,20.51,18.966,9.3022,9.4308,8.9872,8.7811,8.5525,8.3799,8.4793,8.4836,8.4703,8.5657,8.4071,8.3249,8.3465,8.2772,8.4116,8.6608,8.9655,9.1645,9.0581,9.085,9.2626,9.1956,9.1521,9.083,8.9454,8.8729,9.0908,9.3062,9.1621,9.3022,9.0113,8.8432,8.5639,8.3431,8.0235,7.8988,7.9665,7.9006,7.8979,7.887,7.9752,8.0232,8.2183,8.4329,8.5805,8.8396,9.2406,9.2282,9.1391,9.1776,9.1473,9.127,9.1379,9.052,9.0216,8.9553,8.9355,8.9264,8.7983,9.0113,9.4156,9.213,8.8824,8.6557,8.4289,8.2329,8.2914,8.2078,8.1754,8.2307,8.1491,8.1341,8.1514,8.0631,8.3426,8.5549,8.7666,8.869,8.9038,9.1597,9.2463,9.2025,9.2326,9.3084,9.2997,9.3828,9.4858,9.453,9.32,9.4156
15.446,8.2422,10.15,14.985,16.171,15.923,15.465,15.232,16.672,17.438,17.273,18.894,17.768,16.799,17.438,15.232,13.618,14.149,15.659,16.496,14.954,15.321,16.496,14.954,16.628,14.69,12.756,13.161,12.192,14.482,14.263,12.251,13.871,15.321,16.29,14.482,15.35,13.112,14.587,14.149,13.789,12.912,11.471,11.747,11.68,9.6388,8.933,11.747,13.618,13.618,13.789,13.789,14.758,12.912,14.263,13.161,10.608,12.192,11.252,12.649,11.471,22.455,23.842,25.874,26.46,25.966,26.214,25.35,26.115,26.297,24.556,25.309,24.778,22.902,23.298,20.795,18.777,20.072,20.227,20.502,18.737,18.574,20.302,18.907,19.288,16.563,16.496,18.242,18.287,19.639,18.894,9.7189,9.5881,9.3715,9.2089,8.7744,8.6111,8.8788,8.872,8.8434,8.7737,8.716,8.6751,8.8073,8.6809,8.933,8.9684,9.3558,9.5545,9.4614,9.394,9.6146,9.6781,9.6107,9.5242,9.4765,9.3976,9.561,9.6932,9.5942,9.7189,9.4293,9.1414,8.8208,8.6048,8.3315,8.2081,8.3846,8.2241,8.2631,8.1865,8.3485,8.2691,8.6714,8.7303,8.9865,9.3458,9.4126,9.4714,9.4059,9.254,9.4372,9.5515,9.4384,9.4172,9.1266,9.241,9.1755,9.3729,9.0824,9.4293,9.7542,9.5332,9.1361,8.9042,8.5914,8.4373,8.6263,8.5337,8.4743,8.4098,8.4345,8.3758,8.4315,8.4405,8.7153,8.7855,9.0394,9.1495,9.1731,9.3288,9.5084,9.5024,9.4638,9.544,9.5263,9.6735,9.7578,9.7583,9.5834,9.7542
15.466,9.7757,12.538,15.522,16.628,16.166,17.868,15.548,17.912,19.264,18.468,20.065,19.132,16.842,18.533,16.361,13.287,15.915,16.297,17.868,16.099,15.548,17.393,15.915,16.898,15.915,12.275,14.107,14.213,15.285,15.548,12.275,15.091,15.339,16.361,16.688,16.765,14.887,16.099,16.254,13.925,13.618,13.618,11.373,12.738,8.9256,11.373,13.244,13.888,15.522,13.774,14.887,15.915,13.111,15.548,13.244,11.877,11.373,11.936,13.414,12.738,22.853,24.72,25.969,26.717,26.46,27.261,25.915,26.917,27.476,25.624,26.148,25.053,22.81,23.832,21.877,20.576,20.855,20.741,21.097,19.307,19.638,20.923,19.264,19.318,18.087,17.343,18.634,18.533,19.527,19.776,10.056,9.9883,9.6454,9.3711,8.9087,8.8209,9.1336,9.0642,9.1522,9.0045,9.031,8.9157,8.9794,8.941,9.2025,9.2849,9.7005,9.9277,9.7158,9.7435,9.8819,10.054,9.9153,9.9927,9.9037,9.7095,9.7697,10.011,9.8402,10.056,9.6911,9.428,8.9967,9.0215,8.6717,8.4378,8.6103,8.5933,8.5224,8.6754,8.5831,8.5993,8.9707,9.0768,9.2824,9.592,9.6719,9.7242,9.548,9.8231,9.9969,9.8708,9.6158,9.7199,9.7523,9.7829,9.504,9.6717,9.4532,9.6911,10.017,9.806,9.3804,9.1942,8.8623,8.6921,8.895,8.7767,8.7289,8.655,8.6922,8.6543,8.6859,8.6879,8.9408,9.0973,9.2968,9.3749,9.4433,9.5909,9.8021,9.7934,9.7274,9.8661,9.7736,9.9011,9.9331,9.988,9.8012,10.017
15.486,9.0622,11.568,16.052,17.421,16.826,16.589,16.533,17.792,17.543,18.053,19.486,19.062,17.777,18.249,15.487,13.105,13.798,16.052,17.359,15.945,15.213,16.914,17.777,17.777,15.487,14.548,14.666,12.229,15.857,15.213,12.934,14.548,15.857,16.914,15.945,16.319,14.893,16.456,13.616,13.616,12.978,13.105,12.229,12.802,11.259,11.063,12.229,14.074,14.074,13.309,14.006,14.781,13.903,14.006,13.579,13.309,14.006,11.259,13.903,12.229,23.697,23.966,26.651,27.487,26.408,26.578,25.929,26.798,25.938,24.548,25.547,24.91,23.744,23.465,21.169,19.062,19.457,20.202,20.103,17.558,19.125,19.836,19.218,19.329,17.167,16.914,18.834,17.558,20.33,19.009,8.6857,8.6804,8.4213,8.1178,7.8832,7.713,7.7075,7.8317,7.8232,7.9208,7.6785,7.7115,7.6594,7.5603,7.8473,8.1131,8.357,8.5473,8.5122,8.6148,8.6101,8.5717,8.7292,8.6177,8.455,8.6065,8.4446,8.7251,8.5485,8.6857,8.3476,8.1329,7.8007,7.7071,7.3956,7.2717,7.2061,7.2187,7.1426,7.2598,7.2834,7.4982,7.4989,7.5669,7.9056,8.0482,8.4658,8.2866,8.4037,8.358,8.3759,8.3475,8.4345,8.3409,8.448,8.2879,8.3059,8.2774,8.0807,8.3476,8.6509,8.4403,8.1492,7.9088,7.6776,7.5262,7.5031,7.4417,7.4057,7.4577,7.38,7.4017,7.4103,7.3298,7.6263,7.7697,8.0517,8.1479,8.2515,8.4054,8.4202,8.4207,8.5798,8.5024,8.5452,8.6447,8.7308,8.66,8.5436,8.6509
15.506,10.493,12.282,16.195,17.125,16.514,16.924,16.792,17.675,19.139,18.565,20.081,19.442,17.845,17.919,16.514,14.323,14.983,16.261,17.875,15.755,15.755,17.845,16.849,18.369,15.755,15.21,15.21,13.294,16.695,15.922,12.545,14.114,16.106,15.922,16.635,16.906,15.827,15.555,14.864,13.895,15.098,13.163,11.884,12.793,10.24,10.24,12.545,14.22,15.555,13.294,14.586,15.098,12.793,14.39,12.389,12.545,14.618,10.885,13.625,13.294,23.569,24.258,26.695,27.328,26.485,26.772,26.261,26.967,26.772,25.295,25.847,25.035,23.185,23.914,21.775,19.535,20.072,20.638,20.036,18.565,19.139,20.615,18.874,20.179,17.4,17.142,18.838,17.964,19.734,19.535,10.588,10.495,10.109,9.8108,9.487,9.3955,9.5597,9.5711,9.6391,9.6515,9.4735,9.4006,9.4618,9.4428,9.6967,9.8389,10.314,10.494,10.299,10.307,10.502,10.593,10.589,10.518,10.412,10.335,10.412,10.462,10.473,10.588,10.172,10.03,9.5252,9.3276,9.1782,8.9084,9.1043,9.0772,8.9028,9.0681,9.0716,9.1602,9.3626,9.311,9.4764,10.105,10.168,10.114,10.203,10.165,10.354,10.197,10.26,10.3,10.158,10.189,10.304,10.18,9.9342,10.172,10.424,10.231,9.878,9.6658,9.3528,9.1821,9.3126,9.2312,9.1481,9.1497,9.1211,9.0758,9.1081,9.1173,9.4208,9.5812,9.7052,9.8685,9.8736,10.075,10.264,10.305,10.287,10.307,10.284,10.328,10.444,10.509,10.285,10.424
15.526,9.5225,12.533,15.543,17.175,16.512,17.652,16.174,17.601,18.778,17.879,19.619,19.435,17.322,17.879,16.079,12.533,13.545,15.882,17.376,16.174,14.471,16.946,15.543,17.481,15.234,14.366,14.184,12.996,16.447,15.806,12.075,13.672,16.079,16.619,16.079,15.882,14.869,16.079,15.116,13.502,13.502,12.64,10.745,12.194,8.8167,10.034,11.631,12.996,14.471,12.796,13.502,13.755,12.64,14.033,12.135,11.827,13.414,12.64,12.996,14.033,23.182,24.165,26.181,26.701,26.225,26.451,25.716,26.424,26.447,24.685,25.286,24.812,22.384,23.064,21.291,19.265,19.63,19.265,19.49,18.126,18.553,19.566,18.893,19.184,17.043,16.886,18.359,17.652,19.435,18.98,9.3665,9.1534,8.9403,8.6392,8.3342,8.2455,8.3949,8.4008,8.3983,8.3488,8.3356,8.2714,8.3189,8.1939,8.47,8.668,8.8763,9.1963,9.2265,9.2212,9.3151,9.3295,9.3905,9.3193,9.2533,9.3055,9.1991,9.3472,9.2896,9.3665,8.8058,8.7617,8.3755,8.2925,7.8926,7.7512,7.7937,7.8485,7.7427,7.5601,7.8202,7.8313,7.9863,8.1883,8.3221,8.7893,8.7452,8.855,8.8504,8.712,8.8311,8.9549,8.8811,8.8168,8.8676,8.8078,8.8113,8.6805,8.5552,8.8058,9.1987,8.9462,8.551,8.3898,8.1341,7.9617,8.0196,7.9505,7.9295,7.848,7.919,7.872,7.9009,7.8608,8.14,8.2942,8.4512,8.6356,8.6734,8.8281,8.9744,8.9623,8.9804,9.0804,9.0781,9.2019,9.2166,9.103,8.9931,9.1987
15.546,11.065,12.35,15.788,17.835,16.733,15.516,17.191,16.866,17.444,16.733,18.975,19.1,17.924,17.361,14.181,13.124,13.211,14.914,16.329,13.893,14.914,16.067,16.392,16.904,14.351,13.382,15.253,12.506,16.156,15.49,13.382,12.705,15.592,16.392,14.914,14.351,14.825,14.547,13.465,12.35,12.705,13.079,11.273,12.242,10.201,8.5263,11.537,13.382,14.284,11.537,10.454,13.211,13.255,14.579,11.904,11.273,14.351,11.537,14.855,13.211,23.043,23.845,26.655,27.187,25.974,25.516,25.831,26.342,24.914,23.8,24.825,24.819,23.211,22.778,19.666,17.699,17.924,18.893,18.787,16.866,18.222,18.834,19.199,20.069,17.361,16.655,18.882,17.294,20.454,18.33,9.5986,9.4187,9.1607,8.8495,8.5664,8.4316,8.4883,8.5134,8.5087,8.636,8.5017,8.4614,8.5146,8.3554,8.6016,8.8653,9.3089,9.4161,9.404,9.4391,9.6017,9.4939,9.6247,9.4248,9.5466,9.4197,9.4861,9.5311,9.4793,9.5986,9.0993,8.8513,8.7069,8.4436,8.2572,8.0795,8.0684,8.0116,8.0552,8.0043,8.1231,8.096,8.2446,8.3478,8.5928,8.9147,9.1861,9.3105,9.2893,9.3157,9.3593,9.2771,9.3001,9.4185,9.3835,9.3301,9.2359,9.1379,9.0331,9.0993,9.3694,9.1484,8.8712,8.6266,8.4407,8.2333,8.2096,8.113,8.1097,8.1851,8.0308,8.0189,8.0289,8.0011,8.2374,8.4499,8.6956,8.795,8.8711,9.0293,9.0924,9.0943,9.2466,9.2337,9.2322,9.3278,9.3378,9.2261,9.1891,9.3694
15.566,8.9736,11.145,14.261,15.868,16.833,16.345,15.672,17.271,18.682,17.96,19.419,18.72,15.963,17.716,15.138,12.43,12.834,14.905,16.555,14.935,15.023,16.833,14.935,16.965,14.994,13.204,13.666,13.666,15.44,16.236,12.586,13.292,15.023,15.596,15.596,15.596,14.364,15.138,15.333,13.292,13.462,11.617,10.281,11.617,8.8546,9.3121,11.421,14.261,12.376,13.292,13.666,13.936,13.204,13.462,13.159,12.785,12.43,11.145,12.43,12.834,22.328,23.91,25.093,25.639,25.951,26.026,25.203,26.161,26.662,24.601,25.547,24.434,22.013,22.953,20.911,19.419,19.746,19.009,18.606,17.112,18.135,19.534,17.637,19.009,17.165,17.112,18.581,18.149,19.891,19.656,9.776,9.5152,9.4181,9.1045,8.799,8.7789,8.6455,8.7701,8.7529,8.8363,8.744,8.6175,8.6471,8.5452,8.8179,9.0613,9.4493,9.6434,9.6766,9.5707,9.6364,9.6913,9.7971,9.8037,9.6859,9.6647,9.7698,9.786,9.7804,9.776,9.3055,9.174,8.7912,8.6808,8.3307,8.2644,8.133,8.1697,8.1802,8.1518,8.2829,8.4177,8.4545,8.4913,8.8235,9.0789,9.4587,9.4479,9.5614,9.4951,9.4364,9.3417,9.5139,9.5031,9.4647,9.4479,9.3558,9.1676,9.1607,9.3055,9.6102,9.3959,9.0972,8.8825,8.6709,8.4915,8.4551,8.414,8.3783,8.398,8.3682,8.3666,8.33,8.2867,8.5618,8.7115,8.893,9.1518,9.2426,9.3767,9.4672,9.4605,9.5366,9.5029,9.5798,9.7278,9.6587,9.601,9.4545,9.6102
15.586,9.2155,10.829,15.748,17.015,15.867,15.699,16.073,16.376,16.14,16.312,18.314,18.038,17.174,16.736,14.838,10.355,9.7271,14.164,15.748,14.164,14.809,15.343,16.073,17.361,15.154,13.195,14.927,13.063,17.015,14.267,12.737,12.226,15.575,17.069,14.809,13.726,14.334,15.042,12.489,11.324,12.689,11.887,11.324,11.324,8.2464,7.1743,10.829,11.52,14.267,11.324,12.226,13.195,14.023,14.809,13.569,11.887,14.927,11.324,14.809,12.489,23.365,23.268,26.452,27.118,25.885,25.335,25.492,26.084,24.853,23.664,24.378,24.324,23.365,22.728,19.649,18.038,17.789,18.471,18.782,17.804,18.865,19.226,19.269,19.86,17.937,16.717,20.097,17.682,21.175,19.226,10.007,9.7743,9.5176,9.2829,9.0053,8.9019,8.9197,8.9159,9.011,9.1191,8.9318,8.7919,8.8509,8.7906,9.0423,9.098,9.5854,9.9134,9.8818,9.8501,9.9151,9.9353,10.018,9.8823,9.8032,9.9157,9.9167,9.9867,9.9197,10.007,9.6385,9.4524,9.0973,8.8493,8.6558,8.4532,8.4668,8.555,8.5371,8.5522,8.4687,8.6761,8.7796,8.7354,9.0686,9.526,9.8868,9.8363,9.8953,9.8336,9.845,9.9807,9.9366,9.8093,9.856,9.5436,9.8032,9.6675,9.6646,9.6385,9.8795,9.6347,9.3594,9.1086,8.9374,8.7326,8.7303,8.656,8.6056,8.7071,8.5727,8.5112,8.5626,8.5581,8.7553,8.8937,9.1191,9.4445,9.4779,9.6389,9.8312,9.7049,9.8896,9.7613,9.8045,9.9341,9.9269,9.9007,9.7305,9.8795
15.606,7.4902,11.573,13.764,16.691,16.183,16.064,15.124,16.183,17.203,16.895,18.562,18.354,16.366,17.203,14.65,11.64,12.805,14.878,16.183,14.846,13.885,16.064,14.65,16.691,14.374,12.084,14.339,12.805,16.455,16.183,12.649,13.423,16.366,16.521,15.47,15.815,14.193,14.155,14.48,11.64,13.379,11.145,10.043,10.413,7.4902,8.8256,13.554,14.042,15.124,13.005,12.649,14.042,12.805,15.243,11.836,11.145,13.681,12.542,15.243,14.155,22.764,24.244,26.14,26.628,26.054,26.264,25.519,26.234,26.201,24.821,24.888,24.693,22.476,23.405,21.031,18.787,19.784,19.134,19.795,19.086,19.025,20.11,18.826,19.193,17.808,16.774,19.025,18.253,21.19,19.702,13.103,12.987,12.736,12.452,11.983,11.986,12.252,12.205,12.19,12.123,11.977,11.913,11.966,11.933,12.281,12.308,12.819,13.064,12.952,12.925,12.998,13.055,13.026,12.984,12.722,12.84,12.866,12.97,12.848,13.103,12.83,12.737,12.226,12.129,11.719,11.456,11.843,11.677,11.754,11.574,11.744,11.724,11.825,12.165,12.324,12.741,13.103,13.088,12.956,12.83,13.185,13.026,12.891,12.953,12.901,12.783,12.984,12.877,12.606,12.83,13.204,13.026,12.56,12.338,12.021,11.82,12.033,11.946,11.84,11.792,11.759,11.737,11.785,11.787,12.155,12.194,12.449,12.644,12.668,12.792,13.04,13.023,12.933,13.035,13.029,13.199,13.169,13.138,12.868,13.204
15.626,7.4018,10.412,14.116,15.4,16.515,15.557,14.866,15.805,17.63,17.072,18.263,17.921,15.829,16.85,15.099,12.546,12.746,15.099,15.211,14.619,14.116,16.306,14.866,16.433,15.099,12.794,12.546,12.794,14.984,16.108,11.825,13.295,13.934,15.924,14.896,14.896,13.934,14.116,14.221,11.885,13.295,11.944,9.7842,11.381,8.5668,9.3799,12.283,13.626,13.934,12.39,12.746,14.896,12.794,14.866,12.39,11.105,12.794,11.885,13.897,14.866,22.283,23.941,25.361,26.014,25.668,26.005,24.866,25.836,26.256,24.616,25.099,24.391,21.944,23.252,21.211,18.567,19.617,19.327,19.736,18.371,18.528,19.706,17.846,19.443,16.907,16.262,19.369,19.38,20.616,20.154,10.428,10.281,10.028,9.6795,9.365,9.2778,9.4328,9.5246,9.4927,9.434,9.4284,9.2839,9.3067,9.2399,9.5009,9.6759,10.011,10.336,10.23,10.146,10.345,10.389,10.225,10.193,10.094,10.165,10.264,10.515,10.221,10.428,10.032,9.7729,9.5155,9.2548,9.0349,8.8074,8.877,9.0054,9.0769,8.9543,9.1216,9.2268,9.3656,9.4034,9.6131,10.105,10.298,10.169,10.103,10.03,10.208,10.248,10.126,10.229,10.239,10.059,10.131,10.076,9.87,10.032,10.46,10.192,9.7803,9.6043,9.3608,9.1985,9.289,9.2354,9.17,9.0978,9.1651,9.1343,9.1305,9.0977,9.41,9.5415,9.7795,9.921,9.9964,10.137,10.301,10.375,10.271,10.317,10.349,10.602,10.6,10.511,10.32,10.46
15.646,8.3149,10.253,13.794,16.527,15.11,15.816,14.403,16.186,17.243,16.527,17.641,17.917,16.527,17.137,15.11,12.294,12.757,13.945,16.274,14.877,13.434,16.381,15.222,16.527,13.945,13.307,13.263,13.131,15.305,14.877,12.348,13.176,14.631,16.381,14.599,15.11,13.638,14.599,14.127,12.757,11.897,11.589,11.117,11.897,10.165,7.4132,11.117,13.638,13.945,13.131,13.434,13.794,12.402,13.517,12.806,12.806,13.794,13.263,13.945,13.307,22.882,23.927,26.01,26.351,25.305,25.56,25.266,25.876,25.478,23.851,25.096,24.58,22.976,23.198,20.356,18.488,18.945,19.284,19.786,18.006,18.578,19.947,17.872,18.945,16.785,16.937,19.718,18.382,21.117,20.148,10.609,10.618,10.276,9.9309,9.5354,9.4788,9.6847,9.6757,9.7222,9.6872,9.6243,9.5009,9.5159,9.5701,9.7724,9.7157,10.273,10.501,10.423,10.372,10.495,10.517,10.53,10.405,10.352,10.317,10.425,10.568,10.48,10.609,10.356,10.217,9.7292,9.5862,9.2599,9.121,9.2311,9.1388,9.3356,9.3328,9.326,9.3688,9.5656,9.6948,9.9826,10.432,10.581,10.643,10.41,10.492,10.523,10.515,10.553,10.582,10.487,10.49,10.606,10.534,10.197,10.356,10.677,10.443,10.082,9.8369,9.6184,9.4369,9.4909,9.4247,9.416,9.3885,9.3896,9.3424,9.3645,9.2807,9.6788,9.7071,10.034,10.195,10.253,10.391,10.505,10.525,10.45,10.505,10.666,10.763,10.835,10.702,10.492,10.677
15.666,9.2713,10.493,14.864,16.943,14.983,14.953,14.864,15.922,16.261,17.125,17.993,18.302,16.906,16.943,14.586,11.943,11.884,13.294,14.894,14.39,14.864,15.922,15.21,15.631,13.163,11.38,12.793,10.24,15.631,14.618,12.545,13.504,16.129,16.635,14.22,14.586,14.114,14.39,13.118,12.389,12.545,10.885,10.24,10.885,7.2301,5.8034,9.7828,12.793,13.782,11.38,12.545,13.933,13.421,14.22,13.251,10.24,13.504,11.884,15.21,12.745,23.185,23.54,26.175,26.663,25.639,25.276,25.083,25.847,25.143,24.248,24.98,24.858,23.189,23.091,20.108,17.417,18.261,18.933,18.838,17.417,18.566,18.874,18.728,18.261,16.368,16.849,20.072,18.37,21.485,19.705,9.1175,9.0822,9.0811,8.7219,8.524,8.3129,8.3162,8.3353,8.4597,8.4716,8.335,8.2614,8.124,8.0864,8.3082,8.4628,8.7661,9.0718,9.1103,9.1919,9.0125,9.0317,9.1538,9.0666,8.9986,8.9023,9.021,9.1221,9.0541,9.1175,9.0794,8.8033,8.4981,8.3574,8.2526,7.9711,7.9091,7.9077,7.9852,8.2466,7.9964,8.1081,8.1303,8.4364,8.7668,9.1939,9.4412,9.2248,9.2636,9.6329,9.4641,9.269,9.4474,9.3554,9.4608,9.5282,9.4482,9.3123,9.0232,9.0794,9.3556,9.1531,8.8677,8.5887,8.4538,8.2559,8.2052,8.1197,8.1285,8.1928,8.1091,8.0787,8.0485,7.9552,8.3071,8.4482,8.7297,8.8788,9.0116,9.1455,9.2309,9.1942,9.2165,9.3185,9.4307,9.6541,9.536,9.4054,9.2967,9.3556
15.686,9.411,10.917,15.015,16.401,15.378,16.228,14.65,16.337,16.882,16.464,18.126,17.77,15.432,16.206,15.562,11.856,11.975,14.65,15.562,13.965,13.453,14.927,14.252,15.588,13.283,12.368,10.917,11.856,14.897,14.927,13.657,14.423,14.147,15.86,15.588,14.897,13.657,15.13,14.355,13.326,13.928,11.975,7.4329,9.8153,7.2626,7.9071,12.314,13.326,13.814,11.916,11.345,13.814,10.917,15.324,12.577,11.345,12.314,12.826,14.927,14.423,22.536,23.905,25.175,25.751,25.588,25.955,24.986,25.86,26.466,24.57,25.242,24.619,22.298,22.688,20.647,18.126,18.559,18.953,19.347,17.263,17.516,19.474,16.727,18.239,15.955,15.787,18.598,18.965,20.443,20.273,9.5433,9.6394,9.2111,9.0494,8.6401,8.5133,8.6805,8.7315,8.7655,8.6323,8.6491,8.5211,8.5152,8.4277,8.6202,8.8168,9.239,9.5547,9.3984,9.3977,9.5944,9.5576,9.4643,9.5112,9.2479,9.1917,9.3741,9.5808,9.4658,9.5433,9.4157,9.0462,8.8102,8.5698,8.2381,8.1713,8.2017,8.2484,8.291,8.1884,8.2913,8.3043,8.4645,8.3865,8.7898,9.6358,9.4923,9.512,9.4759,9.5658,9.7901,9.6544,9.7904,9.6468,9.6895,9.5639,9.6833,9.481,9.3157,9.4157,9.6142,9.417,9.0435,8.8485,8.5172,8.3927,8.5101,8.4182,8.3985,8.3337,8.357,8.3356,8.2977,8.2021,8.4614,8.6392,8.9389,9.1362,9.1422,9.3018,9.3757,9.4122,9.4528,9.5514,9.6855,9.7413,9.8404,9.7159,9.4793,9.6142
15.706,10.481,10.873,14.378,16.292,15.619,15.387,14.378,16.502,17.077,16.931,17.847,17.405,15.91,16.292,13.613,12.533,10.873,13.238,14.208,12.781,13.92,14.852,14.208,15.28,14.606,11.931,11.3,9.259,13.491,13.238,12.732,13.282,15.815,15.517,14.852,14.941,14.208,14.208,13.613,12.533,13.409,11.872,10.228,10.228,7.3882,5.2796,10.481,11.368,14.102,10.398,11.872,13.409,12.533,15.085,10.873,11.092,13.282,12.533,15.543,13.238,22.732,23.613,25.517,26.356,25.543,25.517,25.502,26.056,25.803,24.451,25.586,24.728,22.732,23.034,20.602,18.801,17.338,18.081,18.553,17.059,17.405,18.249,16.931,17.616,15.334,16.116,18.667,18.096,20.674,19.79,9.888,9.8102,9.516,9.1694,9.0424,8.8204,8.796,8.8569,8.9552,8.9726,8.8907,8.7958,8.7222,8.741,8.9522,9.0475,9.4667,9.8335,9.6914,9.7953,9.7396,9.8402,9.8988,9.7188,9.6537,9.6574,9.6425,9.9262,9.7897,9.888,9.5433,9.2295,8.9958,8.7566,8.6287,8.5484,8.5184,8.4736,8.3172,8.3453,8.4328,8.4754,8.6475,8.6027,9.257,9.6583,9.9788,9.8042,9.7931,9.8945,9.8692,9.9118,9.9993,9.9809,9.9298,10.057,9.8617,9.6979,9.6648,9.5433,9.8725,9.6193,9.3315,9.1011,8.9201,8.7615,8.6805,8.6413,8.5905,8.63,8.5317,8.5449,8.5366,8.3895,8.6777,8.8411,9.0538,9.3006,9.4476,9.5964,9.5521,9.6245,9.7528,9.7155,9.9636,10.142,10.101,9.9382,9.7805,9.8725
15.726,10.86,10.469,15.185,17.118,15.267,15.185,15.505,16.236,16.28,15.267,17.118,17.393,16.104,15.375,13.871,10.216,7.8501,11.918,13.871,12.769,13.226,14.09,15.185,16.104,13.6,12.257,12.364,10.386,14.593,14.09,13.6,12.769,16.082,15.898,14.561,14.366,14.561,15.185,12.52,11.918,11.551,11.551,8.5409,10.86,7.3758,5.5306,9.2467,12.52,14.09,12.72,12.52,12.52,13.757,14.09,11.355,11.859,14.366,11.918,14.84,13.479,23.624,23.405,26.597,27.075,25.531,25.546,25.492,26.149,24.884,23.479,25.059,24.917,23.844,22.888,19.469,16.489,16.767,17.393,18.617,15.73,17.604,17.651,17.376,17.604,16.28,16.344,19.51,17.835,21.288,19.469,9.9804,9.9101,9.7299,9.3798,9.2073,8.9991,8.9353,9.0116,9.0806,9.1302,8.9577,8.844,8.7092,8.7933,9.1119,9.2024,9.5767,9.9499,9.9928,9.9034,9.9108,9.9708,9.9937,9.9024,9.8567,9.6539,9.6925,9.828,9.8069,9.9804,9.7736,9.4192,9.1727,9.0317,8.796,8.6352,8.4317,8.504,8.3892,8.5909,8.4886,8.6019,8.9097,8.8875,8.8884,9.934,9.9706,10.033,10.019,9.9727,9.7824,9.9483,9.9183,9.8934,9.8868,9.7972,9.7754,9.6944,9.5943,9.7736,10.094,9.8513,9.56,9.3177,9.1427,8.9846,8.8775,8.8323,8.773,8.8997,8.7156,8.7011,8.6519,8.5448,8.8812,8.9487,9.346,9.508,9.5595,9.7625,9.7082,9.7544,9.9164,9.9645,10.125,10.259,10.259,10.186,9.9829,10.094
15.746,10.277,11.141,14.151,15.019,15.329,14.931,14.151,16.341,17.267,15.959,18.339,17.108,13.818,15.566,13.932,11.141,10.922,13.331,14.623,12.318,12.426,15.383,14.151,14.623,13.331,11.417,10.448,10.277,12.781,13.541,11.861,12.582,14.623,15.134,14.931,15.329,14.427,14.871,14.427,12.582,13.662,11.861,8.9695,8.9695,7.9115,4.4269,10.922,12.426,13.288,11.417,10.922,12.318,12.582,13.818,12.426,9.4153,12.318,12.83,13.932,13.288,22.362,23.799,25.196,25.947,25.703,26.041,25.097,26.041,26.468,24.886,25.502,24.677,21.891,22.82,20.277,17.775,17.911,18.765,18.512,16.468,17.437,18.257,16.298,17.775,15.329,15.959,18.257,18.765,20.277,19.478,10.185,10.26,9.9209,9.6791,9.3742,9.1794,9.2897,9.3222,9.3865,9.3939,9.2128,9.1162,9.1524,9.0612,9.3083,9.4404,9.7781,10.1,10.088,10.149,10.202,10.155,10.088,10.084,9.7813,9.7901,9.9541,10.136,10.063,10.185,10.027,9.6455,9.4567,9.2942,9.0179,8.8924,8.9273,8.8892,8.851,8.7828,8.8956,9.0246,9.0272,9.3198,9.7274,10.143,10.188,10.295,10.101,10.205,10.299,10.219,10.16,10.283,9.9431,10.002,10.192,10.03,9.7842,10.027,10.371,10.132,9.7857,9.5613,9.3407,9.1706,9.2406,9.1011,9.0738,9.0653,9.0365,8.9657,8.9665,8.8512,9.2086,9.3521,9.579,9.7766,9.7979,10.001,10.164,9.985,10.112,10.256,10.257,10.577,10.547,10.447,10.122,10.371
15.766,11.371,11.095,15.089,16.764,15.546,15.201,14.974,14.945,15.201,15.546,17.984,17.116,15.622,15.283,12.536,7.8659,10.876,13.242,14.577,13.886,14.106,14.974,14.885,15.746,12.736,10.232,9.2625,9.774,13.616,13.285,13.773,13.285,14.974,16.252,14.856,15.089,14.609,13.773,13.285,11.875,11.815,10.232,9.774,10.402,8.5567,7.2213,11.567,11.567,13.242,11.371,12.784,12.536,13.285,14.211,12.273,10.232,12.736,10.876,14.381,12.536,23.519,23.628,26.359,26.874,25.65,25.5,25.528,25.988,25.165,24.321,24.912,24.826,23.136,23.181,19.841,16.764,17.474,18.805,18.557,16.423,18.099,18.401,17.851,17.955,16.187,15.283,19.263,17.729,20.41,19.607,9.0738,8.8041,8.7224,8.3833,8.0822,8.0554,8.1441,8.2479,8.1328,8.1774,7.9854,7.8334,7.8407,7.9157,8.0782,8.1459,8.7196,8.8641,8.8731,8.7726,8.8508,8.8801,8.8961,8.792,8.556,8.6887,8.7744,9.1819,8.9156,9.0738,8.7375,8.5265,8.3574,8.0805,7.7533,7.6954,7.643,7.6811,7.6032,7.6861,7.8008,7.6986,7.6343,8.0513,8.1502,8.7946,8.9374,8.9887,8.8477,8.8698,8.965,8.9659,8.8983,8.8763,8.7741,8.7098,8.8344,8.7684,8.6386,8.7375,9.2039,8.9428,8.6162,8.3709,8.1607,7.9672,8.0406,7.9264,7.871,7.9474,7.8178,7.7827,7.7789,7.7946,7.997,8.0922,8.4574,8.5878,8.5979,8.7791,8.8872,9.008,8.9579,9.0479,9.0494,9.2069,9.4357,9.3618,9.1066,9.2039
15.786,12.109,12.265,15.25,16.025,16.089,15.548,14.111,16.234,17.204,15.981,17.58,16.863,14.585,16.025,13.224,9.9608,13.014,15.25,16.356,13.94,14.703,15.25,14.111,16.493,12.971,11.544,8.2859,10.214,13.616,12.883,12.265,13.799,16.152,15.916,15.276,15.276,14.306,15.25,14.674,14.043,13.616,13.141,10.131,10.131,8.6531,8.6531,12.514,13.502,14.585,13.224,11.544,13.835,12.002,14.93,11.296,11.544,12.514,9.9608,15.276,13.94,22.744,24.023,25.981,26.437,26.168,26.383,25.669,26.715,26.489,25.08,26.044,25.276,23.061,23.653,21.296,18.486,19.255,19.9,19.522,17.58,18.13,19.455,17.396,18.594,15.524,15.643,17.713,17.349,20.359,19.425,9.2977,9.2647,8.9674,8.6473,8.3154,8.2534,8.3517,8.3721,8.3865,8.3514,8.2844,8.2322,8.2503,8.2126,8.3996,8.5993,9.122,9.1924,9.0753,8.9664,9.1005,9.1001,9.004,8.9079,8.8293,8.6088,8.9288,9.2316,9.1377,9.2977,9.0587,8.91,8.4871,8.3876,8.0148,7.9312,8.0274,7.9517,7.9516,7.8913,8.0463,8.0283,8.1975,8.3626,8.4997,9.0596,9.1326,9.1622,9.0864,9.0561,9.3377,9.2028,9.2084,9.1605,8.976,8.9955,9.0917,9.188,8.8857,9.0587,9.4224,9.1658,8.8208,8.6204,8.3209,8.1996,8.2766,8.2048,8.1219,8.1176,8.1189,8.0458,8.0736,8.0207,8.285,8.4044,8.6556,8.8399,8.8214,9.0242,9.2097,9.1153,9.2292,9.1178,9.3238,9.4103,9.521,9.4745,9.2539,9.4224
15.806,11.388,11.584,15.563,17.238,16.522,15.811,14.872,15.639,15.537,15.563,16.857,16.702,15.93,16.136,12.553,10.418,12.801,14.398,16.114,14.122,14.228,15.811,14.961,15.835,13.302,9.3863,11.951,10.248,14.228,14.398,13.903,12.752,15.93,16.913,15.217,15.105,14.842,15.354,14.228,12.289,13.171,13.302,11.892,11.112,5.8112,10.501,11.388,12.553,14.398,12.801,13.171,13.633,12.801,14.99,12.553,12.553,13.126,12.553,13.94,13.302,23.657,24.01,26.208,26.824,25.696,25.811,25.606,26.312,25.367,24.29,24.929,25.283,23.633,22.801,20.291,18.214,18.116,18.377,19.532,17.238,18.101,18.736,18.377,18.377,14.594,15.407,18.228,16.913,19.924,18.377,9.6932,9.52,9.3518,9.0543,8.6744,8.5234,8.8513,8.7508,8.7943,8.7759,8.6675,8.6532,8.7097,8.6349,8.8844,9.2011,9.5258,9.5287,9.3432,9.3154,9.5333,9.4807,9.4429,9.361,9.1194,9.1353,9.4504,9.563,9.5483,9.6932,9.2913,9.2389,8.961,8.6729,8.3479,8.1007,8.435,8.2289,8.2026,8.1383,8.3958,8.2894,8.4102,8.6535,9.1421,9.2143,9.6396,9.3858,9.3692,9.3605,9.4761,9.5614,9.5274,9.4684,9.2182,9.3076,9.4429,9.3852,9.2004,9.2913,9.7075,9.4502,9.1132,8.9191,8.6324,8.487,8.5831,8.503,8.398,8.439,8.3808,8.3144,8.3246,8.2941,8.5128,8.6341,9.0118,9.1095,9.1296,9.2541,9.4624,9.3741,9.4138,9.464,9.4508,9.6778,9.8718,9.7635,9.5608,9.7075
15.826,11.938,13.557,16.748,17.65,16.485,15.685,15.583,16.485,15.609,15.609,17.125,17.284,16.16,15.583,13.172,11.878,12.599,15.007,15.609,14.274,15.151,15.4,15.151,16.978,14.672,10.547,12.599,10.939,14.948,13.835,12.847,13.172,15.685,16.826,16.422,14.64,14.672,15.346,13.986,12.847,13.172,12.335,11.63,11.434,7.2838,8.3559,10.294,13.348,13.835,12.599,13.557,13.949,14.132,14.918,11.938,11.938,13.557,11.366,13.986,12.599,23.968,23.557,26.182,26.721,25.583,25.258,25.809,26.14,25.103,23.866,24.966,24.903,23.892,22.588,20.162,16.422,17.928,18.356,18.986,16.689,18.147,18.619,18.315,17.65,15.007,14.444,17.958,16.997,20.007,18.047,10.005,9.9127,9.6754,9.3055,9.0853,8.868,8.9334,8.9582,9.0598,9.0291,8.8985,8.929,8.8208,8.9056,9.1002,9.3458,9.8819,9.9512,9.8322,9.9046,9.8088,9.8812,9.9536,9.7698,9.7122,9.698,9.8805,10.036,9.8173,10.005,9.6234,9.4828,9.0822,8.8854,8.7686,8.6165,8.5342,8.4631,8.4014,8.7345,8.5939,8.5044,8.8851,8.7203,9.1954,9.6528,9.6087,9.9665,9.8136,9.9128,9.7864,9.7026,9.9215,9.6767,9.9082,9.79,9.6845,9.7767,9.3933,9.6234,9.8697,9.6326,9.3511,9.1133,8.9384,8.8188,8.7212,8.6121,8.5548,8.625,8.5675,8.4752,8.4455,8.342,8.6111,8.817,9.1399,9.3279,9.3005,9.556,9.4843,9.4461,9.5916,9.5246,9.7073,9.8042,9.8461,9.8828,9.6902,9.8697
15.846,10.4,14.104,16.684,18.083,16.684,16.895,15.545,16.185,17.22,15.519,17.727,16.914,14.068,15.389,13.493,11.302,12.534,13.771,15.621,14.209,14.38,14.854,14.38,15.912,12.734,10.875,11.369,11.933,14.38,14.38,13.283,13.493,15.519,16.118,15.199,15.087,14.104,13.771,14.854,11.873,11.933,12.378,11.369,11.369,8.555,10.142,11.873,14.209,14.104,13.771,13.108,13.411,13.771,14.104,12.534,10.875,12.783,11.933,14.38,13.153,23.031,24.068,25.58,25.993,25.073,25.766,25.141,26.364,25.798,24.271,25.073,24.515,22.61,22.976,19.849,17.618,17.864,19.228,19.261,16.932,17.727,19.004,17.864,17.953,14.884,15.545,17.665,17.22,19.694,18.251,10.506,10.253,9.9679,9.6378,9.2801,9.171,9.2107,9.3542,9.3162,9.3847,9.3259,9.2485,9.3358,9.2999,9.5498,9.6816,10.102,10.241,10.18,10.203,10.396,10.457,10.351,10.379,10.161,10.192,10.551,10.445,10.399,10.506,9.9252,9.5806,9.2982,9.1088,8.8618,8.6547,8.9386,8.9299,8.6142,8.9581,8.9858,8.8743,9.0853,9.1722,9.813,9.892,10.153,10.024,10.089,10.08,10.266,10.27,10.235,10.045,10.046,10.208,10.101,10.092,9.8248,9.9252,10.106,9.9041,9.546,9.3742,9.1529,9.0073,9.0259,8.9267,8.892,8.8613,8.8586,8.8087,8.7717,8.7406,9.0319,9.1626,9.3968,9.6442,9.6348,9.8007,9.9124,9.8589,9.8098,9.8604,9.9485,10.211,10.175,10.109,9.9568,10.106
15.866,11.841,13.311,15.82,17.417,16.212,15.939,15.939,16.145,15.939,16.212,17.5,15.771,14.236,15.546,13.267,9.2879,10.427,12.761,14.236,13.18,12.561,14.603,14.603,15.771,12.761,10.257,11.396,12.81,15.226,14.407,12.81,13.438,14.881,15.546,14.407,14.131,13.949,14.407,14.236,12.561,12.405,10.902,9.3951,10.169,5.5718,9.7994,11.841,14.095,13.949,11.592,13.438,14.407,12.561,14.603,10.51,11.901,12.298,11.592,14.603,13.438,23.206,23.901,25.607,26.05,25.708,25.479,25.408,26.334,25.653,24.489,25.212,24.735,22.561,23.126,20.599,17.936,19.551,19.51,19.458,17.754,18.658,19.751,17.98,18.386,15.114,15.939,17.754,17.159,19.395,18.89,10.74,10.509,10.156,9.827,9.501,9.4551,9.4659,9.4545,9.534,9.4881,9.4718,9.524,9.4878,9.4297,9.6892,10.022,10.41,10.64,10.556,10.604,10.692,10.587,10.751,10.638,10.507,10.461,10.738,10.663,10.496,10.74,10.209,9.7895,9.4976,9.2855,9.2565,9.0695,9.0229,8.9385,9.1245,9.0742,9.1083,9.2249,9.3658,9.3231,9.7102,10.124,10.434,10.281,10.325,10.219,10.409,10.328,10.518,10.391,10.271,10.266,10.15,10.073,9.92,10.209,10.402,10.141,9.8206,9.6421,9.4452,9.2977,9.2534,9.1644,9.2032,9.1565,9.1477,9.1652,9.0979,9.0468,9.337,9.4067,9.7565,9.9663,10.044,10.175,10.171,10.074,10.18,10.2,10.247,10.495,10.487,10.351,10.228,10.402
15.886,12.256,13.093,16.767,17.375,16.104,15.897,14.928,15.374,15.53,15.53,16.343,15.504,13.479,14.365,11.918,7.8495,9.7576,12.364,13.756,12.31,13.87,14.195,13.396,15.897,13.396,10.386,11.859,11.551,14.365,13.269,11.799,13.396,15.778,15.072,14.869,14.195,13.907,14.195,13.756,11.355,11.859,12.52,8.9075,11.355,9.3534,8.5403,11.355,11.355,13.093,13.093,11.918,14.053,12.52,14.365,11.079,11.859,13.87,11.355,13.6,12.719,23.532,23.814,26.081,26.29,25.522,25.643,25.171,26.061,25.53,24.385,24.957,24.593,23.226,23.269,20.837,17.099,18.908,19.257,19.499,18.277,18.813,19.509,18.54,19.353,16.406,16.767,18.344,17.879,19.709,18.74,11.045,10.833,10.416,9.9674,9.7505,9.5147,9.7205,9.659,9.7304,9.7564,9.6328,9.6963,9.6968,9.5929,9.9083,10.008,10.76,10.855,10.783,10.734,11.023,10.966,10.974,10.899,10.742,10.626,11.066,11.132,10.742,11.045,10.368,10.027,9.7597,9.6932,9.4362,9.1881,9.3111,9.1854,9.1554,9.2031,9.3622,9.5009,9.5996,9.5575,9.8227,10.331,10.557,10.555,10.564,10.37,10.48,10.502,10.435,10.481,10.163,10.287,10.19,10.161,9.9928,10.368,10.665,10.438,10.054,9.8538,9.6733,9.491,9.5861,9.48,9.4311,9.4304,9.3992,9.3834,9.4544,9.3608,9.7466,9.743,10.003,10.216,10.308,10.358,10.491,10.511,10.491,10.569,10.588,10.717,10.711,10.737,10.479,10.665
15.906,12.706,13.383,17.192,17.086,16.135,14.826,13.466,14.915,14.826,14.58,16.091,14.182,12.351,13.213,10.373,6.2229,9.2332,11.342,13.125,12.507,12.507,13.125,14.076,14.548,12.507,10.455,11.786,10.847,15.172,13.894,13.743,13.256,15.308,15.491,13.743,14.826,13.466,13.213,12.351,10.847,11.905,11.342,9.2332,10.202,6.2229,6.2229,11.274,13.213,12.507,13.08,12.507,13.466,12.243,14.944,11.538,11.066,13.587,11.846,14.944,14.076,23.662,24.108,26.164,26.26,25.69,25.673,25.302,26.135,25.427,24.094,24.856,24.551,23.251,23.08,20.943,18.331,18.502,18.8,18.976,18.07,18.976,19.496,18.07,18.331,16.068,16.068,17.837,16.597,19.607,18.056,9.7771,9.616,9.1591,8.7374,8.4562,8.2068,8.5821,8.5047,8.538,8.6374,8.5162,8.3711,8.3916,8.4535,8.7091,9.1795,9.6324,9.7811,9.7149,9.7429,9.9004,9.9285,9.8286,9.7923,9.5754,9.6732,9.7609,9.9752,9.6658,9.7771,8.9254,8.8695,8.5478,8.3257,8.0371,7.9647,7.9378,8.0809,8.1114,8.1591,8.1768,8.2442,8.3614,8.4611,8.7026,9.266,9.3656,9.2854,9.1401,9.0665,9.3395,9.5477,9.1403,9.2072,8.9148,9.0283,9.007,8.9201,8.8821,8.9254,9.4593,9.2551,8.8602,8.6886,8.3897,8.2525,8.4344,8.3686,8.3228,8.2685,8.3044,8.2011,8.2696,8.2558,8.592,8.5185,8.8956,9.0269,9.0517,9.1981,9.4397,9.4082,9.3509,9.3295,9.4314,9.4912,9.5964,9.6182,9.4074,9.4593
15.926,12.803,13.791,15.539,16.441,15.539,14.4,13.304,14.4,14.628,13.431,14.4,14.874,11.114,11.894,8.9426,5.3017,7.8845,10.421,12.803,11.586,12.555,13.431,14.596,14.628,13.128,11.953,13.304,11.114,15.107,14.23,11.953,13.431,14.23,13.905,13.128,13.905,13.261,12.399,12.291,10.421,12.399,9.7927,8.5753,9.2811,7.2399,7.8845,11.114,11.894,13.431,11.114,12.803,14.23,12.754,14.124,11.834,10.25,13.128,11.39,13.431,11.834,23.173,23.935,25.565,26.212,25.678,25.765,24.874,26.014,25.967,24.07,25.082,24.268,22.514,23.033,20.719,18.485,19.378,19.281,18.978,17.36,18.312,19.335,18.003,18.271,15.302,15.641,18.379,17.152,19.544,18.575,10.13,9.7029,9.464,9.0944,8.7247,8.4281,8.6752,8.727,8.7791,8.8461,8.7468,8.6158,8.6173,8.7131,8.8023,9.5806,9.8132,10.219,10.171,10.217,10.213,10.315,10.19,10.122,9.968,10.049,10.141,9.96,9.9421,10.13,9.3914,9.1639,8.8443,8.5902,8.4083,8.1997,8.243,8.3003,8.3161,8.3871,8.4999,8.5157,9.029,8.9105,9.1789,9.3885,9.6644,9.7373,9.7712,9.864,9.8998,9.7045,9.7461,9.687,9.5824,9.529,9.559,9.5157,9.3893,9.3914,9.7357,9.5006,9.1209,8.9191,8.6726,8.5187,8.6063,8.5326,8.5223,8.4782,8.4678,8.4437,8.432,8.4298,8.7055,8.823,9.0963,9.1891,9.22,9.3741,9.5602,9.5041,9.4532,9.5492,9.5535,9.6665,9.8185,9.8867,9.6119,9.7357
15.946,10.801,10.884,15.373,16.313,15.285,14.61,13.894,14.505,14.977,13.894,16.146,14.977,10.631,12.935,8.9561,5.9458,7.791,12.779,12.935,11.77,13.135,14.61,12.779,14.713,13.685,11.495,13.184,11.966,14.61,15.255,12.275,12.275,13.184,14.016,13.509,14.016,12.672,12.334,11.77,11.276,11.495,9.3233,8.2653,9.7691,6.6516,7.6207,10.631,12.935,12.935,11.276,12.672,12.779,11.77,14.016,13.184,11.77,12.779,11.495,12.726,12.275,23.685,23.984,25.731,26.424,25.946,25.564,25.542,26.301,26.059,24.784,25.344,24.494,22.501,23.071,20.472,18.354,19.07,19.264,19.662,17.533,18.31,18.93,17.533,18.128,15.736,15.92,17.987,17.163,19.323,19.156,10.274,10.196,9.5849,9.3025,9.0836,8.8202,8.847,9.0574,9.0532,9.1567,9.0497,8.8729,9.1013,8.8776,9.1827,9.5141,10.093,10.412,10.287,10.33,10.274,10.352,10.405,10.357,10.099,10.13,10.203,10.263,10.028,10.274,9.5371,9.2797,9.195,8.8332,8.7194,8.4541,8.2948,8.4037,8.2549,8.5702,8.6948,8.7611,8.8112,8.8915,9.2762,9.4084,9.8623,9.8914,9.8437,9.816,9.7096,9.7311,9.9184,9.754,9.7366,9.6026,9.5686,9.399,9.3001,9.5371,9.9301,9.7222,9.3731,9.1729,8.9298,8.7945,8.7674,8.7046,8.68,8.7075,8.6596,8.6271,8.5808,8.5299,8.8096,8.9844,9.2357,9.4604,9.5223,9.6592,9.679,9.6113,9.8901,9.7241,9.8421,10.052,10.013,9.9311,9.7315,9.9301
15.966,10.662,12.059,15.581,15.333,15.333,14.875,12.322,14.168,15.069,15.177,16.146,14.642,12.113,12.94,10.881,6.0384,9.0487,13.071,14.1,13.071,13.559,14.875,13.673,14.168,12.571,12.059,13.198,12.896,15.906,13.997,13.856,14.1,14.875,15.884,14.875,14.987,12.113,14.168,13.402,12.059,11.601,10.271,8.3429,10.881,8.3429,9.0487,12.166,13.559,12.322,12.896,12.059,15.333,13.559,15.7,12.522,12.571,12.571,12.522,13.892,13.028,23.497,24.563,26.225,26.722,25.979,26.209,25.505,26.217,26.316,24.542,25.733,24.554,22.575,23.015,21.008,18.543,19.016,19.56,20.138,18.317,18.253,19.579,17.871,17.871,16.082,15.532,18.745,18.71,20.759,19.579,10.451,10.391,10.106,9.7179,9.2793,9.1098,9.1348,9.3347,9.3889,9.4568,9.2132,9.2224,9.1379,8.9948,9.5463,9.9575,10.458,10.679,10.635,10.392,10.415,10.451,10.467,10.58,10.24,10.097,10.473,10.499,10.356,10.451,9.8644,9.697,9.2846,9.1049,8.9498,8.7414,8.86,8.817,8.8167,8.6796,8.9759,9.0868,8.8861,9.1685,9.6321,10.031,10.217,10.094,10.212,10.193,10.122,10.199,10.175,10.24,10.001,9.9284,9.9029,9.8305,9.7992,9.8644,10.217,9.9754,9.6319,9.4012,9.1617,9.0215,9.061,8.9273,8.9577,8.9732,8.9475,8.9532,8.9062,8.8118,9.1236,9.2308,9.5981,9.7703,9.8092,9.972,10.036,9.9695,10.102,10.078,10.226,10.387,10.409,10.316,10.114,10.217
15.986,10.217,11.69,14.76,15.729,14.026,13.431,12.142,13.057,14.424,12.599,15.61,14.424,13.057,11.119,10.3,5.6096,7.0363,12.599,15.016,12.599,14.026,14.671,13.885,14.671,13.1,11.749,12.925,11.186,14.789,13.057,14.196,13.1,15.61,15.935,14.7,15.016,13.588,14.671,12.351,11.69,12.088,10.91,10.691,9.9588,9.589,9.1847,10.3,12.599,14.392,12.195,14.392,14.424,13.431,15.016,13.227,11.749,13.92,11.749,15.361,11.186,24.088,24.392,26.465,26.904,25.81,26.006,25.477,26.164,25.384,24.213,24.867,24.76,22.969,22.718,20.492,18.108,18.346,18.945,19.741,17.681,18.62,19.959,18.448,18.644,16.238,15.912,19.088,18.012,20.669,19.131,10.957,10.681,10.304,9.867,9.4448,9.2994,9.6782,9.705,9.7967,9.7964,9.6813,9.5392,9.6309,9.6576,10.05,10.213,11.025,11.09,10.939,10.859,11.028,11.034,10.978,10.921,10.847,10.797,10.935,11.063,10.898,10.957,10.284,10.119,9.5573,9.3715,9.2396,8.9588,9.2512,9.0943,9.114,9.2556,9.0783,9.311,9.6662,9.9064,10.088,10.301,10.549,10.594,10.531,10.525,10.74,10.704,10.708,10.574,10.522,10.414,10.529,10.463,10.235,10.284,10.497,10.247,9.8783,9.6552,9.3669,9.2376,9.2942,9.2471,9.1869,9.1774,9.1644,9.1159,9.1304,9.1364,9.5069,9.4639,9.777,10.045,10.027,10.194,10.282,10.273,10.291,10.241,10.34,10.52,10.577,10.516,10.284,10.497
16.006,10.252,12.386,14.705,15.472,12.959,13.466,11.784,13.466,14.061,14.164,15.472,14.427,12.123,13.135,8.4065,5.6444,9.2196,11.725,13.262,13.623,13.135,14.735,14.427,15.371,13.004,11.154,12.634,11.665,14.705,13.774,13.345,13.736,15.051,15.133,14.061,14.459,13.92,13.623,12.634,11.221,11.221,9.6238,11.221,9.1123,9.6238,7.0711,9.6238,13.135,13.623,12.634,13.262,14.231,13.955,15.051,13.092,12.23,13.623,11.725,14.427,13.092,23.537,24.427,26.243,26.836,25.845,25.909,25.371,26.355,25.559,23.844,24.794,24.735,22.986,22.739,19.949,17.935,18.102,18.991,20.326,18.774,19.376,19.546,19.166,19.575,16.036,15.97,18.715,17.76,20.02,19.166,9.7401,9.5718,9.1048,8.8213,8.4172,8.3033,8.5704,8.5071,8.6316,8.6219,8.5849,8.4877,8.5168,8.5493,8.7044,9.0552,9.5404,9.8202,9.8599,9.8011,9.7778,9.8473,9.8394,9.8948,9.7052,9.5156,9.7897,9.9218,9.8154,9.7401,8.812,8.6849,8.3612,8.1677,7.9384,7.7362,7.9436,7.7809,7.8068,7.9168,8.0782,8.0463,8.2632,8.3732,8.7875,9.1638,9.2562,9.2491,9.0529,9.212,9.249,9.0928,9.0785,9.0447,9.1729,8.9748,8.9228,8.9858,8.6427,8.812,9.2494,9.0287,8.6783,8.5247,8.2485,8.0929,8.1474,8.0585,8.0424,8.0632,8.0549,8.0233,7.9936,7.9786,8.2832,8.3855,8.6921,8.8791,8.9075,8.9807,9.1393,9.0647,9.1136,9.1151,9.198,9.3196,9.4245,9.3534,9.1709,9.2494
16.026,8.7697,9.2155,13.462,14.935,13.77,12.382,10.722,13,12.63,12.63,14.227,14.057,13.618,12.63,8.6507,7.2374,8.4025,10.941,13.951,12.582,13.462,14.935,14.701,16.098,13.088,11.721,12.63,10.077,15.468,12.63,12.226,12.582,15.392,15.664,13.916,13.618,11.721,11.721,12.382,9.6198,11.721,12.382,9.6198,10.077,7.2374,6.098,10.941,12.382,13.341,12.582,12.226,14.423,14.057,15.592,12.382,12.226,14.057,10.722,15.129,13,24.214,23.71,26.654,27.105,25.871,25.555,25.575,26.141,24.701,23.229,24.731,24.758,23.595,22.697,19.99,17.756,17.465,18.098,19.61,18.246,19.372,19.873,19.279,19.945,16.351,16.098,19.696,16.908,21.067,18.758,9.8306,9.7009,9.3359,8.9028,8.671,8.5081,8.4858,8.7065,8.844,8.8018,8.815,8.5753,8.6375,8.7085,8.988,9.3918,9.65,9.9156,9.7314,9.8647,9.7452,9.81,9.9295,9.8285,9.6443,9.677,9.5977,9.7353,9.7037,9.8306,9.1071,9.0104,8.4939,8.4104,8.145,7.9987,8.0781,7.9331,8.1558,8.3298,8.08,8.3027,8.4767,8.7275,8.9608,9.2671,9.6085,9.5237,9.3705,9.4379,9.3412,9.484,9.4898,9.3719,9.3091,9.2837,9.2819,9.1522,8.9982,9.1071,9.5041,9.2496,8.9098,8.6957,8.4913,8.3217,8.2983,8.2362,8.2062,8.2804,8.198,8.2121,8.2178,8.1196,8.4168,8.5505,8.8035,9.1467,9.1511,9.2763,9.2772,9.2396,9.3364,9.2245,9.3864,9.5388,9.6004,9.5156,9.3282,9.5041
16.046,7.2433,8.8269,14.878,15.305,13.132,10.898,10.424,12.402,13.946,13.946,14.403,14.996,13.307,11.956,9.3917,5.5684,8.8269,11.393,13.176,12.349,13.517,14.907,14.966,16.119,13.434,11.837,11.589,8.9459,13.264,13.434,12.295,11.897,15.936,15.543,13.264,13.434,12.295,12.558,11.393,9.2845,10.424,10.166,10.898,9.3917,6.2742,5.5684,10.166,11.117,12.558,11.897,12.558,13.264,14.233,15.305,13.307,12.558,14.127,12.758,15.305,13.908,23.852,23.203,26.394,27.07,25.971,25.308,25.176,25.936,24.554,23.32,24.443,24.142,23.662,22.402,19.338,16.937,15.543,17.414,18.946,17.888,18.851,19.392,18.778,19.455,16.445,15.568,18.851,17.243,21.332,19.392,10.229,9.9228,9.6996,9.2722,9.0624,8.8602,8.9033,9.047,8.9693,9.1955,8.9622,8.8894,8.8,8.9004,9.2456,9.4368,9.8128,10.309,10.269,10.105,10.219,10.203,10.232,9.9754,9.8709,9.9039,9.9845,10.195,10.054,10.229,9.3874,9.232,8.8373,8.4883,8.4378,8.3008,8.2327,8.4271,8.4358,8.5827,8.5146,8.5195,8.7076,9.0307,9.1912,9.5655,9.9135,9.8117,9.7473,9.7628,9.8523,9.7367,9.866,9.6735,9.8451,9.6755,9.4692,9.5942,9.4967,9.3874,9.6974,9.4701,9.1747,8.8939,8.6672,8.5433,8.4826,8.4295,8.4053,8.4897,8.4246,8.3609,8.3546,8.2943,8.6292,8.6611,9.0917,9.4087,9.3849,9.5907,9.5284,9.489,9.6385,9.47,9.6668,9.8382,9.9114,9.8407,9.6216,9.6974
16.066,10.576,11.071,15.221,16.615,15.495,14.081,13.586,13.624,13.112,13.911,16.386,15.495,14.674,13.805,11.575,10.795,8.2566,11.071,13.195,13.195,12.942,14.014,15.322,15.995,13.112,9.4739,8.9624,7.5658,14.081,14.081,13.911,13.586,15.221,15.797,13.911,14.585,13.195,13.911,12.236,11.267,11.973,12.236,8.9624,8.9624,5.9521,5.4945,9.0696,12.027,12.436,12.484,12.484,13.624,13.112,14.901,12.236,12.436,14.674,13.805,15.519,14.789,23.939,24.443,26.89,27.161,26.433,26.122,25.84,26.215,25.269,23.823,24.633,24.887,23.129,23.019,20.009,16.205,16.059,17.897,18.808,18.166,18.897,19.425,18.659,19.425,16.464,15.221,19.307,18.061,21.756,20.306,10.742,10.46,10.049,9.6711,9.297,9.0972,9.0916,9.1305,9.381,9.3611,9.2381,9.0726,9.2174,9.1571,9.5302,9.8353,10.141,10.366,10.376,10.46,10.594,10.45,10.458,10.261,10.215,10.195,10.051,10.75,10.745,10.742,9.6499,9.4091,9.217,8.8975,8.638,8.6349,8.6012,8.5176,8.5921,8.5783,8.4731,8.6779,8.8944,8.8542,9.3157,9.5973,10.09,10.019,10.063,9.9763,9.9362,9.8785,10.091,9.9978,9.7484,9.5745,9.7764,9.6784,9.5344,9.6499,9.9333,9.6615,9.3745,9.1483,8.9337,8.7695,8.691,8.6405,8.6586,8.7002,8.6283,8.6168,8.5574,8.5318,8.7962,8.8972,9.346,9.6358,9.6705,9.8509,9.7622,9.7458,9.8828,9.8343,9.8886,10.097,10.138,10.071,9.918,9.9333
16.086,9.6626,11.365,14.977,16.772,15.726,14.376,12.673,14.287,14.316,12.926,15.683,15.345,13.501,14.821,12.167,8.2359,8.8008,10.526,11.704,11.811,12.585,12.716,13.355,14.376,12.167,9.9157,8.3549,6.8226,14.008,12.716,12.541,13.355,15.595,15.683,14.977,13.745,13.642,14.008,12.541,10.998,9.6626,10.998,9.9157,6.6523,7.2969,4.9774,8.3549,10.802,11.704,11.967,11.246,13.537,12.926,13.047,12.843,13.204,14.977,12.167,14.952,12.541,23.395,23.649,26.21,26.892,25.907,25.831,25.199,25.79,25.456,23.639,24.402,24.15,22.137,21.622,19.272,16.511,14.977,16.493,18.436,17.297,17.988,19.31,18.064,17.792,14.632,15.726,19.157,18.694,21.638,20.005,10.834,10.667,10.122,9.6968,9.5158,9.3066,9.1861,9.2674,9.3993,9.4039,9.3966,9.2381,9.251,9.2179,9.5221,9.6051,9.5721,10.194,10.423,10.49,10.457,10.413,10.367,10.191,10.109,10.017,10.215,10.824,10.633,10.834,10.106,9.7243,9.3662,9.2054,8.9679,8.8839,8.9031,8.8075,8.82,8.7814,8.8657,8.9499,9.0513,9.027,9.3886,9.8778,10.092,10.363,10.4,10.342,10.4,10.33,10.357,10.209,10.345,10.315,10.298,10.287,9.8994,10.106,10.174,9.8989,9.5419,9.3825,9.1539,8.9786,8.8944,8.8749,8.8358,8.8523,8.8808,8.7914,8.7354,8.6494,9.0417,9.0607,9.4582,9.7682,9.9163,10.038,10.004,9.9171,10.08,10.008,10.18,10.41,10.436,10.314,10.074,10.174
16.106,7.3909,9.7567,14.726,15.885,15.271,13.736,13.736,13.595,13.449,13.736,15.439,15.82,14.381,13.736,12.679,11.092,8.33,8.7876,8.7876,9.927,10.829,11.798,13.02,12.81,11.459,6.7464,6.9167,7.3909,14.102,12.81,14.102,11.092,15.071,15.271,14.726,13.141,13.631,13.839,13.412,10.896,9.927,10.401,9.7567,7.3909,6.7464,3.9064,8.8948,9.6689,11.798,11.459,12.767,12.261,12.261,13.631,13.906,11.798,13.631,12.679,15.071,13.412,23.073,23.869,26.097,26.715,25.831,25.52,25.38,25.797,25.254,23.508,24.614,24.375,22.376,21.558,18.831,15.623,14.726,16.641,17.818,17.391,18.056,18.281,17.991,17.886,15.439,14.134,18.831,18.082,21.71,20.099,9.2946,9.3235,8.9453,8.5649,8.2046,8.0655,7.9734,8.0611,8.0244,8.0566,7.8458,7.8105,7.7593,7.7638,7.9934,8.0044,8.3107,8.5403,9.0916,8.9819,8.9453,9.033,8.9842,8.9288,8.6293,8.5604,8.9143,9.2825,9.184,9.2946,8.6389,8.3896,8.1141,7.8729,7.6829,7.4391,7.5931,7.4345,7.5658,7.597,7.2747,7.6278,7.6171,7.9146,8.1878,8.3846,9.0075,8.8689,8.9414,8.9906,8.9065,8.8841,8.9666,8.8535,8.8193,8.9093,8.8911,8.7325,8.56,8.6389,8.9836,8.7213,8.387,8.1838,7.8968,7.7638,7.7611,7.6879,7.6227,7.6389,7.6236,7.5425,7.536,7.4338,7.7384,7.6488,8.2157,8.5585,8.6843,8.8175,8.9063,8.8229,8.9676,8.7526,8.9368,9.1949,9.2847,9.0603,8.8899,8.9836
16.126,3.9199,7.4045,12.648,13.92,13.644,11.354,12.951,13.425,13.311,13.644,14.929,15.452,14.148,13.462,11.919,8.8011,6.7599,7.832,10.91,9.7702,10.91,12.648,13.644,13.462,10.91,9.3126,7.4045,5.7908,13.155,14.394,10.634,12.951,14.394,14.483,15.452,15.085,14.116,13.425,12.323,10.634,10.91,9.7702,8.0953,7.832,7.4045,5.7908,6.9302,12.648,13.462,11.919,13.462,13.75,13.92,14.394,11.919,10.415,14.512,10.91,14.929,12.323,23.23,23.47,26.097,26.93,26.044,25.534,25.478,25.73,24.976,23.099,23.91,23.87,22.347,21.182,18.462,14.929,14.512,16.224,16.88,16.76,17.832,18.844,18.544,17.832,15.085,15.658,18.735,18.356,21.822,19.813,10.043,9.6654,9.4844,8.9962,8.7681,8.4831,8.4861,8.4993,8.6188,8.5817,8.4073,8.4008,8.3446,8.3016,8.4153,8.5739,8.5594,9.2924,9.6172,9.5471,9.7609,9.7185,9.8007,9.4996,9.627,9.63,9.4944,10.169,10.005,10.043,8.8627,8.525,8.5503,8.0955,7.8732,7.8757,7.813,7.7177,7.5699,7.5701,7.949,7.8425,7.9985,8.308,8.4577,9.0953,9.3836,9.3225,9.3124,9.1683,9.2455,8.997,9.1054,9.1996,9.0206,9.0596,9.0589,9.127,8.8825,8.8627,9.2365,8.9518,8.6221,8.4087,8.1893,8.0046,7.9282,7.8159,7.8037,7.8733,7.7994,7.7995,7.6831,7.7101,7.9298,8.0747,8.5646,8.8509,8.9995,9.0103,9.0627,9.0534,9.1048,9.1539,9.321,9.431,9.4955,9.3354,9.1539,9.2365
16.146,3.6118,8.0354,11.106,12.472,12.472,12.472,10.797,13.612,14.086,13.3,14.568,14.086,12.34,12.34,12.643,9.7151,8.6002,8.6002,11.611,10.107,11.046,12.472,11.966,14.514,11.106,11.106,8.1544,6.6221,13.003,12.643,9.4621,11.611,13.154,13.336,13.117,14.319,13.003,13.441,12.015,9.6324,9.7151,9.3743,8.6002,7.7872,5.4827,6.6221,10.602,11.767,11.611,12.725,14.204,13.3,13.154,13.117,12.015,11.767,12.015,12.847,13.84,12.516,21.843,23.441,24.86,25.819,25.235,25.526,24.812,25.341,25.382,22.906,23.808,23.094,20.261,20.602,17.787,15.025,14.853,16.572,17.081,15.994,16.572,17.95,16.622,16.572,13.808,15.049,17.215,17.081,19.74,19.836,10.636,10.276,9.6872,9.3079,9.0035,8.6991,8.9235,9.0351,9.0801,8.9764,8.8139,8.7345,8.8561,8.7446,9.1467,9.2939,9.5204,9.922,9.9808,10.088,10.331,10.168,10.232,10.165,10.107,9.8768,10.306,10.566,10.535,10.636,9.2285,8.9046,8.6046,8.4981,7.9707,7.9173,8.0157,7.9157,7.9863,7.8974,8.1599,8.4538,8.1299,8.5677,9.0631,8.9743,9.6195,9.6074,9.4281,9.3825,9.5017,9.4631,9.4473,9.4172,9.2871,9.3188,9.5041,9.4631,9.1047,9.2285,9.4615,9.2722,8.8328,8.6524,8.3809,8.1839,8.1942,8.1147,8.0265,8.051,8.0318,7.9923,8.0228,7.9401,8.2464,8.4167,8.6746,9.0284,9.1697,9.3012,9.2889,9.3555,9.3125,9.4247,9.3907,9.6619,9.6726,9.5769,9.3729,9.4615
16.166,6.0651,8.6178,12.949,14.39,12.73,12.46,12.46,13.699,13.933,14.638,16.431,15.203,13.055,13.699,12.339,9.939,9.3284,11.171,12.616,12.73,12.46,13.225,14.466,16.065,13.055,11.58,8.6178,6.0651,12.914,12.086,11.224,11.58,14.39,14.757,12.949,13.421,13.055,12.73,12.086,10.215,9.3284,9.939,6.0651,6.2354,6.7096,7.4004,10.778,11.38,13.729,12.73,11.953,13.225,14.39,16.235,11.58,12.256,13.421,10.411,14.365,13.818,23.023,22.924,25.53,26.704,25.897,25.861,25.349,26.034,24.891,23.009,23.242,22.999,21.633,20.385,18.53,14.757,12.768,15.607,16.695,16.185,17.709,17.849,17.204,17.4,15.53,12.949,18.213,18.074,21.122,19.254,10.955,10.488,10.112,9.657,9.35,9.0913,9.1486,9.2361,9.3947,9.3262,9.1043,9.0671,9.0325,9.1259,9.3422,9.7947,9.8372,10.199,10.12,10.289,10.257,10.279,10.411,10.293,10.432,10.05,10.141,11.245,10.958,10.955,9.2427,9.152,8.7951,8.6681,8.3954,8.3429,8.0709,8.0891,8.1209,7.9317,8.3563,8.3371,8.2209,8.9969,8.9976,9.4162,9.5847,9.7617,9.695,9.5099,9.2897,9.3768,9.3711,9.3537,9.4393,9.2618,9.4974,9.2906,9.2294,9.2427,9.6626,9.4475,9.1641,8.8872,8.696,8.4904,8.3743,8.2416,8.2031,8.2485,8.2455,8.1868,8.1604,8.0901,8.2777,8.5616,8.8545,9.3814,9.5264,9.5565,9.4529,9.4204,9.456,9.5155,9.7323,9.8811,9.9798,9.8716,9.5895,9.6626
16.186,5.8346,8.8449,12.367,13.989,13.417,13.532,10.258,14.189,15.069,15.34,15.577,15.34,13.387,15.129,10.318,9.814,8.6746,9.814,10.77,9.3192,8.8449,11.685,11.685,15.377,12.824,9.814,4.6952,5.8346,10.979,12.824,11.728,11.938,13.726,14.357,13.02,13.726,12.654,12.654,13.299,10.258,10.318,7.3669,4.6952,2.8243,4.6952,2.8243,9.814,10.377,12.824,11.227,11.685,13.299,11.685,12.329,11.553,10.377,11.728,11.179,12.548,11.938,21.36,22.824,24.408,25.633,24.983,25.692,24.612,25.436,25.15,23.469,23.532,22.566,20.583,20.476,18.928,15.069,13.052,14.63,16.294,15.664,15.283,16.804,14.802,15.226,13.417,13.417,17.749,17.355,20.042,19.205,11.268,11.13,10.207,9.9488,9.5596,9.3515,9.4587,9.5477,9.4745,9.4502,9.2293,9.1746,9.2522,9.232,9.5005,9.665,9.6516,10.033,10.161,10.404,10.474,10.533,10.538,10.455,10.244,10.107,9.5227,11.08,11.216,11.268,9.7762,9.422,9.203,8.8624,8.6333,8.5346,8.359,8.3254,8.3885,8.2961,8.4793,8.5653,8.8766,9.3622,9.4529,10.187,10.085,10.199,10.124,10.146,10.15,10.2,10.083,10.146,9.9573,10.035,10.124,10.076,9.7641,9.7762,9.8902,9.6589,9.3268,9.1209,8.8564,8.6388,8.6603,8.5134,8.4723,8.4007,8.4704,8.3454,8.3805,8.2753,8.6038,8.7222,9.1723,9.4901,9.5241,9.644,9.7663,9.641,9.6858,9.7821,9.8332,10.079,10.163,9.9841,9.7982,9.8902
16.206,3.2439,4.6572,11.972,13.244,10.678,11.189,10.797,11.598,12.148,12.786,15.049,14.253,13.472,11.243,9.7387,3.2439,6.7284,7.7864,8.125,6.0838,7.4192,10.166,12.104,13.074,12.357,8.125,4.6572,5.1147,11.972,12.017,9.2645,10.43,11.598,14.609,12.357,12.749,12.275,11.399,10.738,7.7864,9.9577,7.7864,6.7284,4.6572,3.2439,1.6469,4.4089,8.2323,9.0941,10.234,12.357,11.243,12.104,13.951,11.647,9.9577,11.243,9.0941,14.063,11.243,22.262,22.091,24.94,25.523,24.611,24.582,24.717,25.211,23.712,22.143,23.193,22.768,21.714,20.404,16.847,14.063,11.598,11.598,14.681,12.749,15.646,16.084,15.222,15.646,13.244,13.718,18.627,17.533,20.826,18.989,10.634,9.85,9.2354,8.9381,8.4755,8.2791,8.2478,8.4449,8.3756,8.4763,8.1539,7.9968,8.0385,8.1681,8.4629,8.474,8.8555,9.2292,9.3313,9.5986,9.8007,9.8493,9.7948,9.6364,9.5384,9.3855,8.8674,10.705,10.413,10.634,8.3381,8.1178,7.8318,7.564,7.3476,7.182,7.1217,7.128,7.1422,7.1358,6.9425,6.9304,7.6634,7.015,7.73,8.8355,9.1081,8.9746,8.6755,8.8158,8.7889,8.6887,8.6734,8.5086,8.4595,8.4227,8.3562,8.6212,8.2092,8.3381,8.6973,8.4655,8.1841,7.9303,7.6198,7.514,7.4318,7.2751,7.2319,7.2042,7.1681,7.0708,7.0784,7.0163,7.313,7.1557,7.6132,8.13,8.3674,8.5318,8.6015,8.5793,8.5632,8.581,8.8981,8.9545,8.9638,8.8729,8.5863,8.6973
16.226,4.413,6.0879,9.0982,12.362,10.238,10.801,10.742,10.434,12.639,12.972,15.119,13.692,12.639,12.753,8.1291,8.6406,5.1188,7.4233,9.0982,8.6406,7.4233,9.3513,9.0105,13.248,9.0982,7.4233,2.1085,6.0879,12.152,13.444,9.3513,10.238,13.248,13.078,12.483,12.362,12.109,12.152,12.109,8.1291,11.651,8.2363,7.16,4.413,4.413,1.1394,4.413,8.1291,8.1291,10.238,9.2685,11.976,11.193,13.722,10.742,9.7428,12.639,9.0982,14.257,11.976,22.047,22.333,24.596,25.552,24.815,24.449,24.944,25.156,24.249,22.918,23.396,23.291,21.074,20.615,17.119,13.722,11.403,12.152,13.444,12.021,13.752,15.707,15.119,14.987,11.247,13.248,17.064,17.333,20.067,18.939,11.241,10.691,9.8853,9.2157,8.8992,8.7775,8.8087,8.8278,8.8437,8.8385,8.5853,8.4228,8.3269,8.4783,9.0425,8.88,9.5029,9.559,9.4996,9.8008,10.347,10.218,10.562,10.275,10.095,9.8299,10.234,11.463,11.258,11.241,8.6497,8.3891,8.1405,7.9474,7.6686,7.4069,7.5235,7.5165,7.3101,7.2414,7.1348,7.0973,7.7448,7.2512,7.788,9.3552,9.3517,9.3218,8.9313,9.022,9.0952,9.0675,9.1861,8.8787,9.0477,8.8209,8.9106,8.5867,8.5907,8.6497,8.9541,8.7353,8.3529,8.1459,7.8617,7.6497,7.7301,7.5836,7.4415,7.4757,7.3503,7.2484,7.2178,7.2198,7.4424,7.3887,7.6159,8.264,8.3523,8.6364,8.8067,8.7766,8.6528,8.7637,9.0362,9.1884,9.2383,9.1072,8.8276,8.9541
16.246,3.175,4.5883,10.165,10.361,10.361,10.165,9.1956,12.036,12.566,12.079,14.612,14.34,13.005,12.289,10.165,7.3504,8.1634,7.3504,9.0253,6.015,7.0871,10.669,9.6699,11.067,10.361,8.0562,4.3401,6.015,13.005,10.728,9.6699,9.2784,11.067,13.005,11.067,12.206,11.948,12.41,12.289,10.165,7.5986,8.1634,8.5677,4.3401,-0.9747,-1.9438,4.0768,7.3504,9.1956,10.165,9.8889,11.067,12.41,12.717,10.361,9.8889,11.067,10.097,13.649,11.903,22.313,22.378,25.268,25.796,24.77,24.878,25.065,25.293,24.011,22.543,23.175,23.374,21.583,20.639,17.659,14.34,12.899,11.33,14.184,13.371,15.299,14.588,14.707,15.634,10.669,11.53,15.216,14.98,19.4,16.689,11.602,10.866,10.199,9.5398,9.0965,8.9698,9.1437,9.1931,9.1118,8.997,8.802,8.6783,8.7753,8.8128,9.0675,9.0402,9.5434,9.8252,9.7804,9.9163,10.412,10.623,10.497,10.432,10.361,9.994,10.555,11.591,11.405,11.602,8.7991,8.6571,8.3695,8.2672,7.8811,7.7612,7.7144,7.7617,7.5043,7.501,7.523,7.3895,7.4982,7.8208,7.6533,8.6582,9.1994,9.2002,9.299,8.733,9.0986,9.2274,9.0135,8.8634,8.5716,8.663,8.7918,8.8693,8.5664,8.7991,9.2954,9.0229,8.695,8.4392,8.1885,7.9824,8.0549,7.9042,7.7576,7.7495,7.653,7.5402,7.5463,7.512,7.7821,7.6562,8.0345,8.4523,8.5419,8.732,9.0157,8.8195,8.8869,8.9364,8.9908,9.3367,9.4582,9.3447,9.146,9.2954
16.266,-1.1567,2.8227,9.9827,10.952,11.961,12.317,11.961,12.317,14.466,14.466,16.207,15.701,13.353,13.686,10.952,9.8124,11.854,10.952,11.515,10.952,10.952,13.076,12.69,13.792,12.317,10.952,7.4467,3.9621,9.3548,11.148,8.5047,10.952,12.866,13.505,10.952,13.962,12.365,13.792,12.735,11.908,10.952,8.1375,6.8021,3.9621,3.9621,2.8227,8.1375,8.1375,10.065,11.515,10.952,11.854,12.117,10.885,10.676,8.1375,12.117,9.8124,12.866,11.456,22.317,23.411,24.655,25.826,25.889,26.219,25.745,26.404,26.515,24.782,25.163,24.436,21.908,22.193,19.725,18.138,16.345,15.876,16.267,15.767,16.207,16.972,15.833,15.399,12.365,9.7247,13.792,14.918,18.41,17.477,11.596,10.989,10.326,9.8602,9.3394,9.0794,9.0517,9.2453,9.3012,9.0895,9.0808,8.8612,9.018,9.0313,9.4579,9.4384,9.7581,9.8117,9.9573,10.167,10.414,10.424,10.42,10.464,10.273,10.232,9.8072,11.051,11.173,11.596,9.0755,8.9509,8.5586,8.4307,8.132,7.9063,7.878,7.9361,7.8903,7.6646,7.7052,7.7537,7.773,7.7447,8.3044,9.1304,9.4714,9.5412,9.2822,9.5,9.2335,9.2052,9.52,9.2175,8.9012,9.3066,9.1072,9.1002,8.9742,9.0755,9.5806,9.3097,8.9485,8.7533,8.4731,8.2882,8.3262,8.2251,8.0772,7.9427,8.0341,7.9125,7.9143,7.8437,8.1114,8.1331,8.2705,8.7905,8.8106,8.9585,9.098,9.1025,9.0037,8.975,9.0209,9.2614,9.6437,9.6003,9.4297,9.5806
16.287,-1.168,4.8526,10.054,11.445,10.665,11.95,10.665,14.179,15.192,15.116,16.504,16.255,13.675,13.951,12.106,11.445,12.982,13.342,13.186,12.679,12.811,12.855,13.064,14.77,12.679,11.842,6.7908,-0.1989,8.832,8.9392,8.832,12.305,12.354,14.147,12.982,12.811,15.09,14.543,12.982,11.842,13.064,10.941,8.1262,6.9611,1.8423,5.1159,5.1159,5.8217,9.3435,9.8011,9.3435,10.941,9.8011,12.106,11.95,8.4934,8.9392,9.8011,12.811,10.941,22.095,23.552,24.757,25.912,26.009,26.255,25.565,26.929,26.798,25.026,25.354,24.425,22.354,22.679,19.633,18.126,16.632,16.911,16.791,14.907,15.822,16.978,15.483,15.09,13.064,9.9714,13.493,13.639,17.405,17.654,12.34,11.442,10.823,10.006,9.6255,9.3121,9.4012,9.5472,9.719,9.5409,9.45,9.4877,9.5138,9.4353,10.061,10.231,10.348,10.5,10.612,10.576,10.74,10.87,10.936,11.045,10.801,10.785,10.351,11.204,12.019,12.34,9.2185,9.0948,8.7813,8.6395,8.4685,8.3054,8.2288,7.8355,7.989,7.8948,7.8616,7.7969,7.9477,7.6815,8.8364,8.8628,9.4296,9.2878,9.2111,9.4562,9.4175,9.3963,9.3021,9.3021,9.1175,9.4085,9.2444,9.2784,9.0598,9.2185,9.7443,9.4745,9.2341,9.031,8.7641,8.5863,8.4861,8.3751,8.2755,8.2587,8.2253,8.2221,8.1054,7.9374,8.183,8.3157,8.4397,8.8135,9.0013,9.1097,9.0382,9.0878,9.0983,9.0415,9.1064,9.2027,9.7747,9.7587,9.5453,9.7443
16.306,-7.2603,5.75,8.8675,11.432,11.825,10.593,10.869,13.114,14.353,14.587,17.037,16.432,15.411,15.044,11.771,10.869,12.282,12.652,12.783,11.373,12.034,12.607,10.801,13.422,10.869,9.8997,6.8894,2.7397,10.593,9.9824,12.034,10.869,13.603,14.383,13.384,13.114,13.879,13.603,14.075,12.234,12.74,11.432,8.8675,6.8894,6.8894,2.7397,4.7809,6.7191,8.8675,5.0442,8.7603,9.7294,10.869,12.034,7.7912,8.7603,9.7294,8.8675,13.879,12.91,23.11,23.354,25.806,26.439,25.787,26.021,25.956,26.762,25.92,24.649,24.699,24.859,23.328,23.082,20.198,17.597,16.432,15.044,16.184,15.411,15.595,16.281,17.117,15.793,13.114,10.869,13.709,13.879,18.803,16.719,10.835,10.314,9.5409,8.8322,8.4679,8.178,8.1939,8.3643,8.3978,8.5024,8.1879,8.0564,8.1467,8.0274,8.5105,8.7575,8.8976,9.0202,8.9207,9.0484,9.1313,9.4271,9.5951,9.5933,9.3211,9.195,8.9958,10.634,10.666,10.835,7.8894,8.0757,7.6015,7.5709,7.294,7.1088,6.9773,6.8936,6.7493,6.7643,6.6925,6.559,6.7699,6.3845,7.2661,7.2337,8.0422,7.8854,8.1196,8.1766,8.0967,8.1198,8.3403,8.0892,8.0092,8.0323,8.0554,7.788,7.8663,7.8894,8.5152,8.2283,7.9637,7.7718,7.5697,7.3447,7.3459,7.1932,7.1304,7.1374,7.0402,6.9836,6.9753,6.8018,7.0063,7.1096,7.2651,7.6431,7.7219,7.9347,8.0193,8.0564,8.0518,8.1019,8.2062,8.5377,8.7321,8.5008,8.438,8.5152
16.327,-0.26712,1.7741,8.7638,11.068,11.435,10.805,11.774,13.425,13.607,14.357,16.342,16.417,15.296,14.59,12.286,11.317,12.286,11.881,13.425,12.237,9.6451,10.377,11.317,14.446,12.237,9.9032,8.7638,2.2856,11.435,12.743,11.774,10.805,12.611,13.883,14.079,13.425,14.446,15.32,13.388,11.881,12.655,12.037,11.881,8.871,3.8826,1.7741,2.7432,7.3672,8.4252,9.2753,9.2753,11.068,12.996,12.611,12.037,8.871,12.914,11.068,14.475,12.037,23.061,23.255,25.85,26.8,25.668,26.096,26.098,26.766,25.721,24.269,24.957,24.59,23.373,22.276,19.81,18.058,17.168,15.753,16.128,15.124,16.187,16.617,16.723,15.022,13.883,12.237,15.753,14.11,19.227,17.485,10.574,9.915,9.3975,8.983,8.3771,8.3465,8.4724,8.5429,8.4539,8.4075,8.2855,8.1909,8.2251,8.106,8.6189,8.7449,8.8708,9.028,9.1403,9.3057,9.3368,9.5215,9.7306,9.7,9.5658,9.7312,9.4111,10.322,10.292,10.574,8.5205,7.9315,8.0314,7.6632,7.3747,7.4504,7.2154,7.1658,7.2265,7.2535,7.0968,7.0482,7.237,7.1911,7.4012,8.1167,8.1712,8.748,8.7205,8.9401,8.8148,8.6243,8.8803,8.7529,8.6342,8.6962,8.5157,8.5914,8.3945,8.5205,8.7004,8.4781,8.1988,7.9937,7.8231,7.6532,7.5708,7.4072,7.3348,7.3095,7.2611,7.2221,7.1684,7.0493,7.337,7.4079,7.5683,7.8672,8.0888,8.2605,8.2779,8.2578,8.3979,8.1944,8.4411,8.603,8.6993,8.7217,8.5612,8.7004
16.346,-0.31216,2.6981,7.3221,12.61,9.6878,12.192,10.827,12.566,14.43,14.312,16.572,16.22,14.43,14.739,11.836,12.241,11.271,12.566,12.741,11.271,10.827,11.836,10.827,14.657,12.868,9.8582,9.6878,5.0026,11.331,10.551,11.836,11.39,14.312,14.034,13.343,14.342,12.698,15.003,13.838,12.566,12.741,10.551,8.7187,6.8479,8.0129,2.2406,8.0129,6.6775,8.3802,9.2303,9.2303,11.729,11.992,13.229,12.868,11.729,12.698,10.827,13.229,12.241,22.685,23.838,25.623,26.325,25.898,26.327,26.216,27.259,26.466,24.657,24.807,24.166,22.543,22.392,19.25,16.931,16.797,15.961,15.708,15.554,16.296,17.307,16.678,16.848,12.241,13.229,16.083,14.977,18.941,18.261,10.139,10.585,9.6605,9.0824,8.743,8.4605,8.6141,8.6594,8.7054,8.5994,8.3943,8.2875,8.2646,8.2141,8.5909,8.7463,8.8705,9.0912,9.1611,9.0633,9.3849,9.3429,9.5223,9.5578,9.4489,9.2514,9.1093,9.5941,10.068,10.139,8.5911,8.3945,8.0615,7.9723,7.8568,7.5841,7.6178,7.5854,7.382,7.4248,7.4413,7.3806,7.3607,7.7707,7.5673,8.642,8.636,8.7835,8.8395,8.7451,9.2795,9.1703,9.0224,8.9235,8.9364,8.8098,8.8805,8.647,8.5869,8.5911,9.0727,8.8307,8.4982,8.2995,8.0645,7.8782,7.8746,7.7979,7.6665,7.6103,7.5617,7.5316,7.5378,7.4589,7.6957,7.6994,7.9888,8.3101,8.3401,8.6199,8.7616,8.6762,8.7381,8.794,8.8851,9.0251,9.2043,9.2475,9.0337,9.0727
16.367,-0.74015,3.2392,7.8632,10.399,11.368,10.399,11.301,11.932,13.107,13.614,14.971,16.503,13.77,13.282,10.229,8.554,11.093,10.482,12.782,11.093,10.229,12.27,11.813,13.41,12.733,11.564,7.8632,3.2392,11.932,11.564,10.229,9.7714,14.379,14.208,13.614,13.884,13.492,13.282,13.77,12.27,12.27,11.932,10.229,7.389,6.2495,4.3787,2.2701,9.7714,8.9213,8.2907,10.399,10.482,10.399,12.782,10.229,9.3671,11.368,11.872,13.614,11.301,22.523,22.644,25.859,26.346,25.198,25.159,25.24,26.045,24.971,23.41,23.641,23.77,22.569,21.142,17.537,15.62,15.086,15.198,15.911,13.884,16.184,16.761,16.117,16.357,12.733,12.27,14.942,14.883,18.717,17.339,11.452,10.845,9.9741,9.6471,9.1815,8.9646,9.0181,9.0394,9.1486,9.0805,9.0534,8.8059,8.8738,8.8962,9.2961,9.5391,9.845,10.07,10.112,10.199,10.288,10.324,10.643,10.697,10.582,10.457,10.473,11.173,11.186,11.452,8.8724,8.8134,8.5191,8.3357,8.0666,7.9411,7.8045,7.7443,7.6717,7.8299,7.4491,7.5088,7.577,7.7842,8.0645,8.4867,8.8359,9.0607,8.9784,8.9047,9.2539,8.9341,9.171,9.0565,9.1394,8.9318,8.9279,8.9913,8.6173,8.8724,9.3214,9.0983,8.7588,8.5071,8.2755,8.1153,8.0665,7.8961,7.7911,7.8262,7.7468,7.6263,7.6413,7.6275,7.9614,8.0075,8.1589,8.4537,8.5601,8.8609,8.9582,8.9351,8.9241,8.8949,9.0965,9.0971,9.3477,9.305,9.1498,9.3214
16.387,1.8587,2.8278,10.957,12.696,12.322,12.871,12.322,14.195,14.195,14.923,15.772,15.838,15.838,14.163,12.122,10.071,10.957,11.859,14.163,11.966,12.74,13.472,12.871,13.51,12.37,12.322,11.153,8.5098,11.461,12.122,12.37,12.828,15.132,15.881,14.441,14.441,15.132,14.56,13.202,11.153,12.74,12.122,10.462,8.9556,3.9672,1.8587,6.9775,6.9775,9.8175,6.9775,9.3599,8.9556,11.461,13.202,11.52,12.828,12.322,10.071,13.797,12.122,22.998,23.308,26.027,26.89,25.645,25.892,25.911,26.595,25.645,23.917,24.242,24.53,22.901,21.549,18.451,16.008,14.441,14.163,15.208,14.675,16.272,15.945,15.5,15.5,13.472,12.871,16.008,15.706,19.35,17.422,11.365,10.905,10.179,9.7979,9.4684,9.2032,9.1923,9.1762,9.126,9.3367,9.2699,9.0605,9.0644,9.0294,9.355,9.572,10.065,10.125,10.205,10.423,10.174,10.417,10.783,10.743,10.729,10.496,10.376,10.944,11.067,11.365,9.0022,8.9569,8.7969,8.5489,8.3403,8.2571,8.05,7.9228,7.8145,7.8383,7.8582,7.8518,7.7885,7.8576,8.3312,9.0889,9.0611,9.2266,9.1989,9.1712,9.0705,9.1983,9.4427,9.3527,9.2539,9.194,9.1957,9.022,8.8404,9.0022,9.5214,9.3189,9.0279,8.7855,8.578,8.3991,8.2535,8.1136,8.0621,8.0414,7.9721,7.8441,7.8464,7.7059,8.0184,8.0997,8.408,8.7863,8.9629,9.1298,9.1062,9.1439,9.1988,9.1197,9.4359,9.5202,9.5963,9.5451,9.4057,9.5214
16.407,-7.5565,2.4435,8.1255,13.125,11.136,9.6863,13.125,13.088,13.413,14.057,15.388,16.282,15.561,13.779,11.738,10.769,10.505,12.311,13.088,11.582,12.974,13.088,13.413,14.057,12.444,12.974,12.487,4.4847,11.017,10.573,11.738,11.136,14.057,13.516,14.027,13.583,14.485,14.403,12.311,12.487,11.738,12.614,7.0675,7.495,6.5932,3.5829,4.748,6.5932,11.738,8.4641,10.769,10.297,10.769,11.474,11.474,10.573,11.017,9.4332,14.175,12.697,22.487,22.97,25.893,26.459,25.322,25.281,25.584,26.411,24.801,23.271,23.782,24.066,22.697,21.28,18.066,15.02,14.175,11.077,12.487,13.088,14.539,14.948,15.322,14.403,12.487,11.986,16.282,14.824,18.343,17.301,12.209,11.647,10.605,10.144,9.6217,9.6357,9.4557,9.5396,9.6655,9.6875,9.5758,9.5479,9.6599,9.5946,9.9591,10.182,10.623,10.891,10.805,11,11.078,11.293,11.419,11.441,11.401,11.235,11.302,11.889,11.789,12.209,9.5492,9.2961,9.0146,8.7319,8.5324,8.4572,8.4551,8.2199,8.1525,8.2205,8.0439,8.1185,8.1265,8.3075,8.3053,9.2818,9.5247,9.6682,9.5893,9.7883,9.8074,9.9435,9.8983,9.7756,9.7179,9.7158,9.6406,9.583,9.4163,9.5492,9.892,9.6172,9.3113,9.0542,8.8223,8.6671,8.5991,8.4801,8.3338,8.3286,8.2373,8.1704,8.0921,8.0668,8.3281,8.285,8.6425,8.9754,9.3012,9.4058,9.5858,9.612,9.6029,9.4835,9.6686,9.8321,9.9532,9.9053,9.8058,9.892
16.427,-4.1302,-4.1302,8.1743,10.989,10.989,12.727,11.89,13.723,15.164,13.829,15.87,16.733,15.138,15.164,11.433,10.102,10.989,10.989,13.999,12.727,13.03,14.473,12.353,15.164,13.999,13.03,12.353,5.4122,10.494,11.493,10.02,9.8492,12.86,14.443,12.86,14.706,13.234,14.473,14.443,11.493,11.552,9.8492,10.494,5.4122,-0.1508,1.8904,3.9989,10.102,10.494,11.552,10.494,10.989,11.552,13.504,12.154,10.713,13.234,11.185,12.86,11.998,22.54,23.246,25.585,26.486,25.557,26.166,26.092,27.029,26.319,24.195,24.518,24.53,22.521,21.54,18.891,15.164,12.772,10.989,12.727,13.829,14.562,15.531,15.412,16.458,12.86,13.39,14.901,16.123,18.25,17.703,6.5445,10.134,8.7664,8.1549,7.6756,7.5811,7.3402,7.2339,7.2059,7.1135,6.956,6.6698,6.4231,6.3044,6.5338,6.4747,6.7688,6.9682,6.8795,6.836,6.6684,6.5872,6.7497,6.5624,6.4261,6.1618,5.8538,6.0751,6.1426,6.5445,8.0999,7.8739,7.5925,7.4529,7.3134,7.135,7.1025,7.0538,6.8311,6.9763,6.8884,6.914,6.8712,6.9946,7.8203,8.0025,8.3091,8.5033,8.3241,8.6127,8.571,8.5457,8.5537,8.4876,8.3924,8.239,8.3396,8.3071,8.1288,8.0999,8.6066,8.3346,8.0321,7.8119,7.5679,7.3786,7.4183,7.2416,7.1484,7.0077,6.9963,6.89,6.896,6.7022,7.0458,7.0332,7.3187,7.5567,7.96,8.2258,8.385,8.4255,8.4514,8.3594,8.3526,8.7815,8.7555,8.6596,8.5041,8.6066
16.447,-0.1466,-0.1466,6.8431,11.497,11.497,11.895,12.358,13.034,13.546,14.003,17.209,16.843,15.808,15.44,12.358,10.106,11.949,13.238,15.012,13.833,14.711,14.003,13.833,15.981,13.546,13.238,12.864,4.0031,9.7657,10.106,10.717,12.002,13.394,13.692,14.003,14.711,13.508,14.596,13.727,13.117,12.358,10.926,8.1785,7.4877,4.0031,1.8946,5.874,8.4267,10.498,9.3958,9.7657,11.497,11.556,11.949,11.895,11.895,12.907,10.717,12.002,12.406,22.328,22.971,25.421,26.127,25.57,25.647,26.164,26.626,26.063,24.414,25.078,24.228,22.406,21.515,18.981,14.596,15.012,14.596,14.905,13.692,16.519,16.537,16.963,16.738,14.596,14.477,15.981,14.477,18.022,17.351,10.197,10.143,9.3417,8.9289,8.665,8.432,8.4729,8.3064,8.5052,8.3781,8.4563,8.3254,8.238,8.1659,8.476,8.7851,9.0962,9.3942,9.379,9.4736,9.6382,9.5628,9.671,9.6482,9.6873,9.3972,9.3508,9.8847,9.8862,10.197,8.4158,8.133,8.0473,7.7179,7.5794,7.4372,7.3342,7.2772,7.2797,7.2045,7.2219,7.1858,7.168,7.0406,7.7707,8.4906,8.6914,8.7503,8.8679,8.6882,8.7471,8.9109,8.8416,8.7439,8.8028,8.6819,8.6411,8.5686,8.3257,8.4158,8.9229,8.5853,8.3911,8.1425,7.8895,7.743,7.7318,7.5553,7.4148,7.4633,7.3718,7.2697,7.1993,7.1564,7.4602,7.5251,7.7664,8.229,8.4667,8.6716,8.7934,8.7058,8.7432,8.5127,8.774,8.7731,9.0055,8.8991,8.8098,8.9229
16.467,-0.13229,-0.13229,6.8574,12.746,11.57,11.007,12.42,12.878,12.921,13.523,15.996,16.857,15.888,15.888,14.245,11.909,10.731,13.847,14.492,13.409,14.919,15.55,14.492,16.476,14.837,14.725,12.746,5.8883,10.731,9.4101,10.512,10.512,13.847,14.213,12.746,14.837,14.522,14.492,12.172,11.203,11.511,11.451,8.8986,7.502,5.4307,-4.1117,7.502,9.0058,11.511,11.203,12.878,13.742,12.746,14.017,11.203,11.57,13.523,10.121,11.57,12.42,22.921,22.955,25.661,26.141,25.582,25.805,25.624,26.263,25.856,23.93,24.699,24.293,22.44,21.384,18.193,16.533,15.258,16.419,17.997,16.752,17.502,19.515,18.393,18.465,15.932,14.837,16.419,14.245,17.487,16.57,11.071,11.045,9.6288,9.0942,8.6737,8.4656,8.6375,8.6499,8.7241,8.8619,8.7221,8.5859,8.7403,8.7148,8.8421,9.3453,9.5509,9.9378,10.009,9.9913,10.079,10.077,10.149,10.173,10.159,9.9508,9.9056,9.8347,10.684,11.071,8.9842,8.719,8.2774,8.1017,8.034,7.661,7.5607,7.5954,7.5145,7.4418,7.3826,7.5005,7.5813,7.4236,7.5632,9.6786,9.0572,9.0861,9.3147,9.2555,9.1177,8.928,9.145,9.198,8.8365,8.6754,8.9802,8.8659,8.7382,8.9842,9.1515,8.91,8.605,8.3861,8.1916,8.0064,7.9254,7.8424,7.7558,7.7262,7.6765,7.5788,7.6521,7.5296,7.8083,8.0471,8.3374,8.6607,8.6817,8.9362,8.8427,8.842,8.8568,8.7881,8.6974,8.8542,8.8308,9.0911,8.9016,9.1515
16.487,-0.4898,-7.4795,3.6599,11.551,10.846,11.094,10.846,12.388,13.051,13.49,16.175,15.638,15.784,15.376,12.063,10.65,11.154,11.815,13.49,12.564,13.051,14.367,13.49,16.042,14.134,12.433,11.605,3.6599,9.0526,9.6805,8.6483,11.659,13.051,14.562,14.479,14.562,12.774,13.051,13.384,11.551,11.551,9.4225,6.4999,8.2025,2.5205,2.0629,6.6702,8.2025,10.374,10.155,11.551,11.213,11.815,12.774,12.388,10.846,10.374,9.5102,12.774,12.52,22.053,22.699,24.815,25.837,25.025,25.192,25.255,25.964,25.199,23.402,23.963,23.969,22.201,21.768,19.306,15.701,15.964,15.701,17.144,15.964,17.911,18.965,18.203,18.915,15.531,14.252,15.073,14.104,17.378,16.412,12.982,11.634,10.162,9.4015,9.2255,8.8814,9.0272,9.0503,9.3028,9.4501,9.5516,9.5043,9.4799,9.4017,9.8816,10.122,10.574,10.91,11.198,11.321,11.255,11.467,11.728,11.667,11.793,11.611,11.512,11.61,12.421,12.982,8.6678,8.6465,8.3597,8.3722,8.0939,7.8869,7.6008,7.7986,7.7132,7.7016,7.6009,7.6799,7.5792,7.3598,8.0591,8.2801,9.0202,9.2004,9.0322,9.2851,8.9593,9.0151,9.1563,8.9732,8.8705,8.75,8.843,8.6516,8.5453,8.6678,9.4402,9.1651,8.9398,8.6802,8.4562,8.3054,8.2336,8.0675,8.0741,8.0415,8.0342,7.9719,7.9522,7.8008,8.0869,8.3415,8.6609,9.0755,9.1106,9.2731,9.2425,9.1741,9.2515,9.0235,9.1545,9.25,9.3179,9.4186,9.4426,9.4402
16.507,1.5327,-7.4982,3.6413,9.4915,8.5224,12.502,12.044,12.672,13.574,12.876,15.619,16.668,15.006,15.555,12.755,11.796,10.631,10.355,11.796,11.135,11.796,12.545,12.876,14.234,13.365,12.502,9.7446,4.8063,9.034,8.6297,10.136,10.355,12.672,14.145,12.672,11.996,13.365,14.597,11.796,10.136,10.631,11.64,10.355,5.5121,7.1258,-1.4776,4.8063,9.4915,10.355,7.1258,8.5224,11.194,10.631,13.033,12.37,10.631,11.194,8.5224,13.184,9.6619,21.832,21.872,24.806,25.878,24.716,25.079,25.192,26.014,24.977,22.9,24.303,23.891,22.361,21.223,18.125,16.376,15.682,14.781,16.652,14.781,16.481,17.607,17.359,17.621,14.349,13.033,14.234,14.116,17.817,16.175,7.1642,8.4333,9.5049,8.6152,8.6352,8.1537,8.0318,7.9963,7.892,7.8817,7.6415,7.3673,7.2437,7.0691,7.3741,7.132,7.3152,7.442,7.4496,7.3558,7.3361,7.2108,7.3034,7.1184,6.9007,6.5477,6.1096,6.6266,6.8916,7.1642,9.0734,9.1638,8.8333,8.4481,8.3856,8.1324,8.0447,7.9116,7.9064,7.8445,7.7593,7.6911,7.6686,7.8177,8.2962,8.4772,9.2838,9.4585,9.4673,9.5333,9.3926,9.3254,9.3911,9.1095,9.2373,9.2563,8.9917,9.2548,8.9066,9.0734,9.6911,9.4457,9.1565,8.9432,8.6763,8.4924,8.4785,8.3199,8.1691,8.257,8.147,8.022,8.0536,7.9874,8.3075,8.2897,8.5737,8.9526,9.0055,9.3071,9.3087,9.2753,9.3069,9.1879,9.1757,9.2739,9.6047,9.483,9.4295,9.6911
16.527,2.5155,-4.4742,5.5258,10.15,10.15,12.383,11.089,12.559,12.058,13.655,15.779,15.633,14.247,15.46,13.485,8.6434,9.5052,11.149,12.516,11.546,11.208,11.81,12.559,14.664,12.686,11.546,8.5361,3.655,10.645,12.559,10.369,11.546,13.16,11.81,12.686,13.655,13.883,14.159,14.247,12.89,12.769,10.369,8.0786,7.1395,3.655,-7.4845,2.5155,5.5258,9.0477,8.1975,10.15,9.5052,9.5052,12.058,11.208,8.1975,10.15,10.369,12.559,11.149,21.6,22.428,24.314,24.782,24.771,25.519,25.269,26.127,25.832,24.123,24.896,24.129,21.769,21.886,19.444,16.336,16.037,15.46,15.371,13.655,15.187,16.114,15.187,15.633,14.099,10.15,12.009,13.197,16.665,16.682,7.1066,8.0181,8.1442,7.7235,7.4103,7.0351,7.1157,6.8779,6.9043,6.7641,6.8293,6.5664,6.4866,6.2524,6.5917,6.3234,6.8819,6.9031,6.9922,6.9764,6.9374,6.9836,7.1132,6.9859,6.7351,6.522,6.1844,6.8985,6.8827,7.1066,7.7004,7.7639,7.3957,7.3899,6.9598,6.972,6.887,6.5875,6.5299,6.6866,6.3639,6.4709,6.252,6.3474,6.6158,7.6797,7.8339,8.1679,8.0003,8.1777,8.0836,8.179,8.0114,8.0236,7.8707,7.5612,7.7974,7.8021,7.4836,7.7004,8.4659,8.17,7.8822,7.7093,7.3828,7.229,7.2685,7.0942,6.9906,6.9627,6.9252,6.8407,6.7734,6.681,6.8415,6.9662,7.1951,7.6133,7.646,7.7539,7.8808,7.9393,7.9326,7.9125,7.9696,8.0542,8.39,8.4554,8.2325,8.4659
16.547,-1.4848,-4.4951,3.634,10.129,9.6546,12.665,9.7374,11.068,11.789,11.789,15.548,15.439,15.35,14.138,10.624,8.5152,10.624,10.348,12.869,12.665,12.495,12.869,12.538,15.047,14.342,11.525,12.748,6.6443,12.538,11.128,10.624,11.068,14.108,13.176,13.464,14.138,13.83,13.358,12.748,9.6546,10.624,10.348,7.8094,4.7991,2.4946,4.7991,4.7991,4.5358,11.187,8.0576,11.128,10.348,10.624,12.037,12.407,9.7374,11.525,10.624,12.495,12.748,21.789,22.212,24.56,25.825,24.913,25.516,25.278,26.344,25.498,23.484,24.279,24.138,22.602,21.905,19.197,16.872,15.505,14.108,15.047,14.226,15.047,16.016,15.612,16.474,12.538,12.362,14.226,13.83,17.613,17.104,6.4948,7.7259,8.369,8.2367,7.6896,7.3498,7.3198,7.2584,7.1374,7.1458,6.9251,6.7563,6.6026,6.4322,6.5757,6.5753,6.8236,7.0937,6.9548,6.9116,6.9112,6.721,6.7756,6.8573,6.4408,6.1779,6.0236,6.1596,6.3082,6.4948,8.0826,7.9223,7.5544,7.5502,7.248,7.1422,7.0391,6.9087,6.993,7.018,6.8063,6.7366,6.9016,7.1069,7.0409,7.6183,8.609,8.8647,8.4148,8.2952,8.4372,8.4206,8.3509,8.4054,8.4425,8.4361,8.1948,8.1075,8.089,8.0826,8.7059,8.4411,8.1228,7.9081,7.6857,7.4873,7.4943,7.3443,7.2478,7.1772,7.1915,7.0846,7.0967,6.9338,7.272,7.2338,7.447,7.7299,7.8573,8.2182,8.2297,8.274,8.3495,8.3246,8.3267,8.3167,8.6321,8.7204,8.6324,8.7059
16.567,-1.4495,3.6694,7.5814,10.383,11.824,12.024,10.855,12.072,13.669,14.233,15.202,15.647,14.809,13.669,9.5196,8.2119,10.659,12.024,14.834,12.53,13.865,14.834,14.834,15.202,14.571,14.173,13.865,9.4319,11.163,10.659,9.7727,10.855,12.398,15.202,13.499,13.394,13.669,13.175,12.904,11.103,11.163,10.659,7.8447,6.5093,-7.4701,1.5608,6.6797,9.4319,10.383,9.4319,11.668,11.103,11.163,11.824,11.222,11.668,12.783,9.69,13.669,12.024,21.935,22.303,24.91,26.119,24.928,25.54,25.439,26.339,25.276,23.537,23.907,24.262,22.573,21.86,19.195,17.806,15.202,14.377,14.91,13.212,15.202,16.762,15.974,16.052,15.034,12.904,15.583,13.865,17.754,16.509,10.912,10.543,9.7829,8.9165,8.4355,8.2557,8.5558,8.6028,8.6285,8.7463,8.5661,8.4489,8.4567,8.5555,8.6501,8.9567,9.6113,9.7907,9.959,10.006,10.079,10.229,10.353,10.261,10.255,10.12,10.13,10.203,10.458,10.912,8.2978,8.2908,7.8996,7.6992,7.4069,7.369,7.3149,7.302,7.1464,7.1688,7.2585,6.897,6.9021,7.5215,7.3944,8.6961,8.6244,8.9434,8.5837,8.4053,8.811,8.6526,8.7423,8.6812,8.4657,8.4724,8.371,8.4117,8.0738,8.2978,8.9177,8.7199,8.3781,8.1537,7.9118,7.7293,7.7775,7.5946,7.4612,7.4337,7.4486,7.2817,7.296,7.2629,7.5449,7.3924,7.7039,8.1758,8.3035,8.3936,8.565,8.647,8.644,8.5851,8.6938,8.701,8.8321,9.0128,8.8327,8.9177
16.587,3.6729,1.5644,8.6614,10.663,12.577,12.446,10.859,12.076,14.265,14.236,16.407,16.354,13.503,13.215,10.859,7.1575,6.6832,10.663,13.503,12.908,13.673,13.673,12.908,15.544,14.147,12.446,12.704,7.1575,10.663,11.107,9.6935,11.828,11.564,13.503,13.606,13.503,12.787,12.908,10.859,10.387,11.828,9.0656,5.0862,4.5747,2.0759,1.5644,6.5129,8.2155,11.107,9.4355,11.167,12.027,9.5232,13.178,10.859,10.859,11.226,10.168,12.027,12.446,21.802,22.379,24.8,25.458,25.205,25.821,25.423,26.173,26.007,24.001,24.599,23.872,21.944,21.964,19.355,16.831,16.188,14.236,16.354,16.055,15.918,17.157,15.587,16.7,14.38,13.215,15.205,13.503,16.911,16.407,11.596,10.865,10.048,9.2763,8.9675,8.7256,8.8284,8.9048,8.9097,9.1073,8.8906,8.9183,8.8372,8.9612,9.2614,9.2791,10.105,10.427,10.482,10.37,10.644,10.643,10.729,10.878,10.653,10.594,10.649,10.714,11.219,11.596,8.6836,8.4118,8.0581,7.9495,7.8788,7.8081,7.656,7.4186,7.417,7.3208,7.3796,7.2321,7.4452,7.1946,7.7295,9.0497,9.4427,9.1689,9.0835,8.8329,9.009,8.8904,9.0086,9.021,8.6105,8.6554,8.4847,8.8042,8.3756,8.6836,9.2127,8.9782,8.6089,8.4432,8.1481,7.9834,8.0369,7.8793,7.7574,7.693,7.7147,7.6091,7.5718,7.4918,7.8152,7.8652,8.1567,8.4592,8.5757,8.7351,8.844,8.8335,8.7488,8.7865,8.7033,8.9025,9.0908,9.1841,9.1099,9.2127
16.607,1.5292,5.051,7.8131,7.1223,9.488,11.191,11.636,10.352,11.132,11.636,14.647,14.082,14.593,13.362,11.132,5.5086,5.051,6.4777,9.7411,11.132,12.751,11.636,11.529,13.866,12.041,11.529,10.133,5.051,6.4777,9.6583,9.0304,9.7411,13.467,14.879,11.793,12.542,13.029,12.498,8.6262,10.352,10.627,8.1803,6.4777,4.5395,-0.51198,-0.51198,4.8028,8.1803,11.191,10.627,9.488,9.488,11.793,11.793,9.488,10.627,10.627,8.5189,13.57,11.529,22.979,22.542,25.221,26.479,25.005,25.388,25.616,25.972,24.418,22.804,24.121,24.331,22.606,21.072,18.262,15.051,14.54,14.803,17.152,15.509,16.648,16.648,16.923,17.107,13.143,13.029,14.345,12.041,17.454,16.318,12.054,11.14,10.471,9.7172,9.3256,9.2202,8.8158,8.8885,9.028,9.2154,9.0868,9.0688,8.9402,8.9023,9.1096,9.018,9.9966,10.795,10.803,10.823,10.775,10.814,11.117,11.016,11.002,10.874,10.662,10.938,11.737,12.054,8.7316,8.5313,8.2441,8.1695,8.0016,7.735,7.6575,7.3472,7.2141,7.5544,7.5257,7.7778,7.5573,7.4555,8.4608,9.0024,9.3254,9.457,9.2132,9.259,8.8909,8.789,8.9701,9.0218,8.8432,8.7238,8.7329,8.4337,8.5117,8.7316,9.3954,9.05,8.8454,8.6122,8.4328,8.2868,8.0943,7.9812,7.9207,7.9833,7.915,7.8551,7.7877,7.6276,8.0451,8.0963,8.5105,8.6681,8.9422,9.0716,8.9667,8.8793,8.9551,8.9398,9.1154,9.3332,9.2823,9.2717,9.3241,9.3954
16.627,7.529,2.4775,8.4981,8.1596,7.1015,8.6054,8.1596,10.331,9.0097,10.607,11.772,14.18,12.478,11.616,9.6376,3.617,4.782,5.0303,9.4672,8.6054,10.112,11.111,11.17,12.521,11.772,8.1596,8.6054,-7.5225,6.4569,8.1596,11.772,11.616,13.617,14.18,12.39,13.341,13.008,12.478,11.17,9.6376,10.539,6.4569,5.0303,2.4775,-0.53276,-4.5122,2.4775,7.7923,9.0097,7.1015,8.6054,9.3795,10.112,12.345,9.4672,9.4672,11.772,8.4981,12.731,11.616,22.911,23.167,25.794,26.287,25.261,25.712,24.895,25.927,24.262,22.635,23.813,23.62,22.139,21.081,17.767,14.324,14.756,14.18,15.658,14.782,16.577,17.19,16.644,16.298,12.478,12.731,14.756,12.731,17.754,15.422,12.206,11.77,10.871,10.128,9.7741,9.1689,9.3307,9.1422,9.4011,9.4845,9.4181,9.2157,9.1249,9.0421,9.2361,9.5127,9.841,11.053,11.081,10.935,11.116,11.023,11.433,11.054,11.117,11.091,10.701,10.698,12.013,12.206,9.3438,8.9385,8.707,8.4484,8.3957,8.0872,7.8935,7.7422,7.6895,7.8945,7.8741,7.7982,8.2238,7.6843,8.1099,8.3558,10.03,9.7359,9.7367,9.4601,9.5121,9.405,9.5676,9.3875,9.395,9.319,9.3199,9.347,9.1727,9.3438,9.6237,9.308,8.9899,8.78,8.5363,8.3483,8.275,8.1485,8.0692,8.116,8.0132,7.9924,7.9573,7.8109,8.1378,8.1629,8.4835,8.8839,9.0266,9.1761,9.2373,9.1202,9.1157,9.0401,9.2228,9.3681,9.4265,9.485,9.4992,9.6237
16.647,7.8541,4.5805,8.2213,9.0714,6.5187,8.5599,8.6672,8.2213,9.7821,11.232,14.153,14.271,13.403,12.539,11.232,4.5805,2.5393,4.5805,8.5599,11.834,10.864,11.57,9.529,14.153,11.232,12.082,9.0714,-0.47098,5.5496,7.8541,8.6672,9.529,12.452,12.583,10.668,13.184,14.153,13.611,11.834,9.0714,11.113,8.2213,6.6891,3.6788,-0.47098,-0.47098,5.092,6.5187,10.864,9.0714,8.6672,8.1023,10.864,12.539,9.529,8.5599,11.232,10.864,11.834,9.0714,21.994,22.926,25.097,25.813,25.111,25.488,25.097,25.691,25.218,23.28,23.761,23.665,21.834,20.978,18.405,15.044,14.581,13.875,15.211,14.818,16.061,16.213,16.431,16.061,12.407,11.232,14.498,14.242,16.964,16.837,11.236,10.802,9.6614,9.3152,8.5201,8.1507,8.3935,8.2584,8.4108,8.3344,8.3931,7.9457,8.0214,7.8831,8.1719,8.1474,9.065,9.3391,9.6131,9.6685,9.8007,9.6879,9.962,9.8555,9.748,9.715,9.5254,9.4777,10.717,11.236,8.1971,7.9453,7.5204,7.3371,7.2207,7.0519,7.0907,6.8908,6.8265,6.6466,6.8272,6.7094,6.8492,6.5662,6.9443,8.0902,8.2708,8.6313,8.7352,8.529,8.8203,8.4266,8.684,8.5041,8.5049,8.5437,8.4173,8.5444,8.0932,8.1971,8.4626,8.2297,7.8424,7.6474,7.3554,7.1309,7.2253,7.1005,6.947,6.9418,6.9626,6.8056,6.7571,6.7332,6.968,6.9758,7.3729,7.6461,7.7365,7.9945,8.0917,8.032,7.9684,7.9967,8.0705,8.0301,8.4012,8.5589,8.3144,8.4626
16.667,8.603,8.1987,10.763,9.2309,9.3137,8.1987,8.0915,10.644,11.365,12.445,15.455,15.334,13.803,14.451,13.714,9.9242,5.0812,7.7529,10.2,9.3137,9.2309,10.2,11.939,13.803,12.114,10.644,11.209,4.3754,9.3137,9.9242,8.0915,9.9242,11.209,12.071,13.21,13.406,12.753,13.04,12.071,11.613,10.396,8.1987,9.0606,4.3754,-4.9188,-1.9085,4.6236,5.0812,10.2,8.9729,9.7052,11.565,11.209,11.365,11.565,10.2,12.071,8.603,14.112,9.9242,22.956,22.693,25.521,26.211,25.328,25.804,25.423,26.294,25.715,23.46,24.079,24.211,22.324,21.746,18.436,16.496,15.334,16.221,17.04,16.303,17.36,17.295,17.081,16.558,12.899,13.04,14.219,14.949,18.059,17.081,11.75,11.247,10.036,9.4636,8.8383,8.8563,8.4956,8.6677,8.7367,8.8624,8.7127,8.5762,8.5302,8.4026,8.7644,8.9507,9.3554,9.6927,10.288,10.521,10.452,10.624,10.717,10.811,10.737,10.687,10.648,10.928,11.53,11.75,7.9895,8.1169,7.8518,7.598,7.4373,7.131,7.189,6.9215,6.9582,6.853,6.7866,6.8572,6.6034,6.7169,6.6768,7.9625,9.2483,8.4996,8.412,8.3932,8.4886,8.3817,8.4341,8.6051,8.3119,8.1293,8.1105,8.1472,7.8622,7.9895,8.6591,8.4534,8.0933,7.8877,7.6057,7.4541,7.4765,7.306,7.2362,7.2347,7.1933,7.1358,7.1327,7.0519,7.3516,7.4763,7.6927,8.0482,8.1473,8.114,8.2721,8.2258,8.2344,8.142,8.3486,8.3944,8.6927,8.6733,8.5097,8.6591
16.687,4.5094,4.7727,4.7727,7.0922,9.3702,10.321,10.102,10.597,12.468,11.606,14.112,15.346,13.835,14.2,10.597,9.711,6.4476,8.596,9.6282,9.4579,10.102,11.499,10.793,13.15,11.499,11.101,10.102,4.7727,6.4476,6.6179,9.4579,9.4579,11.762,11.606,13.608,12.011,12.842,13.15,13.332,10.102,10.597,9.4579,9.0003,4.5094,4.7727,1.4991,6.4476,7.0922,9.711,9.4579,10.597,9.0003,11.962,12.468,10.102,11.962,10.793,9.4579,12.511,10.53,21.778,23.131,24.876,25.98,24.906,25.285,24.945,25.839,25.14,23.475,23.97,23.755,21.737,21.378,18.489,15.853,15.14,14.082,16.635,16.067,17.077,17.311,16.618,15.99,12.842,9.4579,12.639,12.999,17.311,16.701,12.388,11.719,10.315,9.2658,8.7323,8.513,8.8799,8.6127,8.8613,8.9853,9.1048,8.9846,8.9254,8.9709,9.1413,9.3955,9.6871,10.313,10.661,10.588,10.982,10.937,11.375,11.199,11.336,11.171,11.02,11.027,11.929,12.388,8.4678,8.3388,7.8493,7.7659,7.5088,7.4354,7.3367,7.16,7.1772,7.1962,7.064,6.9176,7.1104,6.5178,7.2774,8.3323,8.705,8.9566,8.8124,8.8198,8.6734,8.5999,8.566,8.5219,8.6316,8.5389,8.2499,8.224,8.0529,8.4678,8.9347,8.6411,8.3098,8.1595,7.8569,7.696,7.723,7.6093,7.4935,7.4773,7.4955,7.3293,7.3341,7.2545,7.526,7.5572,7.9475,8.2573,8.4363,8.4484,8.6161,8.4728,8.4612,8.4672,8.3565,8.7321,8.918,8.9217,8.826,8.9347
16.707,-8.3796,-1.3899,9.4737,11.114,10.759,11.62,11.664,10.651,10.915,12.448,15.005,15.966,15.275,13.925,10.915,8.6101,8.7804,8.6101,9.7495,11.664,12.302,12.59,13.234,15.142,14.884,13.352,14.001,9.2547,10.313,9.4737,10.915,10.915,13.716,14.001,10.915,13.234,12.59,12.59,13.323,10.915,10.254,9.9455,7.7483,6.2444,-1.3899,-5.3693,2.7598,7.3024,8.6101,8.8632,8.8632,9.4737,11.163,11.995,11.114,7.3024,12.302,9.2547,10.915,10.194,22.502,22.383,25.017,26.131,25.14,25.337,25.202,25.79,25.005,22.956,23.899,24.197,22.558,20.874,18.015,13.716,14.801,13.662,15.72,14.738,16.244,17.208,16.478,15.77,11.664,10.651,12.151,10.313,16.363,15.005,12.554,11.193,10.065,9.3045,9.0769,8.7129,8.6436,8.9536,9.229,9.1943,9.3743,9.2164,9.2405,9.3152,9.6411,9.9545,10.182,10.659,11.067,11.122,11.307,11.462,11.589,11.703,11.728,11.513,11.379,11.496,11.954,12.554,8.8171,8.7179,8.2582,8.1697,7.8527,7.618,7.6155,7.5163,7.4318,7.4327,7.4736,7.4141,7.3073,7.5574,7.2575,9.0509,9.7926,9.5192,9.113,9.1502,9.1379,9.0844,9.2558,9.1869,9.0104,8.831,8.9524,8.9188,8.8396,8.8171,9.2144,8.9983,8.6352,8.4011,8.1216,7.9728,8.0229,7.8639,7.6945,7.6946,7.6906,7.4943,7.4748,7.3731,7.6526,7.6952,8.0343,8.3045,8.4568,8.6234,8.7237,8.6105,8.554,8.5793,8.497,8.6695,8.9508,9.2556,8.9972,9.2144
16.727,-1.9459,-0.97681,6.6575,9.0232,10.667,11.328,11.576,10.607,12.077,10.667,15.418,13.88,15.214,13.647,12.408,8.1613,6.0129,8.0541,11.118,11.328,11.576,12.077,12.715,15.151,12.678,13.369,11.328,7.3483,10.726,11.328,10.359,10.359,11.576,12.678,12.678,12.408,12.564,14.338,12.715,8.5656,9.0232,8.1613,1.5759,7.3483,-0.97681,-4.9562,2.0335,7.085,8.5656,9.2763,11.328,10.359,11.576,12.033,11.172,9.8868,12.715,10.163,12.564,10.667,22.971,23.085,25.569,26.545,25.872,25.796,25.414,26.533,25.705,23.256,24.08,24.174,22.44,21.829,19.143,15.726,14.978,15.151,16.642,16.183,17.621,18.161,17.751,16.521,13.647,10.359,12.204,13.003,17.152,15.854,13.04,11.058,10.101,9.6316,9.1841,8.8873,9.0435,9.2765,9.2874,9.5255,9.5041,9.4617,9.4205,9.6123,9.9343,10.026,10.692,11.067,11.441,11.429,11.586,11.861,12.069,12.215,12.099,12.146,12.083,12.458,12.745,13.04,8.7296,8.7774,8.3111,8.1466,7.8745,7.7403,7.7175,7.4596,7.4861,7.5047,7.4369,7.2205,7.0834,7.0808,7.0518,9.482,9.5561,8.9867,9.2027,8.9985,9.1059,9.0264,8.9974,8.9296,8.7132,8.4855,8.9165,8.7419,8.552,8.7296,9.4637,9.216,8.9257,8.6635,8.3959,8.2159,8.2538,8.0785,7.9817,7.9233,7.8848,7.7922,7.7384,7.6942,7.9069,7.9348,8.3622,8.6333,8.9079,8.8997,8.9866,8.9132,8.8411,8.7208,8.7331,8.8049,9.3108,9.487,9.2376,9.4637
16.747,-1.3855,-1.3855,5.6042,9.7539,10.317,10.71,11.537,11.167,10.919,12.764,12.594,14.48,13.904,12.96,10.317,8.1569,7.3068,5.6042,10.317,8.1569,8.6145,11.625,9.7539,13.327,11.625,8.6145,7.7526,0.65565,10.919,9.9498,9.9498,8.7848,11.795,12.764,11.492,12.307,10.656,12.594,9.478,9.7539,10.258,8.7848,5.7745,6.2487,5.6042,-1.3855,1.6248,7.7526,8.5267,8.6145,7.7526,9.7539,10.919,13.208,8.1569,7.3068,10.919,5.6042,13.238,10.656,22.258,22.622,24.857,25.926,24.732,24.892,25.001,25.94,24.923,23.067,24.005,23.733,22.632,21.492,18.079,15.317,14.296,13.357,15.147,15.317,15.791,17.139,16.249,15.499,12.269,11.668,12.269,12.697,17.212,16.002,12.335,11.439,10.079,9.7016,9.2366,8.9605,8.8495,9.0603,9.1943,9.4263,9.3708,9.3373,9.3638,9.103,9.3673,9.8851,10.261,10.77,10.825,11.012,11.081,11.254,11.52,11.51,11.422,11.311,11.453,12.017,12.124,12.335,9.0709,8.804,8.5847,8.2923,8.3669,7.9267,7.9737,7.8963,7.7662,7.7619,7.8448,7.7869,7.5676,7.9506,7.9699,9.9269,9.7076,9.9207,9.5907,9.3714,9.8268,9.5938,9.4221,9.2796,9.382,9.0061,9.1884,9.3296,9.0516,9.0709,9.6385,9.4104,9.0735,8.8767,8.6729,8.4561,8.4704,8.3077,8.18,8.2075,8.1701,8.0532,8.0466,7.9569,8.2307,8.1622,8.6325,8.8916,9.1463,9.2716,9.265,9.2047,9.1586,9.094,9.1698,9.4603,9.5514,9.7179,9.5564,9.6385
16.767,-8.3572,0.67373,5.7926,9.9679,10.276,10.335,8.6325,8.175,11.643,11.686,13.791,13.257,11.643,12.017,9.7046,6.9576,5.6222,3.9473,7.3248,6.6943,10.335,10.781,11.137,13.49,12.325,12.612,11.137,6.9576,8.8856,8.6325,8.8029,9.772,12.325,12.017,12.174,11.686,11.813,11.643,10.728,8.8029,9.9679,9.2771,5.6222,3.9473,-1.3675,-8.3572,1.6428,7.6634,9.4961,7.6634,10.335,8.8856,9.9679,9.2771,9.9679,6.9576,9.772,11.686,10.937,8.6325,22.325,22.825,24.76,25.283,24.973,25.209,25.184,25.847,25.561,23.602,24.061,23.676,21.434,21.582,19.622,15.298,14.653,14.023,15.793,15.165,15.793,16.919,15.087,15.087,10.335,6.9576,10.276,13.345,16.5,15.875,12.903,11.256,10.982,10.073,9.8152,9.2149,9.4456,9.5491,9.7945,9.9597,9.8943,9.7904,9.7728,9.846,10.264,9.9423,10.754,11.065,11.694,11.453,11.997,12.196,12.236,12.178,12.054,11.96,11.93,12.168,12.615,12.903,12.474,12.798,12.478,12.574,12.351,12.386,12.876,12.934,13.077,13.277,13.326,13.464,13.729,13.627,14.196,12.305,10.273,10.417,10.65,10.42,10.909,11.024,11.288,11.155,11.292,11.784,12.06,12.229,12.253,12.474,9.9325,9.6966,9.2557,9.0934,8.7304,8.5562,8.7127,8.5545,8.3958,8.3167,8.34,8.1742,8.1717,8.1573,8.3981,8.3118,8.6291,8.9148,9.1285,9.3006,9.3617,9.3052,9.1701,9.0643,9.037,9.5374,9.936,9.9924,9.7074,9.9325
16.787,-1.2814,1.2714,5.7083,11.023,9.5822,11.271,11.223,9.8581,11.597,10.302,14.109,13.877,10.76,12.103,11.729,4.7392,-1.2814,1.7289,5.8787,8.2611,8.889,10.362,11.597,11.729,11.772,10.421,10.867,4.7392,8.9717,7.8568,9.3632,10.76,12.698,12.411,12.698,12.868,11.023,12.698,10.421,9.8581,11.223,7.7495,4.0334,4.7392,2.8684,-1.2814,-1.2814,6.3529,7.8568,7.7495,9.3632,10.421,11.023,11.223,10.362,9.8581,9.5822,9.3632,11.023,11.223,22.781,23.42,24.964,25.173,24.634,24.707,24.897,25.867,25.208,23.399,23.925,23.649,21.836,21.338,18.586,16.572,15.27,12.698,15.114,13.877,15.549,16.698,15.173,15.27,11.982,7.8568,11.023,11.982,16.471,16.026,11.122,10.617,9.6498,8.9007,8.4091,7.9957,7.9084,8.0772,8.1377,8.3737,8.344,8.1197,8.2904,8.1384,8.1057,8.5289,9.132,8.9497,10.072,10.014,10.098,10.472,10.298,10.392,10.252,10.004,9.8763,10.126,10.915,11.122,7.9587,7.7493,7.5985,7.2884,7.0133,7.0249,6.8266,6.6371,6.643,6.6399,6.4497,6.2521,6.6681,6.4522,6.4259,9.9359,8.8579,8.5065,8.7051,8.6236,8.3897,8.3369,8.4281,8.1436,7.9829,7.9926,7.915,7.9366,7.8059,7.9587,8.6346,8.4392,8.0704,7.8651,7.6129,7.4373,7.475,7.3023,7.2102,7.2093,7.151,7.0459,7.0488,6.9236,7.1422,7.1877,7.3933,7.7833,7.9725,8.0737,8.1629,8.1195,8.171,7.9079,7.8375,8.1732,8.6426,8.7908,8.6123,8.6346
16.807,4.8527,5.1009,9.7082,12.091,11.181,12.042,11.842,11.579,11.842,12.091,14.507,14.827,14.929,14.697,11.842,7.1722,7.1722,7.863,11.122,9.791,11.579,12.801,12.591,15.101,12.416,11.579,11.181,4.8527,8.1112,7.863,9.5379,8.1112,11.122,12.548,12.801,12.922,12.801,11.579,11.686,12.416,11.181,8.5688,7.1722,6.5276,-0.46209,-1.4312,2.5482,3.6876,7.1722,8.676,10.677,9.7082,8.676,11.842,8.676,9.791,10.182,7.863,11.842,11.579,22.228,22.416,25.274,25.836,25.144,24.853,25.234,25.925,24.614,23.3,24.147,24.065,22.443,21.628,19.477,16.528,15.992,15.101,15.559,13.915,16.386,16.368,15.812,15.22,10.873,8.2302,12.719,13.688,16.894,16.368,11.068,10.66,9.9097,9.228,8.9607,8.6662,8.4956,8.4362,8.6605,8.8966,8.6984,8.6446,8.7201,8.5996,8.7664,8.7901,9.413,9.876,10.254,10.37,10.251,10.274,10.489,10.549,10.483,10.224,10.098,10.117,10.985,11.068,8.5769,8.3221,8.0672,7.8124,7.8358,7.5942,7.3262,7.2567,7.2129,7.4359,7.1727,7.0227,7.4945,6.8348,7.829,7.8959,8.7482,9.545,9.1071,9.3434,9.1023,8.9205,9.143,8.7801,8.6333,8.7674,8.6148,9.0098,8.7286,8.5769,8.9596,8.727,8.4528,8.1984,7.9518,7.8377,7.7382,7.6143,7.525,7.6102,7.5446,7.4199,7.4381,7.2647,7.4785,7.5344,7.8329,8.0847,8.2889,8.3242,8.4135,8.4147,8.4018,8.264,8.4062,8.8523,9.0157,9.078,8.9392,8.9596
16.827,1.1265,4.4001,7.1471,10.788,10.225,11.589,12.139,12.777,12.47,12.266,15.149,14.374,13.827,12.47,10.157,7.1471,6.075,6.075,9.3384,8.9976,11.126,12.74,13.065,14.672,13.709,12.626,11.18,5.1059,8.1162,11.39,10.225,10.225,11.963,12.266,12.777,12.139,13.827,13.463,10.421,9.0853,11.234,10.788,6.075,6.7196,-0.91471,-4.8941,4.4001,6.7196,8.2234,7.6586,10.729,9.2556,7.7776,10.729,10.729,7.6586,8.2234,9.2556,12.47,10.788,22.71,23.463,25.226,26.422,25.369,25.72,25.194,25.969,25.551,23.739,24.715,24.57,22.173,21.657,19.963,16.72,16.245,15.359,17.32,15.769,17.778,17.859,16.72,15.916,11.126,9.2556,12.008,11.126,17.065,16.393,11.895,11.512,10.048,9.2895,8.8619,8.6214,8.6105,8.7695,8.7255,8.8839,8.8436,8.8052,8.8418,8.8206,9.1764,9.0384,9.8276,10.475,10.473,10.842,11.026,10.947,11.034,11.023,10.854,10.733,10.661,10.845,11.634,11.895,8.6223,8.5056,8.0041,7.9153,7.6567,7.4958,7.5115,7.427,7.36,7.3464,7.1984,6.9943,7.214,7.4778,7.1604,8.9362,8.9226,8.8239,9.0564,8.6872,8.8552,8.7579,8.5316,8.8647,8.5382,8.7062,8.5583,8.777,8.4243,8.6223,9.1979,8.9767,8.639,8.4148,8.1282,7.9568,8.0105,7.8334,7.7835,7.7123,7.6893,7.5959,7.5666,7.4753,7.8341,7.7477,8.1018,8.3981,8.4918,8.6425,8.6474,8.4902,8.5326,8.4619,8.2748,8.6876,9.0274,9.2429,9.0303,9.1979
16.847,-0.41792,-0.41792,5.6027,8.2744,9.1245,9.7524,9.8351,12.967,11.887,13.456,15.773,15.71,13.237,13.237,13.456,11.623,10.446,9.7524,11.887,10.917,12.592,13.456,12.845,15.448,13.561,13.274,9.4943,3.7318,8.7202,10.722,9.1245,9.8351,11.623,12.135,13.237,12.967,12.763,14.324,13.561,10.446,11.623,9.8351,6.5718,1.6233,-1.387,4.6336,3.7318,4.8969,9.1245,8.613,9.7524,9.1245,9.5821,10.227,10.654,7.2164,8.7202,9.4943,10.722,9.7524,22.003,22.527,23.985,24.871,24.879,25.394,25.135,25.856,25.866,24.004,24.669,23.956,21.474,21.536,18.876,16.825,16.759,14.973,14.439,14.324,15.47,15.856,15.169,14.897,11.623,8.7202,8.7202,11.887,15.71,15.646,12.159,12.186,10.358,9.7559,9.4842,9.1028,9.0685,9.169,9.2686,9.3209,9.3125,9.211,9.2897,9.1502,9.5306,9.6465,10.086,10.468,10.769,10.975,10.963,11.081,11.153,11.288,11.25,11.118,11.2,11.282,11.866,12.159,9.1461,8.8768,8.6944,8.4685,8.3258,7.9866,8.0573,7.8542,7.6231,7.6678,7.8149,7.6326,7.8269,8.2446,8.0187,8.5783,8.5498,9.4524,9.7933,9.5675,9.2173,9.2577,9.4955,9.5082,8.9019,9.0809,9.3463,9.0098,9.0502,9.1461,9.5229,9.3204,9.0101,8.7945,8.5777,8.3682,8.2385,8.1622,8.0548,8.0449,7.9942,7.8921,7.8672,7.7671,8.0799,8.0537,8.25,8.5799,8.7401,8.9321,8.8969,8.8092,8.8073,8.709,8.7263,9.073,9.6307,9.5111,9.4178,9.5229
16.867,7.5705,7.5705,7.1129,5.5293,6.1738,6.6014,7.2319,7.6777,9.1841,9.6117,13.164,13.854,12.081,9.8749,7.5705,6.6014,4.5602,9.4032,11.924,12.194,13.193,13.93,14.603,15.242,14.103,13.829,13.698,9.679,11.924,10.844,9.1841,9.679,10.844,12.413,11.55,11.593,11.55,12.519,11.092,9.679,9.6117,10.123,7.2319,6.8646,1.5499,-2.4295,5.6996,6.1738,8.7099,7.2319,8.7099,8.4518,10.183,10.581,8.4518,10.844,11.72,9.1841,11.803,11.593,21.395,22.795,24.848,25.728,24.994,25.359,24.848,25.935,25.259,23.397,24.017,24.105,21.807,21.083,18.793,17.449,16.219,14.994,16.56,16.407,16.393,16.865,15.896,15.7,10.242,9.1841,11.803,13.829,16.263,16.655,13.185,12.337,11.167,10.319,9.8514,9.4083,9.1805,9.3937,9.6254,9.9433,9.8219,9.7413,9.822,9.9378,10.094,10.353,11.398,11.708,12.027,12.078,12.037,12.181,12.371,12.406,12.467,12.478,12.131,12.477,12.972,13.185,8.8778,8.9077,8.7289,8.67,8.2111,8.2263,8.0422,7.8538,7.9112,7.7404,7.7803,7.5539,7.1625,7.3462,8.124,9.0048,9.3664,9.7424,9.6991,9.505,9.2464,9.2175,9.4178,9.2284,9.3238,9.1743,9.0685,9.0253,8.9256,8.8778,9.7659,9.5152,9.2478,9.0092,8.842,8.7173,8.4096,8.3239,8.2881,8.2404,8.2733,8.2243,8.1425,7.9576,8.3821,8.5189,8.6802,8.7959,9.0488,9.2602,9.0646,9.0093,9.1215,8.9333,9.0777,9.4382,10.116,9.7902,9.8103,9.7659
16.887,5.8529,6.4975,4.178,6.0232,8.0013,6.0232,5.8529,8.4056,10.003,11.367,13.915,15.317,14.752,13.72,12.127,9.7268,8.4056,10.003,12.737,12.555,12.518,12.044,13.209,16.023,13.72,13.605,11.917,4.8838,9.7268,8.0013,11.874,11.168,10.904,12.843,13.013,13.209,11.917,13.487,12.518,11.012,10.566,10.199,6.4975,5.8529,3.0129,-1.1368,-1.1368,6.0232,6.0232,6.0232,8.4056,10.003,7.5555,8.8632,9.5078,6.4975,4.8838,4.8838,10.199,8.0013,21.44,22.163,24.818,25.712,24.679,24.823,24.957,25.935,24.636,23.053,23.841,24.098,22.044,21.183,18.983,17.556,16.542,16.251,16.829,15.853,16.219,16.467,16.04,15.694,9.7268,3.0129,4.4262,7.1883,14.884,13.832,11.551,10.987,9.9074,8.9158,8.449,8.2036,8.3842,8.5473,8.586,8.7785,8.7148,8.6767,8.4428,8.4574,8.822,9.0797,9.4754,9.7628,10.175,10.304,10.328,10.377,10.661,10.776,10.639,10.551,10.467,10.73,11.125,11.551,8.0955,7.8754,7.6817,7.5267,7.2854,7.0098,6.8583,6.7199,6.7448,6.7422,6.7212,6.5042,6.3673,6.309,7.1369,7.1063,8.2384,7.8172,8.3058,8.3995,7.9784,8.1276,8.3267,8.195,8.3031,8.0062,8.4117,8.2567,8.0367,8.0955,8.6401,8.3443,8.0341,7.8118,7.5617,7.3865,7.3194,7.1566,7.0675,7.0467,7.0612,6.9462,6.9376,6.8898,7.1978,7.1232,7.3413,7.5136,7.6966,7.6848,7.6098,7.5612,7.6481,7.4988,7.5565,7.7602,8.4494,8.6962,8.5057,8.6401
16.907,4.8545,4.8545,5.5603,8.6778,10.403,10.875,8.6778,9.5397,10.679,11.123,13.917,15.406,14.397,14.194,10.403,6.5294,4.5912,7.174,10.679,11.242,11.581,11.688,12.55,15.813,14.829,14.93,12.803,2.55,-0.46032,1.5809,7.174,10.679,11.183,11.581,11.844,11.844,11.688,14.194,13.519,9.5397,10.403,11.688,6.5294,3.6894,2.55,-0.46032,-0.46032,4.8545,6.5294,7.174,8.6778,9.7927,9.4519,10.403,2.55,3.6894,7.6015,9.0821,11.183,11.242,21.272,22.418,24.509,25.428,25.303,25.428,24.829,26.194,25.439,23.679,24.877,24.348,22.211,21.592,18.834,17.159,15.994,14.854,15.127,14.591,14.253,15.222,15.428,13.195,7.8648,-0.46032,8.5706,11.242,17.174,17.407,11.909,10.97,10.249,9.5208,8.6013,8.293,8.2732,8.3717,8.7368,8.7071,8.9019,8.6564,8.49,8.4497,8.813,9.2117,9.1996,10.211,10.338,10.473,10.618,10.675,10.773,10.756,10.714,10.322,10.294,10.183,10.956,11.909,8.3399,8.1645,7.7823,7.5297,7.3431,7.1954,7.0932,7.0516,6.8669,6.7571,6.7,6.4304,6.8155,6.3284,5.9144,7.1956,8.3348,9.0492,8.8627,8.3344,8.3146,8.414,8.6314,8.2511,7.7304,7.9599,8.2582,8.4322,8.1056,8.3399,8.7638,8.5811,8.1646,7.9614,7.6349,7.3927,7.5266,7.3447,7.2116,7.1094,7.0771,6.8821,6.9044,6.8352,7.1832,7.0019,7.1599,7.4373,7.7723,7.7571,7.7712,7.8086,7.7349,7.4882,7.3394,9.3345,9.0501,9.2527,8.7444,8.7638
16.927,1.8559,6.0056,6.4798,7.5379,7.8765,5.8353,9.985,10.887,11.15,10.994,14.004,14.866,14.909,14.528,12.719,9.0159,8.388,4.8662,9.4901,10.181,11.768,11.899,12.719,15.3,14.801,12.928,12.719,4.8662,2.9953,5.8353,10.181,6.4798,9.0159,11.15,10.429,12.684,11.35,12.825,11.398,10.548,11.15,10.887,7.1706,1.8559,4.8662,-8.1441,-2.1235,1.8559,8.388,6.0056,7.5379,9.7092,10.181,10.548,7.9837,5.8353,7.1706,4.4086,10.994,9.0986,21.536,21.418,24.563,25.306,24.563,24.939,25.172,25.774,24.851,23.333,24.476,24.433,22.945,21.418,19.244,17.479,16.022,16.088,16.202,15.036,16.022,16.598,16.153,15.454,11.398,7.9837,7.5379,9.7092,15.548,15.3,12.344,11.964,10.486,9.8011,9.3881,9.0937,8.7129,9.0445,9.3168,9.3897,9.2752,9.1919,9.0352,9.1194,9.4012,9.5747,9.7264,10.397,11.009,11.03,11.161,11.146,11.626,11.65,11.559,11.374,11.35,10.823,11.618,12.344,8.3074,8.1875,8.0907,7.7896,7.7284,7.4485,7.3955,7.0687,7.0726,7.2796,7.0533,6.8765,6.8153,6.4586,6.8223,7.7915,8.297,8.4808,8.8444,8.4402,8.5832,8.5591,8.4336,8.0739,8.3036,8.1344,8.0995,8.3601,7.9695,8.3074,9.0816,8.8233,8.5793,8.3246,8.1548,7.9109,7.7982,7.6496,7.5733,7.6029,7.5109,7.4356,7.3259,7.2573,7.4991,7.5495,7.7056,8.0344,8.1281,8.3091,8.2308,8.1996,8.2426,7.984,8.0537,8.0034,9.2583,9.2527,9.0981,9.0816
16.947,9.8689,9.374,9.8689,7.8676,8.7294,8.2719,8.8998,8.6417,10.432,12.384,15.124,17.029,14.857,14.857,14.044,10.373,9.593,9.593,12.384,10.065,11.74,12.603,13.781,14.411,14.044,13.472,13.442,4.75,5.7191,2.8792,7.8676,8.7294,9.593,9.8689,11.652,12.422,11.034,11.74,12.568,9.593,9.374,10.065,6.7912,5.8895,2.8792,-1.2706,-1.2706,4.75,9.374,2.8792,5.7191,9.593,7.7603,10.373,9.8689,7.4217,7.0545,8.8998,9.8689,10.771,20.925,22.138,24.237,24.684,24.502,25.26,24.75,26.143,25.395,23.338,24.629,24.266,21.401,21.847,19.705,18.223,17.868,16.709,16.898,14.92,14.857,16.349,14.044,13.587,9.374,5.7191,7.3028,11.993,16.085,16.085,12.378,12.016,11.239,10.724,9.7226,9.1531,9.3135,9.4051,9.4645,9.574,9.3791,9.3725,9.2291,9.2027,9.5266,9.7707,9.933,10.613,10.978,11.032,11.029,11.156,11.423,11.483,11.457,11.253,11.157,10.894,11.754,12.378,8.7535,8.5337,8.2315,8.0141,7.6388,7.9757,7.7034,7.5292,7.4201,7.2597,7.3229,7.2074,7.2014,6.753,6.8967,8.4827,9.6606,9.5515,9.2173,9.1738,9.1202,8.9598,8.9399,8.7937,8.6352,8.8156,8.6444,8.7364,8.5584,8.7535,9.348,9.1064,8.8184,8.5678,8.3108,8.1151,8.0377,7.8891,7.8057,7.7967,7.8029,7.6468,7.4946,7.5228,7.8481,7.7975,7.8874,8.137,8.2782,8.3387,8.3262,8.4316,8.4028,8.1816,8.0696,8.3688,9.5502,9.581,9.3001,9.348
16.967,10.383,9.9114,9.0478,6.0375,3.1976,3.1976,2.0581,4.3626,7.1096,11.352,14.363,15.656,14.017,15.068,12.886,11.352,10.187,7.7402,10.187,10.631,11.926,12.922,11.552,15.321,14.611,14.337,13.672,7.7402,4.3626,6.2079,9.2182,9.3009,6.6821,11.196,10.75,10.12,11.089,11.926,9.3009,9.2182,10.691,7.3729,8.5903,3.1976,-4.9316,-4.9316,-4.9316,4.0993,7.1096,6.2079,8.0787,9.9114,10.383,12.311,10.383,4.3626,7.1096,6.6821,9.6924,9.9114,21.327,21.899,23.97,25.003,24.526,25.036,24.601,25.992,24.718,23.034,23.79,23.584,21.428,21.605,19.422,18.079,17.347,16.682,16.208,14.914,14.562,14.611,14.363,13.905,8.186,6.0375,6.0375,10.75,15.656,16.356,13,12.78,11.838,10.845,9.9377,9.4811,9.5395,10.182,9.8711,10.024,9.9578,9.8057,9.8932,9.6831,10.261,10.271,10.648,11.013,11.692,11.501,11.854,12.064,12.316,12.301,12.279,12.286,11.884,11.594,12.723,13,11.862,11.744,11.58,11.838,11.746,11.874,12.159,12.219,12.27,12.314,12.833,12.683,12.864,12.561,13.112,13.86,11.467,9.8593,9.8223,9.9827,10.212,10.406,10.705,10.701,10.631,10.889,11.097,11.44,11.403,11.862,9.5088,9.2105,8.875,8.7261,8.3567,8.1592,8.213,8.0538,7.8644,7.8783,7.8902,7.769,7.7433,7.7086,8.0514,7.8445,8.1399,8.2388,8.3267,8.3514,8.5984,8.4562,8.4641,8.2007,8.3192,8.8987,10.09,10.018,9.4837,9.5088
16.987,9.9845,8.9124,9.776,10.052,6.0724,6.5466,6.0724,10.052,11.417,12.567,15.444,16.547,15.367,15.902,13.506,11.923,12.453,11.217,13.536,12.176,13.536,15.615,15.04,17.237,16.547,16.547,16.547,10.615,8.4548,6.5466,5.9021,7.6047,9.5569,9.0827,12.093,10.496,9.1654,11.465,11.217,7.6047,11.465,10.052,5.9021,0.95356,3.0621,-8.0773,-1.0876,4.2271,9.0827,7.9433,6.0724,9.776,10.052,11.465,7.2374,5.9021,6.5466,-1.0876,9.1654,10.052,21.002,21.603,24.031,25.036,24.594,25.339,24.4,25.841,25.307,23.258,24.095,23.882,22.101,20.832,18.744,17.437,16.41,15.464,15.578,15.367,15.902,16.547,14.594,15.186,10.248,7.2374,5.9021,9.1654,14.594,15.186,11.278,11.13,10.105,9.5281,8.9159,8.5599,8.6189,8.934,9.0778,8.7756,8.8656,8.8002,8.7581,8.8837,9.1988,9.1922,9.6206,9.7573,10.259,10.305,10.605,10.713,10.72,10.927,10.796,10.623,10.617,10.575,10.725,11.278,7.6641,7.3715,7.2711,7.1627,6.8469,6.7285,6.691,6.5605,6.4897,6.4158,6.3985,6.1382,6.0886,5.7728,6.045,7.4974,9.0741,8.1916,8.3182,8.1267,8.0771,8.0494,7.7673,7.7908,7.5517,7.4809,7.57,7.9564,7.5971,7.6641,8.3495,8.1429,7.7746,7.5854,7.2485,7.0488,7.1401,6.9545,6.8331,6.7078,6.7877,6.6117,6.6163,6.5519,6.8545,6.737,6.9531,7.0554,7.1889,7.3278,7.5721,7.4971,7.2814,7.0895,7.038,7.2144,8.2266,8.4201,8.2282,8.3495
17.007,9.6245,6.3951,4.0757,-2.2082,4.0757,3.8124,7.086,1.7712,4.0757,9.4054,12.453,13.812,14.076,14.076,11.639,10.463,10.096,5.7506,7.4532,7.7918,11.771,11.941,12.74,15.609,14.889,14.825,15.312,9.6245,7.7918,4.7815,7.7918,9.9003,8.7609,10.344,10.909,10.463,11.314,11.314,8.7609,8.7609,7.4532,9.9003,5.7506,-1.2391,1.7712,-5.2185,-5.2185,-1.2391,5.9209,6.3951,6.3951,5.7506,8.9312,9.0139,9.6245,5.9209,4.0757,2.9106,8.3033,7.7918,21.338,21.683,24.758,25.548,24.431,24.694,25.045,25.982,24.45,22.85,24.239,23.985,22.049,21.101,19.038,16.727,16.425,15.751,17.086,15.645,16.425,17.535,17.086,16.004,11.771,4.7815,-1.2391,8.3033,13.503,13.138,12.062,11.644,10.867,10.199,9.0414,8.3735,8.0011,8.4404,8.5316,9.0296,9.1097,8.8579,8.8335,8.848,9.1645,9.2901,9.5728,9.9858,10.809,10.98,11.316,11.244,11.525,11.577,11.661,11.422,11.262,10.977,11.262,12.062,11.018,10.97,10.991,11.03,10.815,10.988,11.041,11.079,11.298,11.336,11.711,11.507,11.669,11.244,11.784,12.93,10.47,9.2597,9.2806,8.9697,8.8906,9.0258,9.6523,9.4679,9.5521,9.342,9.9763,10.315,10.478,11.018,8.6085,8.3604,8.0811,7.8233,7.5691,7.2997,7.244,7.1373,6.9685,7.0456,6.9274,6.7595,6.7796,6.65,6.9637,7.0111,7.0292,7.477,7.4213,7.4299,7.3974,7.3159,7.2995,7.1074,6.7633,6.7844,9.4834,9.3247,8.7351,8.6085
17.027,11.197,9.8326,10.277,0.73435,-8.2965,1.7035,2.8429,1.2459,1.7035,6.3274,12.385,15.524,14.757,14.648,12.673,12.843,12.567,5.8532,11.571,10.396,12.348,11.747,12.673,16.312,14.714,16.128,15.524,11.571,9.7653,4.0079,8.2356,6.755,6.3274,8.6932,8.6054,9.8326,9.5568,9.8326,11.703,5.8532,10.337,10.337,7.7241,6.3274,1.7035,-1.3068,3.7447,-1.3068,4.0079,3.7447,5.8532,6.755,8.6054,10.734,7.8313,1.2459,5.6829,4.2562,7.3855,5.8532,19.557,20.788,23.505,24.457,23.812,24.363,24.401,25.345,24.555,22.792,23.299,22.978,20.307,19.905,17.181,15.936,15.147,14.208,14.967,13.852,14.821,15.936,15.147,15.524,11.197,5.6829,-8.2965,7.7241,13.435,13.406,12.438,12.227,11.993,11.099,9.4191,8.8465,8.2184,8.3068,8.6615,9.2792,9.3533,9.1812,9.2332,9.1526,9.4367,9.667,9.7731,10.161,10.617,11.091,11.198,11.593,11.707,11.766,11.81,11.629,11.474,11.258,11.516,12.438,11.012,11.385,10.914,11.204,11.114,11.29,11.628,11.504,11.679,11.645,11.783,11.625,11.64,11.466,12.102,12.012,10.029,10.26,9.6029,8.9721,9.4696,9.5766,9.4862,9.7175,9.98,10,9.7679,10.605,10.68,11.012,8.9716,8.5965,8.3005,8.0931,7.7985,7.5692,7.5122,7.2737,7.1874,7.1684,7.1432,7.0334,6.9547,6.8396,7.1362,7.2481,7.3501,7.7348,7.7306,7.835,7.8723,7.7555,7.6087,7.6324,7.3141,7.4463,8.8745,9.0537,8.9163,8.9716
17.047,9.4703,9.4703,7.8733,2.4806,-2.6383,3.8939,5.9651,6.9042,8.5839,12.413,15.44,17.362,17.625,17.625,15.935,14.351,14.726,12.955,11.209,11.715,13.188,14.863,15.995,18.225,17.011,16.964,19.02,15.491,12.481,10.635,7.8733,9.9744,7.8733,10.372,9.4029,9.9145,9.4703,10.835,9.1944,8.5839,11.341,10.479,9.9744,9.4703,3.6456,0.37204,-5.6486,2.4806,5.4909,5.9651,8.3308,8.3308,10.033,11.715,8.9754,8.9754,8.2431,4.3514,8.5012,7.8733,19.945,20.2,23.439,24.945,23.801,24.459,24.29,25.21,24.039,21.775,23.011,23.308,21.715,21.253,18.451,16.566,16.01,14.996,15.935,14.459,15.95,16.63,16.656,15.491,10.884,7.3617,4.3514,3.6456,13.188,11.594,7.4349,7.0069,6.2747,5.3276,6.8097,8.0944,8.1889,8.3077,8.5287,8.5209,8.2973,8.0906,7.9076,7.7635,7.8759,7.7317,7.5952,7.8618,7.9352,8.3078,8.2706,8.3714,8.3022,8.3521,8.046,7.7657,7.4674,7.1741,7.1367,7.4349,8.4483,8.2096,7.8969,7.7631,7.8091,7.5334,7.382,7.2088,7.401,7.4942,7.0821,6.7751,6.8154,6.6322,6.8677,6.347,9.9983,8.7398,8.8588,8.7906,8.8954,8.4778,8.5091,8.3597,8.173,7.9217,8.0265,8.0725,8.063,8.4483,9.2161,9.0196,8.6614,8.4234,8.0837,7.8488,7.9504,7.7171,7.584,7.5704,7.5463,7.3416,7.2979,7.318,7.5727,7.4041,7.6359,7.8621,7.9957,8.1567,8.2384,7.967,7.9143,7.6905,7.4747,7.3452,7.0739,8.94,8.9641,9.2161
17.067,10.566,8.4321,4.2824,-1.7382,5.4218,5.2515,6.9541,5.8961,9.4012,11.272,14.964,17.975,16.835,17.667,16.228,13.653,15.092,11.525,12.412,12.639,12.975,14.282,14.453,17.304,17.823,18.156,17.823,12.856,13.004,11.184,10.303,9.5972,10.303,10.815,10.41,10.566,7.8042,12.241,11.272,10.41,11.954,12.241,9.4012,5.8961,3.5766,0.30299,-1.7382,-1.7382,-2.7073,1.2721,1.2721,8.5148,6.3236,10.815,7.3999,7.2927,6.5869,3.5766,5.8961,6.9541,20.131,21.008,22.978,24.258,24.373,24.007,24.181,25.251,24.603,22.582,24.17,23.868,21.905,21.272,18.951,16.954,15.65,14.716,14.39,13.776,14.128,14.946,13.551,13.849,11.272,6.3236,-1.7382,2.4115,12.136,11.954,7.5624,7.3053,6.1172,7.2677,8.041,8.1019,7.8468,7.8082,8.1766,8.5593,8.3364,8.058,7.904,7.7978,7.8509,7.6852,7.779,8.0395,8.1439,8.3387,8.3318,8.2185,8.5282,8.3973,8.1023,7.7998,7.5455,7.3337,7.23,7.5624,8.6624,8.3202,8.1315,7.8661,7.9537,7.7221,7.9971,7.5898,7.6461,7.4119,7.4545,7.1716,6.9925,6.8414,6.7359,6.7154,6.9136,9.6479,9.0607,9.2589,8.8516,8.7715,8.7844,8.8407,8.3642,8.3099,7.9677,8.7831,8.3578,8.6624,10.376,10.336,10.266,10.234,10.18,10.157,10.312,10.395,10.487,10.694,10.815,10.898,10.982,11.087,11.53,11.758,11.904,12.343,12.682,13.217,13.202,13.45,13.639,13.646,13.548,13.502,11.422,10.467,10.133,10.376
17.087,9.1288,7.2961,5.2549,0.81794,9.1288,9.4046,10.36,9.1288,9.8488,11.529,15.425,17.808,16.704,16.59,15.653,15.167,14.817,11.65,12.415,12.415,11.529,13.78,14.719,17.296,15.621,15.425,17.403,12.139,14.797,11.806,10.769,6.9575,9.4046,6.9575,9.1288,10.769,9.4046,12.348,8.9098,10.57,11.188,12.643,9.6006,9.1288,0.81794,-5.7142,-5.7142,0.81794,3.8282,3.3167,5.4252,4.2858,8.2652,9.4046,9.8488,8.2652,11.188,7.4034,6.9575,9.4046,20.174,21.21,23.633,24.382,23.828,24.131,24.147,25.194,24.154,22.752,23.819,23.888,21.939,21.21,19.317,16.958,16.394,14.968,14.93,13.424,15.167,16.394,15.988,14.968,12.415,7.4034,3.8282,-1.7348,12.348,11.529,6.6965,5.9329,5.7615,7.1229,6.8624,6.5448,6.8546,6.594,6.9375,7.0934,6.8961,6.6692,6.5889,6.5334,6.7496,6.5133,6.4172,6.6265,6.691,6.8765,7.1567,7.3105,7.1749,7.3085,7.0604,6.7304,6.6872,6.4564,6.3377,6.6965,7.6186,7.3517,6.9221,6.6947,6.6219,6.7614,6.784,6.3311,6.4075,6.2408,6.1309,6.1512,6.0143,5.8401,5.6022,5.2737,8.8722,8.5436,8.2151,7.8866,8.1461,7.6932,7.8283,7.6242,7.8148,7.3443,7.1577,7.5039,7.4512,7.6186,8.2764,8.0651,7.7191,7.4866,7.1895,6.9389,7.0473,6.8045,6.7081,6.6373,6.5972,6.3889,6.3657,6.3427,6.6044,6.5659,6.5918,6.7962,7.0461,7.0123,7.2585,7.1967,7.0893,6.7935,6.7872,6.836,7.1827,7.9618,8.0974,8.2764
17.107,8.252,8.7263,5.0714,3.6447,7.2198,9.7252,10.386,8.9453,8.3347,7.6241,12.795,15.242,16.211,15.746,14.614,14.477,14.102,11.737,8.252,7.2198,9.7843,11.135,12.706,15.39,15.746,15.701,16.606,12.231,12.736,11.004,6.4068,8.0817,8.9453,9.1538,8.252,8.252,9.2211,8.252,8.7263,9.2211,9.7843,11.262,9.2211,6.4068,3.3965,1.092,1.092,-8.908,-1.9183,-5.8977,2.2314,7.1126,5.0714,9.2211,6.4068,7.6241,7.1126,5.0714,6.774,9.4171,19.866,20.34,22.271,23.97,23.348,23.201,23.379,24.658,23.5,21.604,23.712,23.35,22.195,21.026,18.764,17.546,16.211,13.596,13.764,12.164,12.231,12.061,12.061,10.586,5.0714,0.63441,3.1332,6.774,12.706,13.645,6.8026,6.6648,6.0565,6.3548,6.6842,6.8084,6.6711,6.4538,6.4775,7.103,7.2446,7.0004,6.7282,6.4703,6.6257,6.6325,6.4368,6.6383,6.8709,7.2243,7.3886,7.3082,7.5655,7.4331,7.3169,6.9083,6.8262,6.4414,6.7212,6.8026,10.438,10.716,10.376,10.358,10.447,10.729,10.694,10.907,11.007,11.403,11.336,11.259,11.22,11.386,11.767,11.878,11.628,10.412,9.0547,9.41,8.7137,9.657,10.012,9.6377,9.8988,10.009,9.9008,9.9723,10.171,10.438,8.3083,8.1469,7.9617,7.6273,7.4319,7.1566,7.023,6.8668,6.7321,6.8586,6.6719,6.5399,6.4444,6.2926,6.6309,6.4868,6.4542,6.748,6.8112,7.1198,7.0659,7.0849,7.2663,7.183,7.0896,7.5547,8.0199,8.32,8.1061,8.3083
17.127,12.708,12.864,12.654,5.1833,4.709,6.2413,7.4612,9.1326,8.4126,9.5902,14.659,18.018,17.592,17.224,15.836,14.937,15.301,14.709,15.183,12.203,12.94,14.709,14.397,18.08,16.954,15.416,17.923,14.397,12.518,10.934,10.73,8.6884,9.5902,7.802,6.6871,5.1833,8.8844,9.2516,10.602,7.549,9.8535,11.423,8.4126,7.4612,2.8638,-2.451,-9.4407,-2.451,3.5696,-3.4201,7.0914,5.8741,6.2413,9.8535,8.6884,5.1833,6.6871,0.55928,8.6884,6.6871,18.546,19.929,23.376,24.477,23.219,23.914,23.841,24.875,23.257,21.483,22.713,23.282,21.472,20.35,18.238,15.529,15.678,14.539,14.539,13.677,14.709,14.709,14.214,13.437,7.7193,-3.4201,-6.4304,2.8638,13.231,12.173,6.992,6.6269,6.2189,6.2682,6.5392,6.9612,7.2502,6.919,7.2825,7.5056,7.5585,7.3152,7.1976,6.9073,7.2296,7.062,6.9048,7.0145,7.1193,7.2979,7.4781,7.2604,7.4484,7.5054,7.2798,6.9951,6.7367,6.5776,6.7457,6.992,7.4298,7.1767,7.0521,6.7735,6.8405,6.7883,6.6263,6.7144,6.3269,6.8325,6.4454,5.956,5.8153,5.4026,5.621,5.2223,8.3636,9.9342,8.1832,8.183,8.1827,8.0794,7.8372,7.7572,7.4827,7.4413,7.3891,8.4268,7.7655,7.4298,8.7333,8.5245,8.2413,7.9456,7.6724,7.4562,7.3871,7.159,7.0382,7.0154,6.9691,6.7486,6.7334,6.7006,6.9544,6.8253,7.0821,7.1923,7.3958,7.3504,7.5297,7.3736,7.2142,6.9295,7.196,6.7006,9.5442,9.4911,8.7915,8.7333
17.147,14.054,13.488,12.254,11.292,8.9352,9.9043,10.61,9.9043,6.6307,10.78,15.352,18.289,17.877,18.161,15.925,14.151,14.59,14.448,14.988,12.651,13.114,14.132,14.284,16.197,16.631,17.512,17.942,14.284,13.555,13.114,9.2433,5.2341,10.153,10.153,8.4634,9.2433,10.153,10.478,9.7482,7.7701,11.141,12.915,9.1834,10.653,7.5121,6.6307,2.6513,-3.3693,-3.3693,-9.3899,1.7495,3.1628,5.9249,7.8529,5.9249,7.5998,4.7598,3.1628,3.6204,7.7701,19.575,19.195,22.233,22.889,23.097,22.824,23.807,24.199,23.048,22.087,23.711,23.807,22.351,21.232,18.652,17.853,17.094,14.908,15.579,14.302,14.76,14.502,14.843,13.466,10.478,6.6307,5.9249,5.9249,11.141,12.194,7.5281,7.151,6.8407,7.1628,6.9085,7.3656,6.987,7.2518,7.3484,7.7075,7.8189,7.5746,7.4765,7.2969,7.4945,7.336,7.4311,7.451,7.5857,7.9543,7.8892,7.956,8.0638,8.0482,7.8356,7.7136,7.4309,7.3396,7.3428,7.5281,8.2997,8.04,7.6511,7.4871,7.4124,7.556,7.3551,7.0039,7.1759,6.9568,7.1724,6.8564,6.6274,6.4212,6.8011,6.0317,6.1895,5.0983,8.7195,7.6283,8.6958,7.802,8.5266,8.2541,7.915,8.1496,7.6464,7.5379,7.6958,8.2997,9.9266,9.9142,9.9093,9.8157,9.7344,9.736,9.9006,9.9219,10.029,10.191,10.298,10.267,10.382,10.522,10.985,11.055,11.252,11.587,11.919,12.137,12.517,12.631,12.683,12.528,12.283,12.154,11.504,10.634,9.9437,9.9266
17.167,15.032,15.228,12.924,10.288,12.062,11.616,10.777,11.281,9.2075,9.2075,15.428,18.401,17.434,18.955,16.903,16.762,16.946,14.211,14.522,13.357,12.924,14.259,14.063,17.073,17.221,17.767,17.301,14.259,11.053,10.444,11.872,10.882,8.9442,11.616,10.558,9.9133,9.4558,13.177,12.49,10.595,11.497,13.787,10.558,12.218,6.4455,7.7666,4.0631,-3.097,-10.087,3.8927,4.9648,5.5953,8.0425,6.903,7.5476,8.0425,10.595,5.5953,9.0515,2.9236,18.314,20.191,21.783,22.908,23.071,23.546,23.187,24.622,24.424,22.924,24.912,24.24,22.388,22.666,20.1,20.021,19.041,16.445,17.644,15.032,15.476,17.006,14.146,13.805,10.595,6.903,1.0528,2.4661,10.777,11.249,6.3659,6.1194,5.522,5.779,5.5811,5.4781,5.6289,5.7774,6.3141,6.7208,6.7874,6.5274,6.3333,6.1598,6.2946,6.2376,6.0809,6.1357,6.3766,6.6363,6.8418,6.8615,6.994,7.01,6.8853,6.6079,6.3468,6.1597,6.1502,6.3659,6.8247,6.5579,6.0429,6.1568,6.0235,5.8891,5.9797,5.792,5.7499,5.9122,5.7366,5.4542,5.371,5.3261,5.3516,5.3516,4.8718,5.9452,7.4647,8.5206,7.5041,7.2962,7.6677,7.1703,7.2022,7.334,7.034,6.6288,6.7653,6.8247,8.627,8.6168,8.4809,8.4906,8.3936,8.3897,8.6263,8.6625,8.7951,8.8758,9.0603,9.0465,9.1854,9.3479,9.677,9.8849,9.8994,10.37,10.539,10.769,11.122,11.278,11.298,11.269,11.369,11.259,11.038,8.7134,8.4571,8.627
17.187,12.844,10.696,9.269,9.388,8.549,12.543,13.076,14.14,11.835,10.949,15.854,17.729,18.193,18.003,16.124,15.32,16.01,12.975,13.813,13.813,15.651,15.747,15.854,19.184,17.304,18.661,19.078,14.516,15.183,12.063,10.866,10.238,11.835,10.739,11.378,11.34,12.543,12.844,11.559,11.835,11.835,12.737,11.835,9.9899,6.0105,4.8454,-0.27343,0.69567,1.8351,7.6854,6.0105,8.549,9.9899,10.739,10.608,9.9899,9.0208,6.7163,3.706,6.3777,19.487,20.305,23.4,24.285,23.567,24.14,23.893,25.011,24.711,22.565,24.262,24.471,23.449,22.494,20.357,19.388,18.367,16.562,16.824,16.319,15.349,17.361,16.319,16.319,11.378,8.3299,6.7163,-0.27343,3.706,9.0208,6.293,6.0327,5.6618,6.2414,6.4,6.3647,6.3815,6.2108,6.4533,6.7139,6.7319,6.4723,6.3618,6.1641,6.4373,6.2541,6.185,6.3808,6.5841,6.7773,6.7987,6.9314,6.9929,6.9511,6.7932,6.5948,6.2647,6.0735,5.9245,6.293,7.3684,7.2837,6.7354,6.8039,6.3552,6.5821,6.3911,6.1744,6.0248,6.1023,6.142,5.9884,5.8348,5.6733,5.9396,5.6362,5.4826,7.0242,7.7249,7.4294,7.4653,7.5641,7.5225,7.6386,7.3873,7.255,7.2258,6.6562,7.2325,7.3684,8.2029,7.9928,7.5921,7.3372,7.0929,6.8811,6.8103,6.6421,6.4665,6.4633,6.3871,6.2441,6.1016,5.9621,6.2277,6.1943,6.1202,6.1688,6.2821,6.4642,6.5049,6.1959,6.1843,5.971,5.7084,5.5608,5.2645,8.3727,8.4812,8.2029
17.207,12.423,12.308,9.6613,8.9015,11.716,10.07,8.7056,8.7056,7.5661,9.8706,14.231,17.242,16.258,17.686,15.695,14.659,14.726,12.672,11.258,12.855,13.587,14.556,14.415,16.476,17.109,17.434,17.884,13.432,14.556,13.694,11.912,9.8706,12.19,8.9015,6.597,9.1497,10.576,12.16,12.308,10.829,12.957,14.25,11.258,11.44,8.2107,4.5558,5.2004,0.57642,-9.4236,-2.4339,3.5867,2.8809,6.2584,8.4297,6.1394,8.2107,7.7365,6.2584,7.1085,6.7043,17.745,18.902,21.221,22.172,22.214,22.994,23.521,24.112,24.231,22.881,24.832,24.026,21.546,21.789,20.417,18.778,18.451,15.866,16.151,14.726,14.25,15.853,13.521,14.726,10.444,8.9015,3.5867,-0.39268,5.2004,7.1085,6.6582,6.2294,5.6962,5.8781,5.8889,5.9646,5.9572,6.1353,6.5446,7.3321,7.1354,6.7768,6.6666,6.5271,6.6941,6.533,6.4407,6.6013,6.8308,7.0644,7.2384,7.2016,7.1648,7.338,7.0912,6.7781,6.6457,6.4148,6.4045,6.6582,7.5271,7.161,6.6612,6.5076,6.3865,6.3684,6.6721,6.4742,6.3091,6.3017,6.3928,6.1341,6.1486,5.9155,6.0468,5.3265,5.3916,6.5394,6.6633,8.216,8.0181,7.7551,8.6108,8.0152,7.766,7.8067,7.6744,7.3668,7.5139,7.5271,8.3424,8.1974,7.8404,7.5728,7.222,7.064,7.0556,6.8808,6.6877,6.6407,6.5234,6.2952,6.2708,6.1862,6.3316,6.2701,6.1835,6.1948,6.2389,6.5492,6.5566,6.4845,6.3355,6.3223,6.1236,5.8951,5.4676,6.224,7.8246,8.3424
17.227,14.546,14.165,11.639,9.7049,7.5565,2.8713,6.6946,5.8816,1.7062,8.4201,14.799,17.397,17.397,17.875,15.686,15.41,15.191,13.071,12.715,11.706,13.12,13.511,15.536,17.388,16.758,16.249,18.231,12.871,15.686,13.577,13.577,11.249,12.871,11.211,9.2,9.861,12.21,12.715,13.577,12.299,12.18,12.947,10.061,9.861,3.5771,4.7165,1.7062,-6.4229,1.7062,5.1908,3.1195,7.8095,6.2488,7.0989,9.861,7.8095,9.2591,7.7268,10.567,7.0989,18.356,18.608,22.044,22.686,22.21,23.12,23.329,24.207,22.952,22.269,23.144,23.75,22.611,21.864,19.403,18.356,18.949,17.118,16.13,14.259,14.799,15.686,16.433,16.13,13.422,7.7268,6.5874,2.608,7.0989,10.567,6.8444,6.4512,5.9728,5.7376,6.2083,6.261,6.2708,6.3546,7.2365,7.5693,7.3181,7.0475,6.9659,6.7509,6.9808,6.6012,6.6871,6.8411,6.8327,7.0372,7.2793,7.3265,7.4087,7.3811,7.2004,6.9556,6.7378,6.674,6.6023,6.8444,7.6442,7.3685,6.9167,6.9136,6.5363,6.8504,6.6593,6.6441,6.5654,6.267,6.4878,6.368,6.1109,6.4151,6.4708,6.264,5.9328,6.5844,6.8412,7.8977,7.947,7.8941,7.9048,8.0605,7.6263,7.5835,7.3655,7.7874,7.6536,7.6442,9.5058,9.4032,9.3293,9.327,9.1642,9.1586,9.4499,9.4275,9.4417,9.6585,9.7657,9.7347,9.9807,10.118,10.597,10.615,10.775,11.04,11.185,11.736,12.028,12.3,12.249,12.345,12.299,11.858,11.872,10.654,9.2945,9.5058
17.247,12.364,11.262,11.262,6.7095,9.248,9.5238,9.4565,8.3844,6.4462,9.5238,13.127,16.238,16.709,17.018,13.775,13.543,14.273,13.699,13.436,12.73,14.25,13.699,15.087,17.415,17.261,16.049,17.469,10.689,13.699,12.534,12.534,8.2966,11.925,13.008,10.889,11.262,12.223,13.127,10.937,9.4565,11.648,13.038,10.689,10.689,7.5225,3.6992,5.5444,-1.6156,3.6992,5.3741,9.248,8.6374,7.0767,9.5238,11.565,7.4153,9.248,6.7095,6.0187,9.029,19.524,19.147,22.497,23.428,23.127,22.921,23.609,24.066,22.908,22.146,23.691,24.644,23.493,22.497,20.663,19.059,19.701,18.097,17.679,15.215,16.709,16.709,17.917,18.06,13.038,12.364,10.028,4.405,0.9371,3.9474,7.0427,6.5285,6.1505,6.4868,6.791,6.4978,6.8319,6.505,6.9635,7.6883,7.7058,7.3225,7.1499,7.0047,7.2056,7.142,7.0716,7.2397,7.2997,7.5395,7.4957,7.5029,7.6872,7.6996,7.4881,7.3305,7.0406,6.8168,6.9273,7.0427,7.9028,7.7119,7.33,7.1644,6.9927,6.8688,6.9207,6.78,6.6118,6.7601,6.7231,6.5561,6.3809,6.2075,6.865,6.194,6.7117,6.9155,8.0942,8.3193,7.9134,7.967,8.3239,8.1097,7.7255,7.6765,7.5922,7.908,7.4572,7.9028,9.6779,9.5536,9.5022,9.408,9.3634,9.3778,9.5001,9.532,9.5478,9.8677,9.9388,9.9499,10.084,10.292,10.737,10.74,11.036,11.094,11.477,11.739,11.944,12.138,12.296,12.263,12.183,12.26,11.912,11.13,9.7794,9.6779
17.267,12.841,11.745,11.702,5.8516,5.8516,8.8619,4.2545,5.6812,7.8297,10.335,15.801,17.83,16.326,17.945,16.821,15.243,15.999,13.037,10.84,9.7636,10.335,14.374,13.316,15.3,15.852,15.868,16.356,12.841,12.671,14.006,9.3361,10.996,10.84,13.037,9.3361,11.745,12.841,14.255,12.671,11.702,14.255,13.743,10.275,11.244,10.84,5.6812,5.8516,-2.2776,-5.2879,2.8413,5.6812,7.7224,4.2545,8.2339,6.3258,8.8619,8.6915,4.7121,10.027,6.3258,20.001,21.112,22.565,23.407,23.571,24.314,23.754,25.224,25.243,23.316,25.401,25.12,22.565,22.841,21.166,20.159,20.516,19.222,18.559,17.384,16.415,17.766,16.311,15.593,12.671,10.996,8.2339,-2.2776,5.6812,8.2339,7.0811,6.9785,6.4103,6.0281,6.4869,6.5551,6.8164,7.1333,7.6233,7.7661,7.8037,7.3284,7.1541,6.9207,7.1476,7.0849,6.8214,6.9055,6.9345,7.2826,7.3826,7.5713,7.8147,7.6794,7.4865,7.2741,6.9936,6.9014,6.8789,7.0811,8.374,7.7488,7.4856,7.3229,7.1857,7.1695,7.0964,7.1387,6.9835,7.0082,7.0329,6.7358,6.7605,6.7852,6.8411,6.7966,6.555,6.8459,8.1197,8.4106,8.3109,8.4775,8.5022,8.6688,8.3129,8.199,7.9574,8.124,7.7501,8.374,9.7988,9.7476,9.6234,9.6004,9.5402,9.5824,9.7703,9.8213,9.9509,10.031,10.307,10.305,10.406,10.542,11.003,11.177,11.262,11.597,11.87,12.135,12.378,12.564,12.681,12.77,12.833,12.857,12.392,11.991,10.199,9.7988
17.287,13.373,13.884,11.375,7.8637,7.4594,9.9049,10.626,8.5744,10.363,11.862,16.45,17.726,16.646,18.18,16.45,15.564,15.956,14.21,12.471,10.826,13.034,14.003,12.013,14.449,15.024,14.776,14.93,12.471,12.667,9.9648,12.301,9.9648,11.976,11.976,11.375,11.862,12.301,12.699,12.404,11.706,14.595,14.187,10.47,11.332,9.4607,4.3419,5.4813,2.471,5.311,5.311,6.6464,5.4813,5.9556,10.024,7.3522,10.626,7.8637,5.4813,7.4594,6.6464,18.26,19.12,21.026,22.808,22.867,23.712,23.598,24.744,25.04,22.93,24.986,24.55,21.674,22.383,20.742,20.208,19.297,17.786,16.955,15.709,16.907,17.615,16.074,16.175,13.61,9.6567,7.4594,-2.6478,-1.6787,5.4813,7.6744,7.3752,6.6546,6.7768,7.0519,7.4275,7.347,7.3362,7.6371,7.8681,8.0903,7.6971,7.6126,7.3902,7.5371,7.5338,7.3368,7.3971,7.5894,7.7245,7.8172,7.8398,8.0365,7.9723,7.8287,7.6794,7.5603,7.2529,7.3698,7.6744,8.3996,8.1583,7.9261,7.6233,7.6502,7.538,7.3729,7.3514,7.4218,7.4348,7.3721,7.1147,6.983,6.9572,7.0561,7.5076,7.3536,7.47,7.9216,8.4286,8.5488,8.7128,8.6419,8.9092,8.7874,8.1105,8.3726,8.2186,8.0269,8.3996,9.4,9.0849,8.7871,8.5905,8.2549,8.0431,8.1333,7.9544,7.8085,7.7512,7.7331,7.5354,7.4518,7.4293,7.7244,7.6157,7.5635,7.677,7.8869,8.0169,8.0962,7.9297,7.7318,7.6605,7.4128,7.2889,7.375,6.9948,9.5451,9.4
17.307,14.214,13.002,10.901,8.2604,8.3482,10.051,8.6012,9.9917,11.226,13.935,16.201,18.391,17.632,17.958,16.41,16.216,16.477,14.743,14.802,13.911,14.303,16.071,13.317,15.591,15.783,15.846,15.736,13.09,12.972,10.653,12.726,12.328,11.612,12.003,10.901,12.431,11.226,13.205,13.09,11.529,13.4,13.317,11.529,10.653,7.3791,5.5082,5.3379,5.9824,0.38937,5.3379,5.5082,9.4203,7.3791,8.9927,10.653,10.653,10.443,8.5185,8.5185,10.497,18.69,19.645,21.149,22.581,22.541,23.359,23.478,24.743,24.957,22.646,24.665,24.607,22.081,22.355,20.4,19.089,20.132,18.754,17.642,14.9,16.201,17.258,16.027,15.982,11.402,9.2118,7.3791,1.3585,7.3791,9.9318,8.0365,7.5951,7.2859,7.4774,7.8487,7.5533,7.7246,7.6008,8.0545,8.148,8.3409,8.0777,7.8912,7.7091,7.947,7.8935,7.9218,7.8856,8.1549,8.2988,8.2771,8.2414,8.3035,8.5027,8.2593,8.0759,7.8496,7.8394,7.8251,8.0365,8.6936,8.461,8.0161,7.8587,7.6822,7.7444,7.903,7.7656,7.5764,7.6888,7.6955,7.4716,7.3007,7.1617,7.3007,7.3073,7.387,8.1758,8.2968,8.6807,8.7604,9.0888,9.2929,8.9745,8.8768,8.9126,8.5763,8.5141,8.6451,8.6936,9.5307,9.3432,9.0099,8.8269,8.5526,8.3918,8.3912,8.2554,8.1588,8.0236,7.9938,7.8312,7.7371,7.7457,7.9154,7.9447,7.9567,7.975,8.0274,8.0922,8.2762,8.1795,8.0605,8.0053,7.7663,7.5018,7.4774,6.4365,9.4645,9.5307
17.327,11.443,10.278,9.3091,6.1285,8.1697,9.3918,8.6812,9.3091,12.523,12.149,16.773,19.033,18.277,18.137,16.248,15.593,15.804,14.53,14.702,12.402,13.996,13.793,13.221,14.821,13.288,14.821,15.671,12.149,13.118,12.977,10.782,10.782,13.288,11.643,11.691,11.691,13.221,13.852,13.118,10.782,11.691,13.484,12.017,10.782,5.1594,8.1697,-0.86124,2.1491,5.1594,7.4639,6.2988,6.2988,7.8311,8.1697,9.1388,7.4639,9.7833,4.4536,9.1388,9.7833,20.002,20.581,23.332,24.019,23.684,23.663,23.666,25.213,24.428,22.676,24.094,24.174,22.948,22.269,20.278,18.681,18.833,18.015,17.772,16.527,16.891,17.438,15.841,16.299,14.428,8.1697,6.773,-4.8406,1.6915,6.2988,7.9394,7.7188,7.1289,7.9854,7.897,7.8142,8.1461,8.1442,8.3648,8.5906,8.4056,8.1449,7.9971,7.8238,8.0975,7.7193,7.9036,7.8633,8.0695,7.9867,8.2418,8.0874,8.2458,8.2762,8.2286,8.0701,7.9585,7.8322,7.8858,7.9394,8.9551,8.7776,8.3719,8.0871,7.9367,7.8333,7.9097,7.8295,7.7408,7.5325,8.0355,7.7134,7.6413,7.4044,7.8396,7.5943,8.2762,8.6744,8.4291,8.8923,8.5994,8.7447,9.317,9.7005,8.8496,8.9911,8.9057,8.7959,8.7955,8.9551,9.7462,9.5138,9.1313,8.9223,8.5614,8.3814,8.4334,8.2287,8.0478,8.0189,7.9829,7.7717,7.7016,7.7196,7.9954,7.943,7.927,7.9715,7.942,8.1658,8.0901,8.015,7.9626,7.7817,7.6604,7.4795,7.1465,9.6578,9.408,9.7462
17.347,11.282,11.282,8.4422,3.5866,5.2616,6.5969,6.8452,6.9642,8.9164,11.282,15.449,17.566,17.566,16.597,15.66,13.954,14.227,12.422,14.4,12.896,14.227,13.954,13.587,15.995,14.292,14.138,15.515,9.6072,12.896,10.576,9.6072,10.313,11.927,13.129,11.282,8.9164,12.422,13.377,12.422,11.325,13.587,12.422,11.656,9.1355,7.3028,3.5866,-8.7178,1.2822,3.5866,1.2822,3.8349,5.2616,5.4319,7.41,7.3028,6.8452,9.4113,6.9642,9.4113,9.4113,20.28,19.458,23.152,23.786,22.952,23.236,23.7,24.881,24.065,23.241,24.726,24.498,23.103,21.809,19.868,19.241,19.005,17.41,16.905,15.66,15.951,15.876,15.174,14.546,10.576,6.9642,-2.6972,-1.7281,9.8555,8.9164,6.4779,6.2655,5.7138,5.8018,6.6314,6.9594,6.8501,7.116,7.3073,7.4998,7.3841,7.0362,6.6935,6.5074,6.7205,6.6462,6.5198,6.6133,6.8782,7.0151,6.6733,6.7346,6.8974,6.9447,6.8974,6.6585,6.2322,6.233,6.0649,6.4779,7.5629,7.314,7.047,6.8812,6.9423,6.8796,6.6681,6.6087,6.5492,6.6429,6.6356,6.3574,6.2594,6.1344,6.2211,6.1141,6.8187,7.6001,7.983,7.876,7.872,7.5463,7.8086,7.7909,7.6763,7.8142,7.7547,7.3279,7.498,7.5629,8.4556,8.1801,7.9404,7.7131,7.4907,7.2931,7.1574,6.9674,6.8641,6.9425,6.8058,6.6597,6.5651,6.3845,6.6936,6.649,6.6571,6.7049,6.9138,7.059,6.9623,6.751,6.8862,6.6013,6.6279,6.3879,5.109,8.2439,8.3791,8.4556
17.367,10.351,9.8564,6.3719,2.2221,4.2633,4.5266,4.7749,3.3616,4.7749,10.075,13.836,16.52,18.254,17.178,13.191,13.925,15.1,12.134,13.866,12.222,13.191,12.904,13.191,15.232,13.836,13.191,14.181,5.2324,8.2427,7.9042,12.265,10.914,12.265,12.753,11.253,10.284,12.09,12.867,10.284,12.09,12.904,13.925,12.753,9.2118,8.2427,6.2015,5.2324,-4.7676,-0.78817,4.7749,4.5266,5.2324,1.253,4.7749,9.2118,7.5369,6.2015,4.2633,7.5369,3.3616,20.855,20.623,23.954,24.434,23.075,23.624,24.36,24.794,23.325,22.528,24.176,24.519,24.123,22.446,19.886,18.413,18.831,17.7,17.341,15.485,16.455,17.447,16.202,16.389,10.351,6.8461,4.7749,4.2633,9.8564,10.547,6.9299,6.4514,5.9284,6.4983,6.6221,6.8227,6.7278,6.9759,7.6188,7.9737,7.6413,7.2549,7.0947,6.7449,6.8287,6.9757,6.8889,6.9162,7.003,7.0219,7.0037,6.9301,7.2513,7.0913,6.8346,6.7333,6.4996,6.3374,6.641,6.9299,7.9443,7.695,7.3148,6.9669,7.0493,7.0563,7.1087,6.8073,6.8974,6.9498,6.8559,6.5734,6.3573,6.251,6.258,6.1231,6.4139,7.2063,6.4279,8.1476,8.0778,7.8398,7.9887,8.4594,8.0027,8.0749,8.1586,7.9858,7.916,7.9443,9.5989,9.5504,9.4486,9.4026,9.4179,9.4282,9.553,9.6722,9.734,9.9831,10.102,10.103,10.22,10.401,10.929,10.994,11.228,11.439,11.744,12.099,12.238,12.35,12.552,12.373,12.806,12.18,11.704,10.036,9.5597,9.5989
17.387,8.056,9.849,8.056,1.5239,-5.4658,5.5033,1.5239,3.5651,7.2059,11.018,15.179,17.798,17.412,18.208,15.949,14.968,16.367,13.672,13.371,10.662,11.898,12.663,9.849,11.567,13.672,12.168,11.392,4.0766,8.5136,8.4259,10.216,10.662,10.818,10.609,10.818,9.849,10.662,13.828,13.138,11.898,12.206,11.066,9.1582,9.653,8.7667,4.0766,2.6633,-5.4658,1.0663,0.55481,5.5033,1.0663,0.55481,8.5136,8.5136,9.3772,8.6839,7.2059,7.6518,8.6839,19.49,21.241,21.93,23.643,22.891,24.096,23.227,24.622,24.908,23.138,24.887,24.413,22.157,22.187,20.772,19.195,19.823,17.147,16.643,15.674,14.787,16.133,14.028,14.534,9.653,6.8387,3.5651,-1.4864,3.8284,8.5136,7.3193,6.9287,6.048,5.7341,5.742,6.9989,7.7922,7.9419,8.2483,8.3263,8.1905,7.75,7.576,7.3956,7.5295,7.3445,7.2419,7.2698,7.0902,7.2061,7.4968,7.5987,7.4054,7.7316,7.4287,7.3846,7.0574,7.1617,6.9897,7.3193,8.4638,8.1239,7.651,7.4424,7.0802,7.1165,7.2609,7.3048,6.8839,7.0093,7.2127,7.0517,6.825,6.6782,6.9374,6.3737,7.0711,8.9445,8.659,8.3736,8.0882,8.5882,8.3028,8.8028,8.3755,8.3226,8.5346,8.2814,8.2718,8.4638,9.1127,8.8969,8.3988,8.2504,7.8792,7.6811,7.8098,7.728,7.5553,7.472,7.4666,7.2255,7.1733,7.0821,7.3216,7.1787,7.1533,7.2195,7.3041,7.3343,7.6741,7.3653,7.1423,7.0775,6.6615,6.7392,6.2025,9.3742,9.0058,9.1127
17.407,8.3869,7.0792,3.4384,-1.6131,6.0212,7.0792,7.4178,10.691,9.9705,10.691,16.367,17.881,16.139,18.219,17.114,16.066,16.408,15.052,14.919,12.366,13.974,14.408,12.764,13.974,13.702,13.356,13.901,10.428,9.0315,8.3869,9.5264,8.64,11.44,8.64,11.397,10.535,10.691,12.733,13.702,10.891,14.069,13.1,9.2505,8.3869,5.547,9.0315,2.5367,1.3972,3.9499,6.0212,6.0212,5.3766,6.712,7.0792,6.4487,7.0792,4.4075,4.4075,5.3766,7.0792,19.779,20.541,21.831,23.198,23.267,23.684,23.02,24.986,24.565,23.267,24.778,23.872,22.138,22.031,20.001,19.251,19.632,17.079,16.825,15.071,15.775,17.079,14.841,14.919,11.309,10.691,4.4075,-5.5925,5.547,9.2505,7.502,7.0389,6.1208,7.0719,8.286,7.4181,7.749,7.8496,8.2603,8.181,8.1638,7.9151,7.6794,7.5239,7.6291,7.6286,7.3284,7.5548,7.6374,7.6612,7.7744,7.671,7.6678,7.6661,7.4975,7.4089,7.0517,6.8487,7.395,7.502,8.5213,8.2349,7.5532,7.6863,7.5484,7.5266,7.7084,7.4078,7.4552,7.3309,7.4586,7.1757,6.9759,6.9341,7.5007,7.4095,7.3427,8.5148,8.5623,8.6685,8.4185,8.3828,8.7908,8.5964,8.4872,8.378,8.2603,8.1279,8.1753,8.5213,10.153,10.12,9.9575,9.9257,9.8531,9.7903,10.134,10.121,10.255,10.299,10.569,10.548,10.767,10.789,11.345,11.426,11.566,11.82,12.11,12.547,12.682,12.806,12.942,12.826,12.759,12.909,12.301,10.198,9.933,10.153
17.427,12.195,11.044,12.414,4.1028,2.6895,-1.4602,4.1028,1.5501,6.1741,8.0822,14.222,16.775,16.561,16.219,15.37,13.282,14.406,12.195,13.134,13.829,12.232,13.397,13.253,14.103,15.072,12.414,15.442,10.581,12.519,11.72,9.6792,9.6792,9.8752,10.844,9.4034,11.418,10.688,12.081,11.803,8.452,12.885,12.519,9.8752,9.4034,5.6998,-1.4602,-1.4602,-1.4602,5.6998,1.0925,2.6895,5.5295,4.5604,3.8546,3.8546,8.7101,10.688,6.1741,11.55,5.5295,21.097,20.038,22.837,23.645,23.334,23.027,23.334,24.495,23.722,22.54,24.108,23.988,22.557,22.225,19.83,18.583,18.479,16.292,16.669,14.994,16.219,15.716,15.424,13.164,6.1741,8.0822,1.0925,-2.4293,7.5707,9.1844,6.0012,5.4611,4.9387,4.4617,5.0582,6.5089,5.659,6.5217,6.862,7.178,7.0987,6.7039,6.3633,6.2135,6.2349,6.2838,6.2509,6.5024,6.521,6.5253,6.3364,6.3925,6.3814,6.482,6.4174,6.2637,6.1085,5.864,5.9793,6.0012,7.4516,6.8423,6.4647,6.4301,6.2017,6.3542,6.2544,6.0753,6.1594,6.0814,5.97,5.8323,5.5527,5.532,5.2823,5.9776,6.4067,6.8357,6.9985,7.2301,7.0712,7.4447,7.4101,7.6204,7.5595,7.6455,7.2024,7.1403,7.0226,7.4516,8.901,8.8449,8.6938,8.684,8.6588,8.7079,8.7948,8.8401,8.9715,9.2402,9.338,9.376,9.4909,9.6082,10.132,10.251,10.469,10.805,11.038,11.439,11.464,11.612,11.762,11.797,11.979,11.898,12.081,9.5848,8.9817,8.901
17.447,13.159,11.384,12.655,2.6554,2.6554,5.4953,5.4953,3.8204,3.8204,8.5056,14.372,17.504,17.59,17.79,15.208,14.188,14.093,12.161,12.485,11.686,11.769,11.384,12.485,13.363,13.611,10.81,13.475,7.6438,9.1502,10.654,10.81,11.559,11.428,10.149,9.6451,8.5056,11.01,8.5056,12.198,9.6451,10.654,11.516,8.0481,7.079,3.8204,1.5159,2.6554,-1.4944,6.1399,2.6554,5.6657,5.6657,5.4953,9.1502,7.079,4.5262,10.149,7.198,11.428,7.5365,19.718,20.119,23.402,24.202,23.115,23.727,23.519,24.317,23.461,21.996,23.74,24.269,22.993,21.95,19.15,18.848,18.125,16.359,17.58,15.682,16.11,16.74,15.862,15.038,11.89,8.0481,5.4953,-8.4841,9.6451,8.5056,6.3119,6.0008,5.3363,5.4293,5.8441,6.5982,6.7292,6.7455,7.1603,7.472,7.2168,6.8948,6.5401,6.3548,6.4599,6.3788,6.2541,6.3166,6.5308,6.5683,6.6734,6.4427,6.6191,6.6091,6.4835,6.3315,6.0283,6.0464,6.1914,6.3119,7.3024,6.9919,6.5588,6.5841,6.1581,6.3438,6.569,6.3205,6.3263,6.3146,6.3581,6.0559,6.0442,6.0325,6.2395,6.6147,6.8004,7.3767,7.9118,8.1563,7.8228,7.88,7.8858,7.8154,7.8625,7.8508,7.5544,7.8127,7.3141,7.3024,8.3723,8.0363,7.716,7.5245,7.2442,7.0295,6.9945,6.8995,6.7133,6.762,6.6929,6.5072,6.4054,6.3594,6.6147,6.5334,6.5063,6.7122,6.6464,6.8119,6.8534,6.6794,6.7157,6.4797,6.574,6.2652,6.5317,6.0507,7.9435,8.3723
17.467,10.512,10.668,5.5232,1.3735,6.425,7.5013,5.5232,1.3735,6.6883,10.512,15.353,16.851,16.042,17.657,15.54,15.066,15.523,13.105,13.017,12.987,13.678,15.265,12.987,14.252,14.045,12.987,13.678,8.6163,6.9365,8.3632,10.007,12.055,12.513,9.2268,10.668,10.404,9.2268,9.6986,11.241,11.374,13.017,12.741,10.867,6.9365,6.6883,3.9262,-5.6162,1.3735,5.3529,7.5013,8.2755,5.9975,7.5013,3.678,5.9975,9.9468,7.0555,7.0555,8.3632,7.9056,20.372,20.94,22.788,23.333,23.105,23.838,23.678,24.75,25,22.875,25.002,23.861,21.692,21.772,19.898,19.435,19.248,17.448,17.828,15.606,16.996,17.564,14.491,14.491,8.3632,5.3529,-8.6265,1.3735,9.6986,10.668,6.7949,6.2543,5.7805,6.0884,6.057,6.5999,6.3335,6.8901,7.541,7.3222,7.5433,7.1664,7.0417,6.7026,6.833,6.6873,6.7978,6.7892,7.0373,6.9598,6.9084,6.8003,6.6857,6.8339,6.6914,6.4117,6.3603,6.0668,6.2207,6.7949,7.5982,7.4333,7.0382,6.8875,6.8706,6.6474,6.8754,6.7035,6.4994,6.4494,6.6917,6.3754,6.1711,6.0717,5.9904,6.2045,6.6637,7.5864,8.3673,7.9304,7.7148,7.7934,7.737,7.7663,7.6,7.6542,7.4931,7.6219,7.4608,7.5982,8.4512,8.1599,7.8515,7.5955,7.298,7.117,7.1759,7.0015,6.9393,6.8765,6.81,6.6485,6.5215,6.5005,6.748,6.6569,6.6221,6.7863,6.8276,7.0521,6.9465,6.7788,6.6064,6.3579,6.5247,6.1967,5.7268,9.0041,8.4574,8.4512
17.487,11.568,8.6851,8.0572,1.525,-5.4647,2.6645,1.525,6.149,10.556,11.778,16.63,18.635,18.382,18.768,15.675,15.066,15.417,13.673,14.643,14.47,14.706,16.368,15.066,14.078,15.047,14.535,14.102,8.5147,10.663,8.7678,9.5868,10.217,10.663,11.695,10.819,11.568,10.556,12.207,12.353,10.556,11.525,11.695,8.5147,8.7678,3.5662,-1.4853,-2.4544,-2.4544,5.5044,6.5765,7.5456,6.8398,7.6529,6.8398,9.5868,6.8398,10.819,4.5353,10.819,8.7678,20.401,20.731,23.426,24.396,24.022,23.906,24.204,24.823,23.739,22.143,24.367,24.308,21.923,20.407,19.189,18.409,17.288,15.823,16.644,15.624,15.95,15.675,14.448,14.969,9.1593,3.8295,7.2071,4.5353,11.778,10.819,12.195,12.171,11.387,10.621,9.2499,8.1448,8.5415,9.2633,9.0822,9.1451,9.3011,9.1163,9.1017,9.1193,9.3307,9.5411,9.6739,9.9045,10.325,10.627,10.631,10.723,10.908,11.173,11.373,11.25,11.217,11.289,11.7,12.195,7.7574,7.615,7.253,7.4229,7.236,6.9056,7.0195,6.9782,6.8681,6.8824,6.8966,6.5336,6.4235,6.3943,6.5939,5.9646,7.5497,8.0276,7.862,8.198,8.2122,7.8279,8.1715,8.2938,8.2312,8.1687,7.8349,7.6305,7.7098,7.7574,8.783,8.4843,8.2633,8.0386,7.7762,7.5682,7.5463,7.4137,7.3185,7.2812,7.2649,7.1076,7.0086,7.0313,7.2991,7.2808,7.2682,7.4544,7.637,7.7343,7.7244,7.7431,7.7229,7.4841,7.555,7.4042,8.3133,9.1108,8.6391,8.783
17.507,10.594,9.4546,7.4134,-3.5557,2.7282,2.7282,-2.5866,4.5735,2.7282,11.393,13.946,17.308,16.975,17.352,15.7,12.519,13.541,10.467,12.156,12.156,14.523,13.868,13.095,16.412,14.403,14.298,14.573,10.336,10.798,9.5619,9.9176,11.393,12.728,11.563,9.0569,7.4134,10.291,12.976,9.9176,11.252,9.9661,10.798,8.058,6.9558,0.42372,-2.5866,-6.566,-2.5866,6.5516,7.4134,6.5516,7.4134,6.1057,9.9661,7.4134,9.5619,9.7179,6.1057,8.5529,7.5838,20.196,20.701,22.782,23.697,23.445,23.712,23.604,24.575,24.052,22.519,24.065,23.959,21.287,20.215,17.584,17.78,16.878,12.804,14.315,14.298,15.529,15.475,13.604,14.022,8.277,2.9764,2.9764,5.7385,11.393,12.271,7.269,6.8361,6.064,5.7554,7.5581,6.9541,6.7224,7.4655,8.3847,8.4368,8.1662,7.9089,7.6245,7.247,7.347,7.5508,7.4534,7.6195,7.5853,7.7128,7.5165,7.7128,7.5907,7.7446,7.5939,7.5164,7.1742,6.99,6.973,7.269,8.119,7.7752,7.5171,7.2678,7.1312,7.1931,7.3144,6.9211,6.861,6.7909,6.9577,6.4886,6.2807,6.067,5.7701,6.1167,7.8543,9.5918,8.9419,8.3925,8.1268,8.0825,8.5942,8.5958,7.9772,8.2131,8.1037,7.8951,8.0941,8.119,8.8735,8.6708,8.3495,8.1602,7.9317,7.7138,7.616,7.4588,7.415,7.3593,7.3371,7.1924,7.0675,6.9056,7.183,7.3175,7.3285,7.6321,7.825,8.0977,7.7255,7.7657,7.7504,7.5337,7.4753,7.8885,8.3924,8.6512,8.7945,8.8735
17.527,10.704,6.8316,6.7244,-3.2756,-9.2962,3.0083,3.2565,3.7141,6.7244,11.567,15.659,18.012,17.813,17.971,16.182,14.578,14.786,13.582,13.559,12.039,13.008,13.008,10.957,13.626,10.957,13.257,12.983,10.616,10.572,10.747,9.0289,9.7347,11.078,10.198,8.7656,10.246,8.8329,9.8419,9.998,9.7347,11.843,11.348,7.2359,5.3278,0.24624,-6.2859,-2.3065,1.8432,5.7553,9.0289,6.7244,8.8329,6.3858,11.386,9.2771,10.246,12.317,8.8329,11.386,9.998,19.653,19.998,22.571,23.681,23.008,23.582,23.539,24.897,23.936,22.514,24.177,23.411,21.694,20.27,17.158,16.467,15.863,12.745,12.983,11.843,11.078,10.957,10.704,9.998,4.8535,4.6832,9.337,8.8329,13.821,14.87,12.974,13,12.483,11.934,9.4935,8.3784,8.5387,8.9177,9.4765,9.7648,9.7308,9.5564,9.539,9.43,9.7776,10.042,10.048,10.382,10.921,11.12,11.203,11.414,11.618,11.811,12.005,12.106,12.343,12.258,12.592,12.974,8.3194,7.966,7.7196,7.5077,7.4578,7.6448,7.4237,7.3027,7.2135,7.3237,7.1026,6.6873,6.352,6.1341,6.2623,5.9857,9.3143,8.7715,9.0828,9.0512,8.9932,8.7721,8.9269,8.6825,8.9939,8.3955,8.4994,8.2883,8.0847,8.3194,9.0614,8.8721,8.5847,8.2897,8.0806,7.8744,7.8344,7.6892,7.5575,7.5954,7.471,7.1714,7.1445,7.1108,7.4592,7.4546,7.4845,7.5737,8.0222,8.2775,8.1808,7.9038,8.0052,8.1019,8.6022,8.9264,9.0892,8.9179,9.1314,9.0614
17.547,9.4859,9.0417,2.052,-2.0977,-6.0771,-2.0977,-3.0668,3.9229,9.6049,11.74,16.202,17.815,17.815,18.41,16.535,15.145,13.489,13.465,13.191,11.083,12.644,14.03,12.28,13.923,13.465,12.248,13.217,9.6049,11.594,11.882,10.207,9.0417,9.0417,8.1553,9.2377,12.052,9.5458,12.556,10.825,10.78,11.083,10.207,9.0417,7.0404,5.0623,-6.0771,-6.0771,-2.0977,5.5365,6.2274,6.5946,7.8145,5.5365,9.6049,9.0417,10.406,9.4859,8.1553,11.594,10.913,19.856,20.851,22.135,23.409,22.813,23.293,23.331,24.687,24.675,23.053,24.621,23.584,19.987,19.878,16.944,17.196,16.583,14.03,12.872,12.615,13.061,12.872,7.8145,7.0404,-3.0668,5.0623,9.2377,10.913,13.791,16.031,5.8768,5.6158,4.9087,4.2571,7.4769,5.9844,5.9208,6.7845,7.3412,7.1209,7.1304,6.672,6.4285,6.062,6.0844,6.1942,5.9416,6.0725,6.4037,6.6063,6.1983,6.0706,6.387,6.2964,6.3747,6.208,5.9909,5.8474,5.8849,5.8768,10.198,10.256,10.255,10.124,10.243,10.47,10.561,10.418,10.702,10.977,11.004,11.135,11.04,10.883,10.827,10.486,9.5581,8.308,8.8673,8.5888,8.366,8.8433,9.1052,9.1776,9.719,9.2837,9.6993,9.8347,9.6108,10.198,7.8046,7.59,7.3826,7.1502,6.879,6.6701,6.5398,6.3242,6.3043,6.3114,6.2543,6.002,5.8592,5.68,6.0939,6.0806,6.0183,6.2113,6.7134,6.8145,6.4098,6.4483,6.3842,5.9234,7.2547,7.8873,7.8802,7.9169,7.792,7.8046
17.567,10.346,11.037,6.6916,2.7122,-0.75567,-4.2775,-0.29809,5.7225,11.345,11.743,17.321,18.008,17.605,17.904,15.733,15.723,14.311,13.852,14.048,13.934,15.216,13.3,14.079,15.635,13.3,12.374,14.559,10.671,11.069,10.671,11.661,9.1958,10.076,10.076,7.831,8.7328,6.9447,9.7019,9.955,8.84,10.076,11.981,10.076,7.831,6.6916,-1.2672,-10.298,3.8516,4.3259,5.2649,2.0064,5.8297,0.84134,7.831,8.3942,6.234,5.3839,5.8297,9.5696,6.6039,19.438,20.435,22.286,23.357,22.371,23.181,23.054,23.959,23.738,21.145,24.1,23.852,21.486,20.566,17.937,16.692,14.821,12.819,13.146,11.316,11.981,12.082,10.233,5.3839,-0.29809,3.8516,8.7328,11.345,15.83,13.999,6.0793,5.5666,4.8026,4.2456,2.6195,6.1693,8.4701,8.2349,7.8208,7.4806,7.4253,7.0097,6.7565,6.5294,6.6522,6.4669,6.4378,6.4805,6.5194,6.4307,6.5687,6.551,6.39,6.4495,6.205,5.8519,5.8586,5.9063,5.7859,6.0793,7.4683,6.8609,6.5907,6.4583,6.6811,6.5437,6.2523,6.3376,6.368,6.4221,6.4705,6.0365,5.8008,5.4911,5.5644,5.0877,7.8944,8.1476,8.415,7.6752,7.8808,7.9016,8.0441,7.7823,7.7369,7.7005,7.5223,7.4632,7.436,7.4683,8.0726,7.8986,7.5577,7.3232,7.041,6.8505,6.8036,6.6481,6.5331,6.4775,6.4325,6.1699,6.092,5.9166,6.1532,6.1108,6.1471,6.325,6.6376,6.6984,6.6936,6.5906,6.3358,5.8963,6.1842,8.3238,8.502,8.266,7.9308,8.0726
17.587,11.684,9.9081,8.7327,5.7224,2.3449,-0.92867,-2.9699,8.1696,10.685,12.712,16.495,18.626,17.675,18.275,16.283,14.386,14.527,13.714,15.355,14.783,16.495,15.555,15.906,17.771,16.862,15.265,16.969,12.319,11.654,9.5829,10.685,8.6737,10.904,12.617,11.408,11.18,8.1696,12.421,11.408,7.0301,11.408,9.3346,10.04,7.0301,4.0198,-2.9699,-9.9596,5.0919,7.0301,3.0507,9.1253,4.1902,6.1683,9.5343,10.04,6.061,10.415,4.6644,10.293,8.6138,19.908,20.415,23.684,24.4,23.256,23.027,23.537,24.819,23.553,22.117,23.56,24.532,22.306,20.474,18.498,17.829,17.2,15.33,15.804,13.733,13.484,13.304,12.712,11.999,4.6644,0,4.6644,8.1696,14.02,13.639,11.47,11.39,10.668,10.859,10.015,9.6306,9.0279,8.6915,8.833,8.9178,8.983,8.7964,8.7405,8.6835,9.1302,9.2706,9.3692,9.7667,10.103,10.215,10.244,10.321,10.666,10.72,10.884,10.942,10.798,10.894,11.062,11.47,7.3748,6.9906,7.1698,6.6884,6.7517,6.5839,6.7783,6.3266,6.2725,6.2831,6.2938,6.1736,5.9123,5.5742,5.5198,6.147,7.0579,8.2906,8.0944,7.9361,7.2763,7.9209,7.2748,7.6059,7.4946,7.6201,7.1098,6.8851,7.2058,7.3748,9.5556,9.526,9.4198,9.3809,9.4135,9.4174,9.5197,9.5328,9.6708,9.8943,10.074,10.051,10.099,10.172,10.673,10.957,11.182,11.343,11.84,12.115,12.254,12.38,12.483,12.39,12.951,11.68,9.5992,9.7745,9.3298,9.5556
17.607,9.5622,9.5622,9.7581,6.057,-1.5773,-1.5773,5.4124,9.5622,10.125,11.807,15.088,16.722,17.15,17.887,15.253,13.077,14.01,12.768,14.356,13.712,13.392,15.532,14.311,15.731,14.443,13.986,13.738,10.975,11.301,9.2863,8.5931,8.4227,9.5622,9.5622,7.115,9.2863,11.301,9.5622,9.2863,9.0673,10.518,10.125,9.4948,7.5609,7.5609,-8.567,-1.5773,-2.5464,5.4124,0.97546,6.4845,4.4433,6.7478,8.4227,6.4845,6.7478,6.9961,6.4845,10.464,7.115,19.286,19.286,22.402,23.103,22.314,22.562,22.844,24.428,23.531,20.898,23.48,24.01,21.964,20.571,17.828,16.027,16.552,14.378,14.105,13.528,14.105,13.712,11.345,10.727,3.9858,-1.5773,-1.5773,7.4536,12.402,13.738,11.914,11.401,10.861,10.088,9.9065,9.9253,9.1967,9.0911,9.2575,9.2607,9.2266,9.1136,9.0144,8.9192,9.3997,9.3748,9.6257,10.096,10.217,10.485,10.471,10.571,10.929,11.043,11.192,11.248,11.37,11.144,11.71,11.914,7.6973,7.3293,7.1412,7.0816,7.2005,6.8135,6.8286,6.3641,6.6614,6.6632,6.7312,6.5839,6.1062,5.9044,6.156,7.5249,7.5342,8.4708,8.3002,7.8458,7.5333,7.6844,8.2341,8.3085,7.8541,8.082,8.0145,7.702,7.8532,7.6973,8.6631,8.398,8.1826,7.8978,7.7153,7.5248,7.4006,7.2155,7.1732,7.072,7.0418,6.8848,6.7361,6.4756,6.876,6.8629,6.8976,6.9678,7.2214,7.2153,7.2092,6.9967,7.0869,7.001,6.4778,6.6368,9.3319,9.0273,8.7227,8.6631
17.627,7.6233,8.7628,6.9175,6.9175,2.7422,7.1658,7.6233,10.897,10.688,13.335,16.572,19.061,18.505,18.125,17.226,14.866,14.274,13.216,14.866,14.525,13.882,14.987,13.907,14.481,12.742,12.572,12.742,7.6233,8.5924,8.5047,10.295,9.7319,12.742,11.773,11.515,10.236,10.741,10.897,10.741,8.1349,10.295,11.646,10.295,9.7319,2.7422,-5.387,-2.3767,-1.4076,5.7525,6.9175,4.1555,5.7525,2.7422,9.456,4.613,5.5821,10.236,7.6233,10.176,10.897,20.513,21.827,23.548,24.624,23.628,24.001,23.305,25.121,24.289,22.705,24.175,24.492,22.005,21.212,18.268,16.918,17.558,15.047,15.144,13.562,14.613,14.547,13.246,11.47,5.5821,-1.4076,0.63365,7.6233,13.186,12.572,12.239,11.991,11.129,9.7288,9.2615,8.9398,9.2791,9.3998,9.3522,9.4026,9.3896,9.1296,9.1767,9.1793,9.4287,9.5457,9.63,9.8629,9.9581,10.341,10.607,10.586,10.677,11.047,10.771,10.986,11.166,11.239,11.72,12.239,8.2979,8.0546,7.7706,7.4135,7.3268,7.4015,7.6547,7.1832,7.0866,7.0136,7.0281,6.8095,6.7902,6.2167,6.2544,6.5583,7.845,7.8827,9.0451,8.3187,9.065,8.5835,8.2995,8.9075,8.2505,8.572,8.5048,8.3256,8.3633,8.2979,10.125,10.108,9.8692,9.8851,9.6977,9.7516,10.091,10.164,10.167,10.274,10.491,10.418,10.557,10.799,11.294,11.406,11.622,11.82,12.255,12.4,12.826,12.823,13.037,13.022,12.672,11.992,10.811,10.415,9.8775,10.125
17.647,8.6143,9.4779,8.1567,5.604,1.6246,-1.3857,6.9394,8.8674,11.625,13.208,15.604,18.157,16.468,17.699,14.005,12.992,15.146,13.903,13.327,13.666,13.268,13.929,11.625,13.472,13.356,11.668,11.492,7.7524,7.7524,7.7524,8.1567,8.8674,9.2589,8.6143,9.4779,9.7537,8.5266,10.656,8.1567,9.7537,9.9497,10.317,4.6349,5.604,-5.3651,-8.3754,-8.3754,3.9291,5.7743,7.7524,6.2486,2.764,5.604,6.6761,3.6658,6.2486,10.656,9.2589,10.709,9.4779,19.8,21.074,22.243,23.286,23.295,23.744,24.129,25.257,24.955,22.811,24.723,24.322,21.882,20.893,18.785,17.867,17.513,16.743,15.604,13.773,14.678,15.707,12.594,11.999,6.2486,3.6658,3.9291,6.2486,13.238,13.238,10.862,10.603,9.8404,9.3107,7.9956,8.4311,8.4418,8.2006,8.129,8.0629,8.0348,7.7889,7.8121,7.6948,7.9612,8.0373,8.0362,8.3649,8.7127,8.8033,9.2758,9.2758,9.2866,9.619,9.4814,9.5478,9.6073,9.9282,10.506,10.862,10.101,9.9952,9.7433,10.116,9.7339,9.7993,10.311,10.483,10.475,11.166,11.038,10.968,11.447,10.976,11.47,9.7494,8.8144,7.6343,8.3177,8.2548,8.5963,9.4396,8.8438,9.3377,9.1881,9.4433,9.996,9.9295,10.16,10.101,8.9717,8.9695,8.8028,8.8218,8.62,8.6585,9.0095,9.0598,9.0941,9.2382,9.3634,9.3236,9.4743,9.7339,10.177,10.333,10.572,10.738,11.113,11.4,11.83,11.785,11.962,11.787,11.755,11.205,8.9492,8.9642,9.141,8.9717
17.667,9.1288,10.496,7.0277,2.5367,-9.5045,-9.5045,1.635,4.6453,10.038,13.048,15.238,16.86,17.028,17.859,13.88,11.323,12.455,11.026,11.635,12.198,12.342,12.8,13.167,13.418,11.831,11.14,13.506,8.6247,9.1879,9.1879,9.1879,8.6247,11.026,10.038,8.5573,9.1879,12.227,10.539,12.227,10.496,10.539,12.227,8.1298,9.6337,5.8103,-6.4942,-2.5148,-6.4942,2.8,-2.5148,1.635,4.6453,3.5058,4.6453,8.6247,4.6453,6.6234,7.0277,9.7897,5.1195,19.488,19.639,22.079,23.549,23.242,23.543,23.714,24.753,24.613,22.636,24.307,24.077,22.133,21.547,18.821,16.95,18.175,16.483,14.578,12.537,13.939,13.759,11.465,11.831,4.6453,-2.5148,6.6234,8.8206,13.939,14.728,11.467,10.871,10.38,10.533,8.0071,10.194,8.6516,8.4824,8.5795,8.4103,8.3882,8.223,8.0827,8.0251,8.3802,8.5024,8.6193,8.8829,9.4414,9.5617,9.7678,10.062,10.303,10.291,10.366,10.333,10.427,10.666,11.181,11.467,7.1836,6.7824,6.3643,6.2591,6.3624,6.1672,6.2525,5.9671,5.8811,5.9896,5.8709,5.5855,5.4554,5.3649,5.3602,5.5403,6.2871,6.3904,7.8458,6.9187,7.4682,7.1078,7.2666,8.3527,7.5287,7.632,7.185,7.1776,6.9203,7.1836,9.0895,9.1196,9.0283,8.9898,8.8836,8.8758,9.0944,9.1782,9.2705,9.398,9.5263,9.478,9.6815,9.7408,10.267,10.396,10.583,10.868,11.209,11.534,11.766,11.858,12.047,11.844,11.754,10.564,9.4292,9.4254,8.9947,9.0895
17.687,6.4003,4.329,4.329,2.9157,1.7763,4.0808,4.7866,8.3084,8.766,12.458,15.668,17.339,16.489,16.935,15.668,12.745,10.807,11.947,11.07,10.807,12.458,14.081,13.42,14.83,14.157,12.421,14.081,9.9054,11.07,9.9054,11.947,9.4106,12.421,12.151,11.776,11.07,9.4106,11.27,11.319,8.766,10.35,12.64,9.6296,9.9054,5.7557,-5.2134,-1.234,-1.234,6.8278,3.8175,0.80718,4.7866,5.926,9.019,9.6296,9.019,7.4583,8.3084,11.07,9.9054,20.011,20.063,22.742,23.685,23.219,23.435,23.735,24.612,24.063,22.906,24.254,24.001,21.362,20.41,18.06,17.399,17.458,15.45,13.39,13.735,15.317,15.45,14.894,14.28,6.4003,-1.234,-5.2134,4.0808,10.807,11.776,11.728,11.189,10.245,9.1033,7.8931,8.4432,8.3614,8.3447,8.6498,8.5468,8.6545,8.4959,8.494,8.3899,8.6637,8.6471,9.2739,9.2397,9.8453,10.227,10.335,10.45,10.574,10.742,10.836,10.93,10.933,11.118,11.401,11.728,10.345,10.404,10.28,10.269,10.578,10.53,10.568,10.621,11.046,11.243,11.261,11.227,11.103,11.012,11.549,12.995,10.837,8.356,8.6953,8.571,8.4467,8.786,9.1809,9.3662,9.6109,9.6742,10.222,10.254,10.027,10.345,8.2084,7.9747,7.7073,7.437,7.107,6.9165,6.9573,6.7498,6.5495,6.5129,6.489,6.2336,6.2019,6.065,6.3009,6.1674,6.3498,6.3987,6.6676,6.7667,6.7778,6.6035,6.4607,6.2454,5.7258,5.3256,8.5893,8.4928,8.2281,8.2084
17.707,7.097,6.4665,3.9677,2.5544,3.7195,5.3944,0.44588,8.4047,13.118,13.147,16.069,17.178,15.394,17.038,16.024,13.694,14.533,10.709,10.909,11.946,13.456,13.029,10.909,13.719,13.029,12.75,14.293,10.553,11.415,11.946,8.6577,10.709,9.7401,10.5,10.446,13.029,10.048,12.097,13.029,11.668,12.097,10.553,7.4356,9.0493,6.039,-8.585,-5.5747,-8.585,6.039,5.3944,5.3944,5.5647,-1.5953,7.5428,9.2683,3.7195,8.4047,9.5441,10.957,9.2683,18.343,19.797,21.415,22.725,23.44,24.161,23.694,25.528,26.1,23.773,24.566,24.075,20.018,21.354,19.401,17.899,17.303,16.37,15.84,13.719,15.013,16.37,14.087,13.968,9.7401,3.7195,-1.5953,3.7195,10.957,12.279,11.595,11.271,10.326,9.579,8.9775,8.278,8.1189,8.7452,8.7512,8.6017,8.6267,8.6867,8.5552,8.4711,8.7123,8.6526,8.673,9.2917,9.5781,9.911,10.14,10.362,10.513,10.693,10.67,10.839,10.802,11.172,11.044,11.595,7.7218,7.6917,7.0514,7.2733,6.633,6.7194,6.7444,6.5872,6.5492,6.4259,6.4171,6.4066,6.4411,6.0638,5.7453,6.5926,7.8449,5.9556,8.3738,8.4601,7.9997,7.6257,7.8263,8.0821,8.3477,8.3648,7.8013,8.0019,7.6279,7.7218,8.4865,8.32,7.8738,7.7682,7.4615,7.1982,7.2869,7.1223,6.9788,6.7819,6.8274,6.6286,6.6236,6.4347,6.664,6.8179,6.7738,6.8357,7.1306,7.1051,7.3648,7.141,7.1632,6.8701,6.4769,6.456,7.6337,8.9649,8.4299,8.4865
17.727,4.4084,6.0221,5.5478,6.0221,3.4393,6.4496,8.3001,9.0324,11.31,14.516,15.29,18.063,17.526,16.876,14.939,13.042,11.398,10.429,10.941,11.441,12.08,12.538,13.012,14.07,12.765,12.262,13.975,9.5272,11.398,11.772,11.266,10.429,8.6409,12.08,9.4599,10.892,10.941,12.367,11.929,9.0324,11.772,10.692,11.568,6.7129,-1.6122,-1.6122,-1.6122,3.4393,4.4084,5.3775,4.4084,6.4496,6.0221,9.5272,5.5478,7.0801,9.7232,6.7129,11.772,10.536,20.297,20.542,23.623,24.871,23.493,23.905,24.24,25.267,24.077,22.405,24.276,24.556,22.62,20.892,18.73,17.021,17.115,15.48,15.885,15.992,15.885,17.264,15.631,16.007,8.5581,4.4084,-8.6019,1.3981,12.538,11.772,11.968,11.124,10.38,9.2705,8.7242,8.5829,8.4415,8.6807,8.9442,9.014,8.9833,8.9007,8.8112,8.6773,8.9481,9.0989,9.2423,9.7065,10.209,10.431,10.587,10.515,10.975,10.908,10.958,11.163,11.165,11.49,11.615,11.968,7.8426,7.6305,7.3654,7.1378,7.0267,6.945,6.7314,6.7067,6.6446,6.6744,6.455,6.3611,6.3268,6.0658,5.976,7.0964,7.5733,8.5138,8.527,7.8968,7.91,8.0651,8.1371,8.3579,8.513,7.7816,7.8484,8.0298,7.7678,7.8426,8.8195,8.432,8.2377,7.9832,7.7348,7.522,7.4337,7.2925,7.1243,7.1446,7.1156,6.9784,6.8448,6.7328,7.0154,7.1275,7.2401,7.3593,7.5465,7.5541,7.5617,7.4916,7.4101,7.1583,7.0604,7.0313,8.6286,8.7969,8.699,8.8195
17.747,5.8289,8.6689,12.324,9.5325,7.3612,8.6689,8.6689,11.679,13.382,14.351,16.333,19.011,17.568,16.968,14.86,12.053,12.543,11.222,11.591,12.361,13.526,12.819,12.648,15.371,11.679,11.85,12.324,8.8392,13.382,11.722,10.372,8.922,12.21,10.817,10.253,11.85,10.312,9.8083,10.817,10.71,11.679,12.543,10.372,7.3612,5.6586,-8.3208,-2.3002,1.6792,7.2422,6.7307,7.3612,7.3612,6.7307,6.3032,10.817,7.807,10.004,8.2113,12.361,9.8083,20.453,20.963,23.682,24.847,24.154,24.778,24.778,26.177,25.697,23.549,24.831,24.934,23.018,22.267,20.036,17.963,17.349,16.731,16.798,15.371,16.303,15.912,13.526,13.638,8.5812,3.9837,8.2113,7.3612,13.411,13.984,11.561,10.969,10.277,9.6597,9.4396,8.8156,9.1715,9.0259,9.1872,9.033,9.0896,8.9261,8.8577,8.6886,9.131,9.0794,9.337,9.7456,9.9217,10.364,10.171,10.395,10.588,10.567,10.76,10.67,10.732,10.77,10.986,11.561,8.2232,7.8292,7.7601,7.6566,7.2651,7.1817,7.1301,6.9418,7.0379,6.9682,7.0091,6.7796,6.7546,6.4738,6.8132,7.3178,9.3932,8.6487,8.8315,8.5507,8.4351,8.6094,8.4937,8.5934,8.6068,8.326,8.4008,8.1968,8.1822,8.2232,8.8881,8.6757,8.4022,8.1666,7.8908,7.748,7.678,7.5235,7.4211,7.3646,7.3258,7.136,7.0652,6.9007,7.1867,7.329,7.1801,7.4712,7.5652,7.8145,7.8118,7.6308,7.7027,7.3784,7.3812,7.6384,8.8492,8.7226,8.7792,8.8881
17.767,5.7958,7.1312,11.111,11.684,10.39,9.8782,10.39,13.46,14.095,15.338,16.975,18.181,17.131,17.439,13.663,12.785,12.498,12.069,13.46,12.956,13.912,13.43,14.095,15.796,13.43,11.31,13.858,10.141,13.965,11.111,8.7184,7.9442,8.8061,11.111,7.1312,9.0592,9.6697,9.9455,10.45,7.9442,9.9455,8.9764,9.9455,8.3485,2.9558,-1.1939,4.1209,4.8267,6.8679,4.1209,6.8679,4.8267,5.9661,9.0592,7.1312,7.4984,9.9455,6.8679,12.191,10.39,19.985,19.54,22.698,24.507,23.46,23.649,23.849,24.997,24.095,22.438,23.989,23.519,22.328,21.246,18.718,16.772,16.935,16.44,16.425,14.87,15.415,15.796,14.369,14.095,8.8061,-1.1939,3.8576,7.9442,14.321,13.663,11.458,10.922,10.321,10.034,9.4785,9.3409,9.2032,9.4922,9.3185,9.4338,9.3273,9.1296,8.944,8.988,9.1323,9.3552,9.5948,9.7669,10.334,10.289,10.418,10.363,10.533,10.61,10.735,10.741,10.699,10.78,10.998,11.458,8.2759,8.1157,7.8761,8.0301,7.733,7.4288,7.3456,7.0411,7.3213,7.2985,7.2627,7.0649,6.7211,6.6476,6.6431,8.6041,8.41,8.7059,8.8988,8.3829,8.3571,8.5499,8.7982,8.8371,8.5996,8.4086,8.5692,8.8175,8.2552,8.2759,9.1568,8.8361,8.5932,8.3993,8.1657,7.9878,7.9024,7.6704,7.6016,7.6155,7.5642,7.4232,7.3222,7.1737,7.5752,7.5908,7.7039,7.825,7.913,8.0371,8.0031,7.7842,7.8018,7.4626,7.5912,7.7886,9.415,9.2595,9.1094,9.1568
17.787,8.5725,9.9079,12.722,11.077,9.9079,8.5725,10.877,11.583,13.862,14.136,16.426,17.657,16.872,16.872,14.636,11.753,9.9079,9.712,10.156,12.227,12.552,12.722,12.411,14.438,11.836,10.721,11.583,10.614,13.43,12.722,7.7107,8.8256,10.275,10.668,12.265,9.9079,11.125,8.5725,9.712,11.957,8.7429,10.668,8.1149,7.2648,0.61372,-1.4275,-2.3966,3.8873,7.2648,7.7107,8.1149,8.7429,4.1355,10.721,10.275,7.7107,9.712,8.7429,11.583,7.6034,19.785,20.532,22.742,24.089,23.755,24.336,24.273,25.21,24.336,23.025,23.702,24.05,22.063,20.953,18.182,16.702,16.872,15.238,15.105,15.238,15.733,15.733,12.655,10.877,10.216,0.61372,5.7326,8.5725,14.438,14.087,11.725,11.209,10.722,10.17,9.581,9.7085,9.8096,9.6154,9.7507,9.5602,9.5333,9.3252,9.2765,9.1632,9.3366,9.5162,9.7417,10.135,10.537,10.8,10.624,10.846,10.852,10.992,11.124,11.175,11.026,11.514,11.473,11.725,8.7756,8.1307,7.9879,7.8972,7.8387,7.6303,7.5931,7.6589,7.5274,7.641,7.4792,7.4206,6.843,6.7437,6.6529,5.9333,8.4973,9.2717,9.3911,9.1896,9.508,8.5911,9.318,9.1727,8.9713,9.2249,8.9553,9.0212,8.5679,8.7756,9.2588,9.0571,8.7233,8.5639,8.2824,8.0817,8.0059,7.8393,7.673,7.587,7.6303,7.447,7.2695,7.2148,7.6178,7.616,7.6956,7.8408,7.9616,8.0824,7.9614,7.8436,7.7083,7.6672,7.6155,9.2854,9.2231,9.4095,9.0344,9.2588
17.807,8.0229,10.183,8.6508,9.6199,7.5113,9.125,5.4701,10.124,12.858,14.346,16.806,17.161,16.61,17.161,14.608,13.074,11.033,10.064,11.403,10.124,12.63,12.826,11.358,11.865,10.124,10.985,11.661,9.6199,12.63,13.223,11.491,10.785,10.124,10.985,11.661,11.491,8.7335,12.63,10.785,10.785,9.6199,11.403,6.1147,6.1147,0.52164,-1.5196,1.4907,0.52164,3.5319,4.0435,6.1147,6.1147,6.5422,8.0229,7.0538,6.1147,6.5422,8.4804,12.135,10.985,20.522,21.263,22.301,23.494,23.838,24.162,23.754,24.987,25.134,22.902,24.111,24.177,21.185,20.759,17.775,17.173,16.348,15.311,13.795,13.995,14.935,15.311,12.46,10.522,7.0538,-8.5093,1.0332,9.8158,13.871,14.162,10.814,10.321,9.3732,8.8568,8.3229,8.187,8.5391,8.5614,8.4446,8.3414,8.1854,8.0987,8.0702,7.9307,8.0578,8.2162,8.4852,8.6123,9.203,9.3671,9.3329,9.6495,9.628,10.092,10.033,9.9699,10.199,10.468,10.522,10.814,10.474,10.428,10.513,10.522,10.429,10.362,10.659,10.777,10.998,11.017,11.337,11.338,11.596,11.498,11.756,11.169,8.8323,9.0313,8.9086,8.7859,9.0437,8.9454,9.2032,9.5442,9.7432,10.025,10.283,10.019,10.443,10.474,8.2378,7.9204,7.6252,7.3733,7.093,6.8899,6.8945,6.7578,6.6104,6.4821,6.4861,6.3659,6.1757,6.1414,6.2761,6.4827,6.3877,6.5564,6.6676,6.966,6.9035,6.7797,6.5039,6.3089,6.2938,5.1715,8.7616,8.9651,8.2405,8.2378
17.827,7.5256,4.5153,9.3583,9.6341,7.187,7.6328,7.187,10.138,10.799,12.644,15.671,17.58,17.068,16.794,15.197,11.675,12.644,8.0371,10.536,11.548,12.187,12.15,11.548,12.15,11.373,10.643,12.15,8.4947,11.879,10.643,11.417,11.047,12.474,12.187,10.799,10.799,12.369,13.464,12.036,11.047,11.047,12.644,10.799,9.3583,5.4844,-1.5053,-1.5053,-1.5053,8.0371,6.129,8.4947,8.4947,5.4844,8.4947,6.129,8.4947,8.7478,7.187,11.373,7.187,20.448,20.774,23.614,24.06,23.719,23.653,23.945,24.949,24.009,22.383,23.771,24.012,22.869,21.071,18.17,16.794,16.933,15.046,15.851,13.653,14.89,15.484,14.515,12.369,8.665,-5.4847,-2.4744,8.0371,14.009,13.119,11.121,10.295,9.7402,8.9481,8.3344,8.2066,8.3001,8.3793,8.6325,8.6397,8.596,8.4725,8.2902,8.0349,8.4447,8.6531,8.7925,8.9495,9.5526,9.5924,9.7071,9.7079,9.8309,10.153,9.9842,10.28,10.392,10.59,10.699,11.121,7.5258,7.5169,7.1862,7.1217,6.7698,6.7345,6.4177,6.2824,6.3845,6.4422,6.2534,6.1201,6.1324,5.6737,5.2524,5.2434,6.6254,7.7236,8.1784,7.9064,7.8387,7.6499,8.2466,7.9159,7.8482,7.898,7.8456,7.8569,7.3242,7.5258,8.2335,7.9795,7.7038,7.4368,7.2239,7.0308,6.8528,6.7511,6.6396,6.6162,6.5829,6.3585,6.2104,6.0693,6.4163,6.4698,6.4138,6.6678,6.8146,6.8432,6.8995,6.5422,6.5369,6.1192,6.0802,9.4828,9.1558,8.507,8.275,8.2335
17.847,8.5117,5.5014,10.646,10.646,6.6665,8.986,8.3414,10.646,11.996,14.023,15.434,17.595,15.451,16.975,15.729,12.965,10.846,11.264,12.034,9.6768,12.321,11.352,11.726,13.393,12.424,11.996,12.321,6.4032,12.321,12.965,10.49,9.925,12.321,11.605,10.846,12.215,10.646,12.321,11.522,11.882,12.719,11.996,10.646,8.986,5.5014,-8.6483,-8.6483,3.6562,2.4911,2.4911,5.5014,7.4795,5.3311,7.8838,3.6562,6.6665,8.3414,8.2536,9.205,8.986,21.046,20.49,23.218,23.631,23.61,23.971,24.276,25.031,24.276,22.763,23.74,24.439,22.687,21.758,19.373,16.866,17.426,15.584,15.961,14.23,14.532,14.95,13.904,12.719,7.8838,-5.638,-8.6483,9.205,13.856,13.447,11.064,10.891,9.9125,9.3923,8.7565,8.4244,8.6571,8.7036,8.7176,8.7694,8.7538,8.5472,8.4719,8.2743,8.5018,8.5952,8.733,9.1194,9.5352,9.8055,9.9938,9.8596,10.121,10.121,10.27,10.479,10.248,10.539,10.831,11.064,7.6996,7.4946,7.3587,7.1415,7.1061,6.9266,6.7783,6.5657,6.6582,6.6064,6.573,6.3134,6.3014,5.6576,6.3348,5.4311,9.0424,8.1863,7.8231,7.898,7.9771,7.5747,7.7918,8.0817,8.3327,8.017,7.5983,7.9261,7.5197,7.6996,8.6047,8.3214,8.0999,7.8475,7.6145,7.4968,7.3445,7.1695,7.0629,7.0227,6.9848,6.8201,6.6608,6.5223,6.7916,6.8319,6.7627,6.9639,7.2579,7.3702,7.234,6.9929,7.1412,6.8623,6.5293,6.687,9.5226,9.126,8.6838,8.6047
17.867,7.5946,8.476,10.868,11.116,8.1061,3.8785,9.7032,11.442,10.868,14.151,15.266,17.595,17.969,16.85,14.151,12.438,11.948,10.266,10.868,9.7032,12.543,12.713,12.543,13.879,13.188,13.615,14.246,10.868,13.615,12.402,10.207,9.8991,11.827,12.941,11.574,12.438,11.442,11.442,11.617,10.266,10.266,11.744,10.868,8.5637,5.7238,1.574,-8.426,3.8785,6.198,8.5637,9.8991,7.7019,6.6255,5.5534,3.6152,2.7135,10.605,7.256,11.068,9.8991,21.37,21.221,23.791,25.115,24.409,24.26,25.047,25.714,25.172,23.599,24.604,25.024,23.232,22.207,20.255,17.858,18.684,16.417,16.693,15.018,15.806,16.243,14.959,13.853,8.1061,0.60492,-1.4363,6.8888,13.218,13.669,11.544,10.934,10.221,9.3919,9.2454,9.0221,8.8969,8.9023,8.9043,8.9239,9.0274,8.8254,8.8284,8.6635,8.9768,8.9735,9.2303,9.5404,9.9373,10.387,10.327,10.484,10.677,10.776,10.765,10.881,10.9,11.128,11.227,11.544,8.1505,8.0382,7.7109,7.3464,7.2593,7.1979,7.1804,6.9375,6.911,6.8818,7.0429,6.7167,6.6969,6.468,6.6201,6.0599,7.8004,8.0468,8.4027,8.4892,8.4402,8.0119,8.3926,8.0986,8.5901,8.0987,8.4657,8.3284,7.9727,8.1505,8.934,8.6683,8.324,8.0459,7.814,7.5946,7.6263,7.4507,7.3238,7.2465,7.2327,7.0125,6.9714,6.9026,7.0862,7.0741,7.1219,7.3084,7.4485,7.5471,7.5584,7.4306,7.3166,7.1317,6.7703,6.9456,10.263,9.2656,8.7957,8.934
17.887,8.7347,8.3304,8.7347,7.5173,4.507,3.342,5.2129,9.1923,10.056,12.07,14.481,16.627,15.744,16.076,13.538,12.203,8.2232,8.2232,9.1923,10.332,11.745,13.172,12.733,11.696,10.264,10.895,12.456,8.2232,12.246,11.233,10.056,10.264,11.497,10.332,7.7656,10.056,12.07,11.341,10.056,10.056,11.497,11.696,10.056,7.8846,5.2129,1.2335,-0.80774,-0.80774,4.7553,6.182,8.7347,4.507,7.5173,8.3304,1.745,6.8265,9.8368,6.182,10.836,9.8368,20.66,20.585,23.57,24.67,24.035,24.024,24.162,25.402,24.351,22.998,24.148,24.68,23.345,22.381,20.189,17.885,18.135,16.812,16.352,14.707,16.094,15.724,15.744,14.507,8.2232,-4.7871,1.2335,8.2232,12.456,11.341,10.727,10.162,9.3761,8.3022,8.0904,7.4363,7.8856,7.8536,7.8744,7.9902,7.7508,7.7198,7.6555,7.601,7.839,7.8722,8.1241,8.6977,8.8077,9.1151,9.4913,9.5633,9.598,9.8782,9.8933,9.8466,9.9768,10.365,10.517,10.727,6.9626,6.6849,6.3933,6.0726,6.3653,5.9063,6.0469,5.9351,5.7681,6.0039,5.9449,5.5847,5.6843,5.5718,5.3601,5.4554,7.1215,6.6113,6.7066,6.9818,7.219,6.9275,7.0491,7.1105,6.8529,6.8894,7.2821,7.1768,7.3091,6.9626,7.7185,7.4651,7.2106,6.9392,6.6913,6.4869,6.5549,6.3327,6.2267,6.1969,6.1366,5.9636,5.8957,5.8355,6.0557,5.9119,6.0364,6.1639,6.2213,6.2931,6.4792,6.4385,6.2845,6.0742,5.8148,6.7014,7.1243,8.011,7.692,7.7185
17.907,7.5197,8.2255,5.2152,2.2049,4.2461,2.2049,4.2461,6.8289,10.838,12.579,14.509,15.215,15.258,15.803,13.54,12.579,10.267,7.8869,9.3649,10.058,10.267,12.205,9.8392,12.248,12.117,10.838,10.334,10.058,10.334,9.1946,10.53,10.838,11.747,12.458,11.499,11.499,11.747,12.579,12.736,11.343,12.073,11.236,9.4476,10.058,9.3649,-0.80541,2.2049,4.5094,8.2255,5.2152,6.3546,6.1843,1.2358,6.3546,4.5094,4.7576,6.1843,6.3546,10.897,9.1946,20.191,20.932,23.129,23.908,24.091,24.313,24.117,25.511,25.335,23.54,24.359,24.471,21.747,22.099,19.663,18.804,18.87,17.16,17.256,15.746,15.589,16.184,14.709,13.277,6.1843,3.3443,2.2049,4.2461,13.54,14.758,12.542,11.871,10.839,10.091,9.5221,9.881,9.3126,9.6127,9.4618,9.4922,9.4602,9.4322,9.3697,9.232,9.5048,9.4465,9.8356,10.351,10.609,11.001,10.987,11.024,11.183,11.359,11.354,11.608,11.41,11.915,12.239,12.542,8.7271,8.2884,8.1362,7.9226,7.7251,7.6099,7.7513,7.6665,7.6343,7.3331,7.5538,7.3932,7.1796,7.2915,7.5317,7.9357,8.3221,8.7736,8.7352,8.4781,8.7402,8.4276,8.814,8.7543,8.8403,8.8282,8.5711,9.2968,8.6772,8.7271,9.5049,9.2201,8.8624,8.6565,8.3698,8.2441,8.2445,8.0528,7.9779,7.8886,7.9348,7.7735,7.7185,7.5636,7.8624,7.9554,7.9264,8.1013,8.2794,8.289,8.4014,8.1862,8.1774,8.1586,7.913,7.8648,9.3144,9.5325,9.5318,9.5049
17.927,-2.2291,2.8897,7.3133,6.3743,7.4323,8.74,10.075,11.618,11.75,14.673,16.463,17.325,17.027,18.034,16.869,13.899,13.597,11.045,8.9103,11.663,12.125,13.118,13.364,13.364,11.244,10.888,12.003,8.74,10.781,11.045,11.244,11.293,12.89,13.118,12.003,11.293,13.482,12.89,13.394,12.432,12.719,12.822,11.045,11.244,8.9103,5.7297,1.7503,6.8018,5.9,8.9103,5.9,8.74,6.8018,8.74,5.9,9.6036,7.4323,6.3743,11.045,9.3846,21.523,21.958,23.56,24.64,23.859,24.303,24.315,25.362,24.931,23.704,24.699,25.067,22.89,22.674,20.183,17.639,18.234,17.039,17.683,15.194,16.096,17.141,15.291,14.055,7.3133,4.0548,-5.2394,10.443,13.792,13.845,12.916,12.629,11.167,9.9126,9.5841,9.3301,9.4863,9.5197,9.7073,9.7604,9.8368,9.5828,9.767,9.6502,9.7626,9.9024,10.169,10.402,10.729,11.229,11.431,11.488,11.689,11.742,11.797,11.592,11.671,12.089,12.464,12.916,9.1502,8.8168,8.3809,8.3129,8.1449,7.863,8.121,7.9741,7.8282,7.819,7.9578,7.5395,7.5197,7.2894,7.4121,8.0146,8.2398,9.2504,9.2094,8.9709,8.7325,8.9401,8.8436,9.3905,8.9547,9.0043,8.8404,9.6027,9.0605,9.1502,9.6393,9.3948,9.0561,8.8315,8.5428,8.4289,8.3706,8.2183,8.0917,8.1197,8.0171,7.8587,7.7445,7.6936,8.0699,7.8943,8.1182,8.1799,8.3323,8.4371,8.3964,8.2505,8.2315,8.1455,7.6886,7.9909,9.5685,9.9505,9.5557,9.6393
17.947,2.5258,4.567,6.6755,9.7685,5.5361,8.0888,9.6858,10.16,12.569,13.861,15.404,17.495,17.917,17.685,16.417,13.495,12.569,10.655,11.159,10.379,9.6858,10.655,12.068,13.861,11.664,11.557,9.0579,2.5258,9.4277,9.0579,11.82,11.611,13.665,14.228,11.557,12.779,12.569,13.861,13.495,13.354,13.665,12.779,12.569,10.379,7.1498,-1.4536,3.6652,1.5567,7.1498,4.8303,5.5361,8.0888,8.2078,7.8406,6.5052,6.5052,6.6755,7.8406,11.159,9.5155,21.54,21.664,24.602,25.103,24.449,24.485,24.944,25.896,24.674,23.735,24.621,25.477,23.655,22.526,19.618,17.645,17.645,17.577,16.823,16.676,16.625,15.97,16.181,14.373,7.5773,-4.4639,2.5258,10.851,14.674,14.139,11.125,10.477,9.3091,8.8148,8.03,8.1671,8.1798,8.2026,8.4981,8.4587,8.3962,8.3437,8.2924,8.1497,8.3975,8.3547,8.5914,8.9681,9.3344,9.5991,9.9118,9.8001,10.203,10.096,10.266,10.293,10.25,10.709,10.988,11.125,7.7986,7.5526,7.1055,7.0723,6.9062,6.7688,6.824,6.6465,6.5425,6.5415,6.3431,6.4031,6.259,5.9452,6.0936,6.1758,7.2264,7.8865,7.9442,7.7814,7.3819,7.3809,7.6784,7.7658,7.8416,7.6607,7.926,8.0456,7.8366,7.7986,8.4508,8.1835,7.8923,7.6382,7.4401,7.2425,7.1563,7.038,6.9088,6.9433,6.8124,6.7204,6.6747,6.5122,6.8032,6.8279,6.9039,6.9666,7.2454,7.3202,7.2095,7.0049,7.0476,6.8686,6.799,5.699,8.8478,8.7519,8.5716,8.4508
17.967,0.91455,4.8939,6.5076,8.8733,7.9042,6.5076,7.5657,10.013,10.915,12.853,15.328,16.033,15.863,16.727,15.482,11.796,8.8733,7.5657,8.8733,7.1984,10.457,11.022,9.5179,12.414,11.022,10.013,7.1984,5.863,10.013,10.209,12.137,12.137,12.137,12.137,12.258,12.414,13.251,13.023,12.956,11.178,11.178,11.378,10.013,7.1984,7.1984,0.91455,4.4364,4.4364,4.8939,7.1984,5.863,6.5076,6.5076,6.5076,7.1984,4.1881,5.863,7.1984,10.209,10.013,21.137,21.957,24.15,24.609,24.15,24.773,24.562,25.357,25.157,23.682,24.021,24.59,22.986,22.414,19.126,17.173,17.915,17.198,16.597,15.001,15.983,15.863,14.436,12.853,8.0115,-8.1164,1.8836,4.8939,12.566,13.586,11.979,10.718,9.6956,9.1611,8.6853,8.4481,8.5338,8.8111,8.8545,8.8423,8.8206,8.5897,8.7399,8.6371,8.9048,8.8833,8.8711,9.5257,9.85,10.083,10.469,10.426,10.542,10.726,10.749,10.751,10.871,10.962,11.469,11.979,7.968,7.8857,7.3458,7.2635,6.9392,6.9861,6.9572,6.8165,6.7717,6.6792,6.7162,6.3969,6.437,6.2465,6.2308,6.9501,7.4244,7.8987,8.0512,7.5214,7.6089,7.8201,7.5334,8.0077,7.8321,8.011,8.2403,8.1742,7.8631,7.968,8.5912,8.3875,7.9674,7.7931,7.4553,7.3117,7.3334,7.1926,7.0495,6.9816,6.9997,6.7946,6.7637,6.6225,6.9001,6.8006,6.9405,7.1525,7.2315,7.194,7.3046,7.1173,7.0963,6.9334,6.9191,8.0744,8.8768,8.572,8.5335,8.5912
17.987,4.9153,7.587,5.8844,8.8947,10.034,10.23,9.5392,11.773,13.608,14.958,16.574,17.194,13.946,15.579,14.761,11.905,10.936,8.8947,9.065,9.5392,11.043,12.436,10.538,12.279,10.597,11.199,9.1477,7.2197,7.587,11.043,9.7583,11.948,11.447,11.043,9.7583,11.948,11.447,12.436,13.519,10.936,11.905,12.769,8.8947,8.4371,5.8844,1.4474,1.905,7.587,9.7583,7.587,9.1477,8.4371,6.0547,6.0547,4.2094,3.9462,7.468,7.9256,11.399,11.948,20.185,21.995,23.372,23.703,24.013,24.776,24.595,25.463,25.962,24.293,25.301,24.38,21.31,21.817,20.034,18.189,18.762,17.296,16.574,15.349,15.349,15.597,12.874,12.436,6.5289,7.2197,8.8069,10.23,13.519,13.548,11.535,10.9,10.132,9.3413,8.7856,8.6593,9.1372,9.0273,9.0818,8.9996,9.0688,8.8041,8.9783,8.7427,8.8895,8.9992,9.1734,9.4894,10.325,10.385,10.507,10.536,10.681,10.669,10.647,10.446,11.024,10.91,11.173,11.535,8.4686,8.1822,7.5408,7.8377,7.5403,7.272,7.3585,7.4695,7.2087,7.1699,7.2142,7.1694,6.8013,6.9876,7.032,7.54,8.3697,8.3908,8.3693,8.1664,8.2309,8.5536,8.1518,8.6598,8.7255,7.9077,8.4157,8.6019,8.4195,8.4686,8.9541,8.726,8.2895,8.1381,7.8157,7.6464,7.7151,7.6138,7.4748,7.3244,7.4095,7.2425,7.2114,7.1085,7.3526,7.4206,7.487,7.7483,7.743,7.7932,7.9088,7.7836,7.9167,7.7549,7.927,8.5972,8.5672,8.8325,8.8612,8.9541
18.007,1.8798,5.8592,10.572,9.0399,8.7818,9.0399,9.1226,12.524,13.215,14.184,16.999,17.562,16.112,16.999,13.921,11.748,10.009,7.1946,8.412,8.0077,10.009,10.009,9.7331,11.748,11.748,10.009,6.0296,5.8592,10.009,9.7331,11.174,9.7331,11.422,12.562,12.743,10.572,12.524,12.05,11.174,11.422,11.174,10.009,10.205,8.412,8.0077,1.8798,-1.1305,8.412,4.1843,8.0077,8.412,6.0296,8.412,8.8695,8.8695,10.009,8.8695,8.8695,10.911,9.7331,21.344,22.513,24.34,24.997,24.34,24.357,24.67,25.33,24.633,23.463,24.54,24.605,23.089,21.671,19.276,17.746,17.039,16.257,16.177,15.143,15.979,14.552,13.727,12.524,6.9313,3.0193,8.412,10.911,16.367,16.112,11.665,11.053,10.096,9.5251,9.1795,8.8338,9.1612,9.1395,9.1268,9.1467,8.8778,8.7703,8.8221,8.6859,8.9458,8.7521,9.0953,9.0677,9.7816,10.208,10.468,10.461,10.528,10.707,10.508,10.512,10.827,11.267,11.385,11.665,8.4753,8.3281,7.8218,7.6709,7.6837,7.483,7.4231,7.3553,7.3543,7.324,7.2937,6.9709,7.2069,7.0084,7.3075,7.2433,7.8954,8.4056,8.697,8.0662,8.3652,8.2143,8.4582,8.6467,8.2295,8.3624,8.6063,8.473,8.3776,8.4753,9.1613,8.919,8.5134,8.2894,7.9924,7.8057,7.8943,7.8228,7.634,7.581,7.5731,7.4419,7.4012,7.3534,7.6182,7.5244,7.6813,7.8802,7.9267,8.0742,8.2584,7.9037,8.0448,7.9442,8.0642,8.7865,9.4357,9.3171,9.0755,9.1613
18.027,1.9695,5.9489,8.5017,10.543,9.6038,10.662,8.9592,11.97,13.613,14.641,15.949,16.712,15.643,15.662,13.109,10.295,7.9901,4.5223,5.9489,7.021,9.2123,9.1296,9.1296,11.97,9.8228,6.5935,4.9798,6.5935,9.8228,10.295,11.264,11.463,12.614,10.543,10.099,10.543,10.295,12.344,9.1296,8.8715,12.614,12.651,7.6516,9.8228,5.9489,-1.0408,4.9798,6.1193,8.9592,8.0974,5.9489,7.2843,4.5223,7.9901,4.9798,5.9489,6.1193,7.9901,11,11.108,21.742,22.344,24.078,24.919,24.496,24.859,24.627,25.425,24.825,23.672,24.582,24.474,22.14,21.837,19.13,17.592,17.398,17.36,16.347,14.98,15.949,15.413,13.109,11.882,5.9489,1.9695,8.5017,10.099,15.413,14.848,11.297,10.678,10.201,9.5826,9.0228,9.1075,9.2596,9.1047,9.2344,9.1398,9.1035,8.9537,8.7397,8.621,8.7878,8.7535,8.8172,8.984,9.7564,10.245,10.368,10.132,10.368,10.41,10.346,10.481,10.267,10.981,11.116,11.297,8.7465,8.4909,8.0898,8.2228,7.851,7.7279,7.7254,7.7269,7.5734,7.5234,7.6808,7.6164,7.4012,7.4096,7.7149,8.073,8.6109,8.8826,9.0813,9.0863,8.7282,8.7257,9.0187,9.093,8.8455,8.9198,9.0116,9.0304,8.7829,8.7465,9.3289,9.0234,8.727,8.5141,8.2242,8.0671,8.0931,7.9315,7.8326,7.8052,7.8267,7.7001,7.5641,7.4854,7.8525,7.8332,7.9943,8.1694,8.2049,8.1632,8.2365,8.1512,8.0788,8.0965,8.4915,8.7067,9.3855,9.5831,9.2578,9.3289
18.047,7.2776,8.495,11.257,12.826,11.257,11.048,10.092,10.596,15.08,14.267,16.113,15.837,14.267,15.485,12.337,9.2056,8.9525,7.0143,10.092,10.092,11.257,11.963,9.1229,11.257,10.092,8.0907,7.9834,7.9834,11.457,11.257,10.092,11.101,11.257,11.048,11.257,11.101,10.596,10.655,12.791,10.092,11.505,10.596,5.9422,7.6449,1.9628,-2.0166,4.2673,6.1126,9.1229,7.6449,9.8161,10.288,7.9834,10.092,6.5868,5.9422,10.092,7.6449,11.457,10.092,21.148,22.006,23.996,24.623,23.93,24.958,24.818,25.552,25.405,23.966,24.54,24.061,21.272,20.912,18.748,17.278,17.441,16.195,17.441,16.195,16.705,16.572,13.695,12.826,5.9422,3.1023,11.257,12.607,14.841,15.407,11.335,10.975,10.293,9.6758,9.3672,9.3028,9.4278,9.3791,9.4534,9.3046,9.2577,9.1502,9.0229,8.8165,9.1087,9.1831,9.3202,9.9644,10.342,10.343,10.403,10.185,10.241,10.611,10.422,10.516,10.586,11.23,10.994,11.335,9.2052,8.8242,8.4114,8.2628,8.1141,7.9227,8.0132,7.9815,7.9212,7.9621,7.7922,7.6717,7.6632,7.7449,7.818,8.6998,9.0148,9.6224,9.397,9.2039,9.053,9.1632,9.1565,9.5192,9.408,9.5875,9.6284,9.3019,9.1382,9.2052,9.603,9.3632,8.9434,8.6918,8.4476,8.2918,8.3682,8.2105,8.1135,7.9897,8.0635,7.9563,7.8554,7.7819,8.0228,8.1473,8.2798,8.5802,8.5099,8.6757,8.6633,8.5536,8.6383,8.4918,8.4938,9.1042,9.5384,9.6116,9.4188,9.603
18.067,9.0083,9.1786,12.7,13.721,11.049,10.652,10.592,12.882,13.632,15.029,14.167,16.687,15.692,15.136,12.663,10.148,5.998,7.7006,8.9205,8.1464,9.6528,11.049,9.1786,12.019,8.5507,7.7006,9.0083,5.998,12.663,11.157,12.272,9.2613,11.561,12.393,11.512,12.062,12.7,12.189,12.272,8.0392,12.062,10.711,8.0392,7.0701,2.0186,1.0495,4.3231,5.998,8.9205,6.6425,5.998,10.344,7.0701,9.2613,6.6425,8.1464,8.9205,5.998,11.561,11.103,22.126,21.864,24.716,25.136,24.359,24.545,24.742,25.607,24.407,23.357,23.911,24.138,22.452,21.424,17.951,15.998,15.56,14.571,15.998,14.399,15.282,15.998,13.602,11.512,8.1464,6.6425,11.049,11.561,15.91,15.617,11.475,11.009,10.492,10.002,9.7192,9.5555,9.7875,9.5702,9.5929,9.5493,9.3914,9.2711,9.261,9.1117,9.1788,9.1663,9.3059,10.13,10.623,10.607,10.775,10.565,10.704,10.775,10.97,10.687,11.039,11.196,11.308,11.475,9.2006,8.9743,8.5627,8.5086,8.347,8.2479,7.9239,8.0924,7.9471,7.7643,7.902,7.6103,7.8709,7.3229,7.4184,8.4412,9.5407,9.4176,9.3332,9.5118,9.5242,9.1948,9.2136,9.2656,9.1659,9.4309,9.0939,9.0096,8.9632,9.2006,9.7758,9.5121,9.2139,8.9022,8.6584,8.4595,8.558,8.4186,8.2905,8.2813,8.1488,8.0063,7.9621,7.9155,8.1921,8.2964,8.4761,8.647,8.7133,8.8284,8.9655,8.8465,8.8089,8.8183,9.0488,9.3226,9.9737,9.7563,9.5389,9.7758
18.087,7.9568,8.989,11.123,12.511,10.154,12.901,9.4632,13.472,15.703,14.839,15.667,17.511,15.721,16.175,14.774,11.741,10.154,8.989,7.392,9.0717,9.6823,10.462,10.86,11.123,9.9581,5.8084,7.9568,5.8084,10.154,10.154,8.3611,9.4632,10.462,12.968,11.829,12.968,12.082,12.203,12.36,10.462,11.123,11.829,7.8496,6.4529,-1.1813,-5.1607,4.8393,7.9568,8.3611,7.511,7.9568,8.8187,7.392,10.462,6.4529,7.392,7.8496,6.8805,9.8908,9.9581,21.082,22.451,24.095,25.103,24.927,25.045,24.839,25.777,25.484,23.627,24.247,24.092,21.602,21.62,19.288,16.438,16.672,14.774,16.206,15.273,14.333,14.501,12.901,12.203,6.4529,4.1335,9.9581,12.511,15.273,16.175,10.209,9.5199,9.3291,8.701,8.4414,8.4744,8.6672,8.4091,8.533,8.2698,8.1996,8.1442,8.0973,7.8085,8.0656,7.9249,7.9578,8.8742,8.8596,9.1547,9.1303,9.3677,9.1186,9.2935,9.2826,9.0881,9.4089,9.951,10.126,10.209,7.9213,7.7084,7.4341,7.3726,7.2009,6.7806,7.116,6.8069,6.8689,6.8651,6.7771,6.8416,6.7255,6.5126,6.9189,8.6574,7.8977,8.176,8.233,8.0936,8.0734,7.8087,8.1562,8.2868,7.9447,8.0536,8.2212,8.247,7.951,7.9213,8.5747,8.3602,7.9792,7.814,7.5353,7.3897,7.329,7.1784,7.1282,7.0924,7.0808,7.0173,6.9214,6.7523,7.0467,7.0956,7.3315,7.5238,7.6533,7.8468,7.7354,7.7048,7.7127,7.7135,7.5363,8.1666,8.7819,8.813,8.668,8.5747
18.107,4.6012,7.3483,11.791,12.34,12.209,9.2865,11.839,12.979,12.34,13.91,15.895,16.594,16.463,15.952,13.369,11.382,8.8289,6.4465,6.2762,9.931,10.359,9.2865,8.3174,10.426,10.15,6.2762,6.9207,4.6012,10.87,10.622,7.6115,9.2865,11.791,12.34,11.791,10.359,12.671,11.591,10.426,9.931,9.4568,11.591,9.931,6.2762,-4.6929,-0.71354,-0.71354,6.4465,9.5395,8.8289,9.2865,7.6115,7.6115,6.4465,9.931,6.2762,9.931,9.2865,10.426,10.359,21.747,21.581,24.735,25.625,24.601,24.715,24.849,25.274,24.594,23.038,23.436,23.739,21.839,20.9,17.884,14.576,15.97,14.874,14.968,14.576,15.952,15.152,13.999,12.979,9.4568,6.2762,10.989,11.435,16.171,15.414,10.541,10.106,9.358,9.0413,8.7521,8.7044,8.8366,8.7713,8.8788,8.6483,8.5325,8.3401,8.4013,8.2118,8.4271,8.2375,8.3697,9.2317,9.3815,9.4549,9.6458,9.4562,9.5884,9.7381,9.7635,9.4833,9.6986,10.43,10.485,10.541,8.1639,7.9877,7.6236,7.4714,7.065,7.0125,7.2272,7.1626,7.0845,7.0613,6.9896,6.689,7.0089,7.2764,7.6407,7.825,8.3312,8.571,8.6015,8.2787,8.4631,8.2869,8.793,8.4662,8.37,8.3537,8.6212,8.5806,8.177,8.1639,8.8283,8.6122,8.1402,7.907,7.6021,7.4135,7.586,7.4337,7.2686,7.2278,7.2027,6.9875,6.9855,6.9458,7.125,7.1847,7.535,7.7557,7.8285,8.0372,8.1394,8.0087,7.8225,7.9068,8.0191,8.5817,9.0656,9.0631,8.7648,8.8283
18.127,8.718,10.421,13.687,13.342,11.023,12.556,12.41,14.007,14.739,14.739,16.847,17.018,15.828,15.25,13.46,10.866,6.7798,7.0431,9.5816,10.053,8.9711,10.759,7.2914,9.8575,7.0431,4.0328,4.7386,4.7386,11.271,10.813,10.302,10.866,13.342,13.342,13.342,12.697,12.697,11.981,11.899,10.362,10.421,8.718,7.0431,4.0328,3.7695,2.8678,4.7386,9.8575,8.8884,10.759,10.053,8.8884,7.7489,8.9711,8.718,7.7489,9.8575,7.8562,11.271,9.3626,21.953,22.095,24.835,25.538,25.01,24.896,24.909,26.082,25.539,23.648,24.126,23.813,21.802,21.376,17.76,17.018,16.322,15.878,15.961,15.549,15.602,15.327,14.007,12.8,8.2605,7.4104,8.9711,11.596,16.571,16.834,10.655,10.164,9.6448,9.0909,8.9126,8.8046,8.8174,8.8301,8.8941,8.8513,8.7221,8.4819,8.3597,8.2545,8.5386,8.4179,8.3439,9.1896,9.4547,9.6056,9.683,9.4549,9.592,9.6735,9.763,9.5783,9.9604,10.561,10.376,10.655,8.6179,8.2504,8.0455,7.9305,7.5317,7.5135,7.6823,7.327,7.5458,7.5182,7.4549,7.2213,7.3513,7.0945,7.378,8.4946,8.8987,8.8393,8.9042,8.9135,8.7334,8.5242,8.7864,8.7149,8.7364,8.8012,8.8837,8.6405,8.816,8.6179,8.9786,8.7622,8.4261,8.1946,7.9887,7.7968,7.7163,7.5689,7.4953,7.4441,7.4545,7.3482,7.2504,7.2207,7.4911,7.5719,7.6985,7.9536,8.1412,8.2166,8.1226,8.0818,8.0758,8.2066,8.4062,8.6291,9.2636,9.0885,8.8697,8.9786
18.147,8.5455,10.159,13.597,13.892,13.169,12.899,12.525,13.494,14.484,14.566,16.18,17.368,15.642,15.706,12.525,6.5043,7.5764,7.5764,6.6746,8.5455,8.6527,10.85,10.159,11.217,8.0879,5.0776,7.1489,6.5043,10.85,10.378,11.217,9.5146,13.494,14.139,11.819,12.695,11.819,12.067,10.85,12.437,11.819,9.057,9.057,6.6746,2.5249,-7.4751,2.0673,6.6746,9.057,8.5455,9.5146,7.1489,9.4268,11.217,9.7676,8.2069,8.6527,8.2069,11.158,9.6849,22.205,22.645,25.222,25.598,25.232,25,25.546,25.895,24.804,23.501,24.448,24.139,22.564,20.882,17.368,15.969,16.417,16.217,16.504,15.102,16.345,15.642,13.597,13.494,9.5146,9.7676,12.393,12.525,17.749,16.95,10.594,10.358,9.7768,9.2513,9.0184,8.9552,9.2118,9.073,9.0025,8.8615,8.7435,8.5987,8.5839,8.4209,8.4416,8.4067,8.8735,9.4822,9.5029,9.5924,9.8481,9.8057,9.7645,9.8275,9.816,9.6393,9.843,10.715,10.435,10.594,8.8208,8.5878,8.1517,8.1341,7.8842,7.5073,7.5253,7.514,7.4764,7.4651,7.4276,7.2744,7.1601,7.423,7.433,8.2839,8.813,9.1448,8.7642,8.5079,8.5734,8.6977,8.8463,8.7552,8.6121,8.6978,8.7174,8.5157,8.5209,8.8208,9.2589,9.003,8.6754,8.3987,8.1452,7.9932,7.9687,7.8447,7.6631,7.6962,7.6401,7.5017,7.4818,7.4118,7.6509,7.8622,8.0295,8.3,8.3175,8.3379,8.4024,8.4674,8.4297,8.3609,8.5758,8.9761,9.3728,9.4004,9.1284,9.2589
18.167,9.5942,10.759,14.281,14.583,13.262,13.506,11.728,14.713,15.106,15.444,16.732,17.058,15.878,15.975,13.77,9.6769,6.4135,8.1162,10.068,11.126,9.4238,11.126,9.6769,9.6769,9.5942,4.7386,3.5736,2.4341,10.563,11.572,9.3361,11.728,12.434,12.434,13.298,12.302,11.977,12.604,12.346,11.728,11.465,11.067,8.1162,6.4135,4.9869,-0.57615,1.465,7.0581,8.1162,9.4238,9.6769,8.9663,9.4238,11.572,10.563,8.562,10.563,9.6769,11.728,10.068,22.434,23.064,25.139,25.65,25.139,25.187,25.011,25.797,25.343,24.078,24.434,24.033,22.147,21.02,18.562,16.033,15.698,16.108,16.732,16.667,16.108,16.108,14.739,13.77,10.287,8.9663,11.728,12.302,17.277,15.956,10.988,10.386,9.9313,9.6375,9.3673,9.2078,9.267,9.2794,9.3581,9.2133,9.066,8.9775,8.8291,8.6506,8.8027,8.6765,9.0241,9.4848,9.871,9.9512,10.099,9.9625,9.9161,9.9854,10.302,10.19,9.9826,10.875,10.771,10.988,8.924,8.771,8.4644,8.3765,8.0955,8.1422,7.867,7.9035,7.8711,7.86,7.7333,7.5405,7.5722,7.6495,8.0632,8.2971,9.1744,9.3252,9.3351,9.2705,9.319,9.1327,9.3665,9.2474,9.1732,9.3519,9.1084,9.5101,8.9919,8.924,9.4342,9.1752,8.8809,8.6482,8.4156,8.2297,8.1276,8.0087,7.9083,7.9089,7.9155,7.8023,7.694,7.6588,8.0004,8.1114,8.2533,8.5327,8.722,8.8044,8.6202,8.7054,8.7833,8.7189,8.936,9.2576,9.5654,9.4812,9.2938,9.4342
18.187,11.405,11.91,14.92,15.05,13.911,13.453,14.107,15.276,16.61,15.716,18.394,17.395,16.751,16.37,14.139,10.406,6.7508,6.7508,8.4535,9.7611,9.7611,10.625,8.0862,9.7611,6.7508,4.8126,2.3139,3.9109,10.901,10.901,11.097,11.802,12.639,13.911,13.025,13.146,13.302,12.815,13.025,10.406,12.942,10.625,6.9212,8.0862,2.3139,-0.23885,5.7817,6.7508,9.7611,8.8993,8.4535,10.014,7.8229,11.097,5.0759,8.0862,10.901,8.0862,12.942,12.066,23.025,23.461,25.661,26.088,25.825,25.627,25.902,26.925,26.142,24.297,25.027,24.813,22.891,21.899,19.055,17.614,17.004,17.149,17.484,15.889,17.149,16.921,15.076,13.741,10.625,7.3954,13.635,13.741,18.249,16.921,11.091,10.623,10.25,9.8136,9.5371,9.3162,9.5072,9.3733,9.448,9.3672,9.1809,9.0505,9.0196,8.8202,8.9722,8.7884,9.0168,9.6501,10.118,10.131,9.8374,9.9179,10.216,10.167,10.015,10.004,10.638,10.683,10.853,11.091,8.9625,8.8116,8.6803,8.5534,8.3136,8.0727,8.0699,7.809,7.9592,7.8581,7.8134,7.6924,7.7527,7.5725,8.6706,8.7646,9.3222,9.4162,9.1884,9.2132,9.04,9.1542,9.2047,9.2219,9.2896,9.0619,8.9547,9.0963,8.821,8.9625,9.7373,9.4497,9.143,8.8994,8.7032,8.505,8.4351,8.3032,8.2374,8.2364,8.2061,8.0716,8.0621,7.9347,8.2542,8.3745,8.5296,8.8499,8.9075,9.0698,8.9937,8.9502,9.0793,9.1104,9.2695,9.5268,9.6272,9.8257,9.7299,9.7373
18.207,9.995,10.469,14.449,13.907,13.005,14.449,13.804,16.279,15.507,16.376,17.846,16.985,15.953,16.509,13.699,10.688,8.1498,8.9629,8.8556,9.8247,7.8865,8.1498,6.9847,7.459,5.3877,2.835,5.1395,5.1395,11.866,11.973,10.469,11.527,12.129,12.129,11.973,12.747,11.468,12.878,13.517,11.468,11.973,10.688,9.3671,2.835,-1.1444,-4.1547,2.3774,7.459,9.995,9.737,10.469,8.9629,8.8556,10.469,9.8247,8.8556,9.8247,9.8247,11.973,11.16,23.221,23.45,25.713,26.22,25.514,25.558,26.102,26.727,25.713,24.057,24.794,24.633,22.878,21.626,19.472,16.709,17.678,17.577,17.678,16.709,17.213,17.504,15.507,13.088,12.703,12.129,13.974,13.517,18.15,16.655,9.9319,9.4971,8.9724,8.662,8.2373,8.1487,8.16,8.1952,8.1544,8.0171,7.9758,7.7535,7.7548,7.7262,7.642,7.5961,7.8185,8.511,8.7161,8.8106,8.7252,9.0383,8.8586,9.2336,9.3868,8.8378,9.4727,10.031,9.7267,9.9319,7.7842,7.7205,7.3635,7.202,7.086,6.6719,6.7273,6.7508,6.7445,6.6024,6.615,6.5128,6.5824,6.9225,7.0827,8.3501,8.0467,8.1481,8.0278,7.9218,7.9989,7.9897,8.1187,7.874,7.9755,7.9938,8.0121,7.8506,7.6578,7.7842,8.4573,8.2268,7.8904,7.6751,7.4003,7.2602,7.2451,7.1243,7.0716,6.9624,7.0009,6.9057,6.8186,6.7576,7.1008,7.2036,7.4157,7.6723,7.7609,7.7917,7.8466,7.7873,7.77,7.8295,8.235,8.5298,8.5393,8.7119,8.4422,8.4573
18.227,9.8085,10.062,13.788,14.551,13.193,13.501,12.313,14.521,16.341,15.323,17.196,17.196,15.098,15.372,11.957,9.351,2.8188,5.3716,8.9467,9.8085,8.1336,9.351,6.9686,9.9789,6.7982,4.86,6.7982,8.1336,11.452,12.989,10.948,11.392,12.862,13.501,12.113,13.958,12.819,11.904,11.144,9.9789,10.881,10.948,7.4428,6.7982,2.8188,-0.19147,4.86,8.1336,9.9789,11.144,11.85,9.9789,10.062,11.452,10.948,9.8085,10.062,11.511,14.433,12.313,23.185,23.618,25.523,26.101,25.553,25.553,25.728,26.625,26.195,24.629,25.085,24.909,22.651,21.729,18.893,17.413,16.969,16.511,17.488,15.999,17.428,17.443,15.491,14.778,12.361,11.904,15.098,13.35,17.938,17.473,9.9725,9.4844,9.2311,8.7322,8.6392,8.3353,8.4866,8.3384,8.4356,8.3106,8.2228,8.1008,7.8449,7.7081,7.9306,7.9319,8.6493,8.7612,9.2261,9.2688,9.162,9.1708,9.4801,9.2703,9.5065,9.4386,10.014,10.049,9.9532,9.9725,8.2945,7.8958,7.7211,7.5445,7.2914,7.3175,7.1675,7.035,7.3011,7.0743,6.9973,6.9892,6.8291,6.9597,7.7925,8.4454,8.4928,8.4634,8.5321,8.7001,8.5025,8.4944,8.6957,8.5697,8.3878,8.5216,8.6125,8.4513,8.2589,8.2945,8.6969,8.3802,8.1315,7.8842,7.6726,7.5228,7.4465,7.3181,7.2656,7.2531,7.2031,7.1514,7.0602,6.9523,7.2506,7.4372,7.6792,7.8658,8.0596,8.097,8.1125,8.0721,8.0103,8.076,8.4067,8.5932,8.7068,8.7579,8.6029,8.6969
18.247,9.9879,9.8176,14.163,14.471,13.797,12.696,13.359,15.132,15.381,16.272,17.315,16.978,16.52,15.132,11.966,8.1427,5.3806,5.8382,10.957,8.5099,9.8176,11.461,9.7299,10.681,8.1427,5.1324,6.9776,8.1427,14.675,12.696,11.966,9.9879,11.966,13.797,13.202,12.37,12.828,12.122,11.461,11.52,9.8176,9.9879,9.36,6.8073,1.8588,-4.1618,6.8073,8.1427,8.9558,8.8485,8.1427,11.461,8.5099,10.957,10.462,10.071,10.681,9.9879,13.202,10.681,23.226,23.416,25.996,26.513,25.488,25.581,25.665,26.34,25.305,23.797,24.872,25,23.738,22.112,18.727,15.881,16.72,16.52,17.671,16.272,17.315,16.648,16.272,16.091,12.871,11.153,15.132,13.797,18.694,17.06,10.155,9.9038,9.3215,8.9444,8.57,8.5619,8.8513,8.666,8.7156,8.5414,8.4855,8.3267,8.2001,7.9834,8.1173,8.0562,8.4012,9.3129,9.3148,9.5508,9.1902,9.3536,9.5848,9.48,9.7343,10.029,10.176,10.423,10.228,10.155,8.3821,8.2049,7.8543,7.8015,7.5073,7.4156,7.3316,7.4283,7.3724,7.3021,7.3453,7.1369,7.1392,7.1971,6.9332,9.0255,8.7617,8.7427,8.9086,8.4336,8.7365,8.5864,8.9143,8.7515,8.6263,8.4646,8.5697,8.8031,8.4452,8.3821,8.9727,8.7331,8.3572,8.123,7.9394,7.779,7.7778,7.6475,7.5531,7.5076,7.5592,7.3991,7.3684,7.2694,7.5442,7.7189,8.025,8.2869,8.3865,8.4079,8.4059,8.3706,8.4215,8.3949,8.5451,8.9279,9.1343,9.122,8.9292,8.9727
18.267,8.8919,10.007,12.934,14.378,13.733,13.295,14.611,15.62,17.621,17.506,18.387,17.433,15.341,16.305,13.733,9.7538,8.4461,6.9138,9.7538,9.9241,7.3881,11.089,8.0789,9.2962,6.9138,8.0789,8.0789,8.4461,12.764,14.131,9.7538,10.893,12.307,12.676,10.893,12.058,13.138,12.058,13.904,11.089,12.307,9.9241,8.4461,5.7744,3.9035,-0.2462,5.3168,8.0789,10.007,9.7538,9.2962,9.7538,8.8919,12.058,8.7847,8.8919,10.007,10.893,12.632,12.934,22.058,24.08,24.141,25.182,25.436,25.768,25.436,26.682,27.019,25.229,25.691,24.665,21.486,22.012,19.595,17.506,17.506,17.607,18.155,17.607,17.418,18.434,15.069,16.149,12.058,12.307,15.145,15.436,17.621,17.433,10.436,10.09,9.6017,9.2847,8.8677,8.9358,8.9359,8.7699,8.8746,8.7666,8.7259,8.4675,8.4589,8.2945,8.3713,8.6567,8.6435,9.2828,9.5505,9.7115,9.7163,9.6978,10.009,10.05,9.9958,10.26,10.377,10.609,10.407,10.436,8.7123,8.3461,8.0487,8.1287,7.7625,7.7218,7.6946,7.7281,7.8293,7.7081,7.6849,7.5674,7.6881,7.6029,7.6273,8.69,8.9119,9.2105,8.9353,8.9718,9.1936,9.1316,9.1423,9.0085,9.0117,9.2022,9.1281,8.8742,8.7843,8.7123,9.2353,8.9265,8.5898,8.4504,8.1321,7.9903,7.9739,7.8799,7.7987,7.7196,7.7668,7.7061,7.6252,7.5037,7.8086,7.9997,8.1915,8.4949,8.5105,8.65,8.6013,8.6052,8.5484,8.5188,8.6918,8.8461,9.2181,9.3082,9.1175,9.2353
18.287,8.8843,10.886,14.37,15.061,12.927,13.438,14.37,15.81,16.736,16.648,17.599,18.474,15.309,16.411,13.287,9.9992,6.9062,4.7976,9.2885,8.8843,8.4384,9.9165,9.7461,9.6584,7.8079,5.3091,6.9062,8.777,13.401,12.927,12.299,10.886,14.124,13.896,12.051,13.438,11.895,12.25,11.33,10.886,10.886,10.391,7.3804,8.8843,-1.223,5.3091,7.8079,8.4384,8.777,9.9165,6.9062,10.886,8.8843,11.841,8.8843,9.7461,9.9992,9.7461,14.34,13.009,22.864,23.899,25.309,26.087,24.894,25.887,25.34,26.449,26.355,24.497,25.463,24.894,22.418,22.025,19.916,17.425,17.469,16.2,17.875,16.856,17.38,18.071,15.874,15.333,11.082,12.051,14.798,15.428,18.331,18.234,10.781,10.213,9.8699,9.4086,9.2704,9.1109,9.0656,9.0889,9.1515,8.992,8.9232,8.7658,8.6554,8.4127,8.5916,8.7769,8.9271,9.7504,9.9127,10.106,9.8922,10.095,10.524,10.364,10.205,10.831,10.868,10.975,10.733,10.781,8.8464,8.6646,8.3447,8.3318,8.0001,7.784,7.8547,7.7335,8.0548,7.6931,7.8463,7.7476,7.5102,7.5427,7.416,8.7495,9.2975,8.895,9.2865,9.1735,8.9361,9.1624,9.3335,9.2069,8.8588,8.874,9.0019,9.0428,8.8055,8.8464,9.4033,9.1852,8.8333,8.6079,8.367,8.2238,8.2217,8.0932,8.0516,7.9708,7.9725,7.8426,7.7711,7.698,8.0564,8.2288,8.2814,8.7195,8.7816,8.9356,8.8515,8.7574,8.8834,8.9174,8.8802,9.4096,9.4249,9.3604,9.2874,9.4033
18.307,8.0202,10.34,13.35,14.854,12.876,13.236,13.845,15.258,15.886,15.086,17.003,16.938,16.149,16.304,14.041,8.726,8.2684,5.0099,7.3294,8.8332,8.3874,8.0202,7.3294,9.6951,5.7157,7.7569,9.2375,11.03,14.349,12.749,12.876,10.559,14.984,12.958,13.845,13.387,13.35,13.08,12,11.03,10.835,10.835,6.6848,8.0202,3.8448,-4.2843,3.8448,6.8551,10.34,10.559,9.6073,9.2375,11.398,9.6951,8.8332,10.34,11.03,9.6951,12.876,11.736,23.794,23.339,25.793,26.526,25.561,25.556,25.63,26.552,25.615,24.349,25.282,25.318,23.629,22.015,19.371,16.855,17.083,16.938,17.548,16.304,17.418,17.192,16.398,15.282,12.958,11.844,15.377,15.716,19.15,17.757,10.99,10.189,10.038,9.618,9.1593,9.1396,9.3218,9.2267,9.3423,9.2364,9.1088,8.9025,8.8897,8.6541,8.881,8.8072,9.1202,9.51,10.009,10.128,10.254,10.183,10.168,10.564,10.593,10.906,11.219,11.145,10.881,10.99,9.1687,8.841,8.5294,8.5868,8.3538,8.064,8.0261,7.9186,8.0659,8.0132,7.8135,7.8454,7.8907,7.9148,8.0368,8.7987,9.5605,9.3396,9.3017,9.5763,9.2647,9.3655,9.4431,9.5292,9.277,9.3503,9.2649,9.2889,8.8705,9.1687,9.6885,9.4345,9.0829,8.8485,8.6379,8.4783,8.4472,8.3499,8.233,8.2523,8.2026,8.0783,8.0322,7.9557,8.2437,8.3103,8.5695,8.8357,8.9907,9.0172,9.101,9.0248,9.096,9.1321,9.3727,9.5477,9.71,9.7946,9.5807,9.6885
18.327,8.0268,9.7017,13.784,14.559,13.681,12.254,12.712,13.681,15.83,15.289,16.404,17.425,16.156,16.367,13.394,9.614,5.0165,5.0165,8.394,8.8398,8.394,8.7326,7.7635,6.6914,6.6914,5.0165,8.8398,11.404,12.882,13.243,11.037,11.85,14.671,13.086,13.394,14.326,12.58,13.243,11.797,10.841,11.404,10.841,10.346,8.0268,3.8514,-0.29831,8.8398,6.8617,10.346,8.8398,9.9548,10.346,10.841,9.9548,6.8617,9.872,11.743,9.614,13.243,8.7326,23.157,23.921,25.93,26.581,25.716,25.81,25.398,26.532,25.967,24.441,24.929,25.009,23.593,22.278,19.779,17.681,17.763,17.306,18.275,16.794,17.366,17.137,15.83,13.851,12.006,11.404,14.356,14.296,18.335,17.763,9.5583,8.9384,8.8473,8.3693,8.0595,7.8265,8.0572,8.1459,8.0236,7.9491,7.9661,7.7008,7.6457,7.4502,7.8195,7.3891,7.6965,8.2489,8.8811,8.7026,8.7454,8.8109,8.8997,9.594,9.2191,9.5265,9.6491,9.9257,9.6604,9.5583,7.7742,7.9034,7.4274,7.1215,6.915,6.895,6.8784,6.9295,6.6955,6.6612,6.7147,6.7036,6.6592,6.5186,7.051,8.055,8.3287,8.1149,7.9975,8.2125,8.0795,7.8812,8.2518,7.9633,7.9724,8.0666,8.0323,8.0535,7.8195,7.7742,8.4241,8.206,7.8948,7.6337,7.3822,7.2558,7.2779,7.1611,7.07,7.0163,7.022,6.8756,6.8205,6.7587,7.0991,7.0808,7.3944,7.5638,7.5914,7.7608,7.8933,7.7438,7.8747,7.8886,7.7839,8.1867,8.4843,8.5489,8.2917,8.4241
18.347,8.0186,9.6935,13.235,14.745,13.348,11.842,13.235,14.406,14.551,14.317,17.328,18.019,16.854,15.884,13.386,8.3858,6.8535,5.0083,8.7244,8.8316,6.8535,6.6832,6.6832,9.6935,5.0083,5.2565,7.7553,9.6057,13.776,12.874,12.571,10.338,14.071,14.551,11.998,11.842,12.198,11.735,11.842,11.029,10.338,10.833,7.3278,8.0186,5.0083,-0.30652,5.0083,8.3858,9.9465,9.2359,8.3858,9.2359,8.8316,10.766,7.3278,6.6832,10.833,8.7244,13.673,10.766,23.641,23.426,26.622,26.897,25.821,25.431,25.714,26.542,25.431,24.362,24.928,25.122,23.847,22.643,19.588,17.358,16.936,16.226,18.132,17.547,17.714,16.524,15.967,13.776,10.557,8.0186,15.008,14.745,18.386,17.313,9.763,9.4448,9.0214,8.5512,8.253,8.3322,8.1613,8.178,8.3382,8.3094,8.0944,8.0149,7.8475,7.7055,7.8811,8.0286,8.2364,8.7592,9.2528,9.2489,8.9472,9.0714,9.358,9.4268,9.6103,9.6402,10.211,9.9956,9.7806,9.763,8.1402,7.819,7.5037,7.4119,7.2966,7.2006,7.0332,6.9866,7.1355,7.2818,6.8627,6.8354,7.0812,6.9332,7.1397,7.8603,8.1435,8.2353,8.624,8.2971,8.5005,8.3736,8.4431,8.2703,8.3917,8.6306,8.3296,8.3854,8.1019,8.1402,8.6447,8.4033,8.086,7.8974,7.7492,7.5567,7.4856,7.3504,7.2793,7.3226,7.2168,7.1565,7.0917,6.9549,7.2126,7.4528,7.578,7.9009,8.0367,8.0429,7.8775,7.9805,7.9499,7.9511,8.55,8.7227,8.7674,8.8771,8.6233,8.6447
18.367,7.2164,10.227,13.32,14.68,13.067,13.11,13.237,14.68,14.68,15.371,17.233,17.444,16.74,16.759,13.32,10.701,8.7487,7.046,9.0872,8.1181,10.309,9.5988,5.6194,9.5988,7.2164,7.6906,8.1181,10.227,14.402,14.036,12.979,12.205,14.68,13.11,13.597,13.441,13.067,12.098,11.759,11.128,11.64,11.392,7.2164,7.046,3.0666,-3.9231,5.6194,9.0872,11.196,6.0769,9.0872,9.0872,10.92,10.309,10.309,10.92,10.701,10.056,13.749,11.7,23.597,24.032,26.419,26.71,26.249,26.088,26.324,26.887,26.429,24.936,25.639,25.554,23.224,22.761,19.462,17.216,18.118,18.022,17.72,16.608,17.444,16.958,15.989,13.749,11.64,10.92,15.108,15.371,18.966,18.381,10.184,9.5908,9.0824,8.6884,8.2646,8.3074,8.597,8.6544,8.48,8.4168,8.3799,8.1494,8.1535,7.9911,8.268,8.1959,8.5428,8.9642,9.2291,9.3521,9.4317,9.2764,9.5412,9.8061,9.7317,10.135,10.317,10.706,10.164,10.184,8.1936,8.021,7.6859,7.4436,7.1273,7.069,7.2798,7.3183,7.3336,7.2156,6.9324,6.8942,6.954,7.0101,7.834,7.8726,8.3748,8.4133,8.4694,7.9888,8.3491,8.2078,8.337,8.2415,8.1871,8.0915,8.3039,8.2593,7.9206,8.1936,8.9276,8.7126,8.3503,8.1056,7.8109,7.6281,7.7566,7.6729,7.4655,7.3874,7.3937,7.2666,7.266,7.217,7.4773,7.5819,7.763,8.0016,8.0555,8.1505,8.3009,8.1508,8.2076,8.14,8.463,8.8928,9.0402,9.1621,8.7202,8.9276
18.387,8.8632,10.864,14.379,15.288,12.779,12.229,12.603,14.349,13.875,15.407,16.627,17.222,16.179,15.853,12.735,7.7869,8.0501,6.7148,8.756,6.8851,9.2675,8.4174,6.7148,8.8632,8.0501,4.7766,9.7251,8.8632,15.116,13.875,11.06,12.229,14.438,14.103,12.603,12.603,12.988,12.779,10.37,10.589,8.4174,10.864,9.2675,5.0398,-0.27494,2.2778,4.7766,5.7457,9.9781,8.4174,8.8632,8.4174,9.9781,8.8632,8.756,10.37,11.428,9.7251,13.417,12.229,23.487,23.725,26.334,26.873,25.488,25.633,25.984,26.584,25.24,24.032,24.82,25.442,23.487,22.471,18.756,16.409,16.968,16.334,16.885,15.789,17.359,16.409,15.916,14.349,11.873,13.38,14.831,15.116,19.372,17.448,10.257,9.8324,9.4079,9.113,8.7008,8.6379,8.6393,8.7333,8.7507,8.7348,8.568,8.3591,8.3085,8.1085,8.2714,8.0814,8.4318,9.1302,9.4038,9.48,9.1656,9.4624,9.8926,9.8132,10.053,10.108,10.561,10.403,10.17,10.257,8.6192,8.3465,8.0303,8.0472,7.7743,7.4686,7.354,7.4774,7.5037,7.5634,7.5646,7.4112,7.354,7.1762,7.4884,8.4829,9.0137,9.0809,8.7829,8.8703,8.6702,8.6915,8.7789,8.9133,8.8698,8.674,8.9895,8.7117,8.5126,8.6192,9.1727,8.9092,8.6168,8.3601,8.1726,7.9773,7.9431,7.8128,7.7006,7.7288,7.6548,7.5562,7.554,7.4657,7.6923,7.8547,8.0265,8.2466,8.398,8.5702,8.4812,8.4089,8.5158,8.549,8.8932,9.1614,9.2945,9.1998,9.1008,9.1727
18.407,6.9254,9.3077,14.389,14.143,13.42,12.643,12.688,13.915,15.328,15.893,16.43,17.619,16.596,14.507,12.946,6.755,5.7859,6.755,10.41,8.4576,7.8271,8.7962,8.7962,7.8271,5.7859,5.0801,10.018,9.9357,13.15,12.07,11.807,9.7653,14.419,13.915,13.029,14.623,13.029,11.807,11.409,11.349,10.905,9.3077,9.7653,2.7756,-0.23468,2.318,5.0801,9.3077,10.905,9.7653,9.9357,9.9357,8.3386,12.07,6.9254,9.3077,10.629,8.7962,14.389,11.409,23.457,23.465,26.16,26.587,25.565,25.482,25.958,26.46,25.319,24.111,24.86,25.243,23.45,22.151,18.493,16.449,16.755,16.925,17.827,17.2,17.121,16.43,15.08,13.915,11.101,12.27,15.352,16.596,19.14,17.633,10.66,10.364,9.6693,9.2073,8.9793,8.794,9.0403,9.1346,9.0181,8.9568,8.733,8.5929,8.5333,8.4473,8.6474,8.1362,8.5698,9.3631,9.7379,9.7813,9.7745,9.9243,9.8943,10.044,10.336,10.241,10.821,10.73,10.464,10.66,8.7005,8.9241,8.1833,8.0357,7.7835,7.5767,7.8598,7.805,7.5279,7.6465,7.5308,7.488,7.7116,7.7932,7.5531,8.562,9.3522,9.1889,9.1461,9.0304,9.1295,9.28,9.2373,9.0739,8.9544,8.8386,9.1528,9.1438,8.6407,8.7005,9.4624,9.2241,8.8457,8.6042,8.2675,8.0902,8.2835,8.1476,7.9387,7.9676,7.913,7.7004,7.7101,7.735,8.0892,7.9953,8.3198,8.4281,8.6432,8.6618,8.8898,8.7943,8.7495,9.0034,9.0466,9.2874,9.5624,9.6446,9.3237,9.4624
18.427,7.4535,8.8502,13.083,13.799,14.532,12.323,13.083,15.134,15.883,16.428,17.439,17.175,15.501,15.501,11.155,8.9574,7.4535,6.809,8.3926,7.8811,9.3617,8.5116,6.809,7.4535,4.8708,5.3823,7.8811,9.7315,12.124,13,11.463,11.155,12.697,12.697,12.697,14.197,11.522,12.873,12.372,11.86,9.7315,8.1443,6.809,6.9793,-1.1498,-1.1498,2.8296,5.3823,10.959,10.959,9.3617,10.891,9.3617,10.959,9.8193,9.8193,11.463,11.86,13.474,11.968,22.294,23.956,25.096,25.998,25.487,25.917,25.336,26.428,26.273,24.83,25.382,25.108,22.124,21.973,19.072,16.996,16.912,17.317,18.119,16.65,17.175,17.84,14.443,14.871,11.522,12.323,14.443,14.789,18.393,17.948,10.798,10.56,9.8046,9.4639,9.152,9.0583,9.1832,9.2294,9.2505,9.1281,9.1356,8.9298,8.6861,8.6726,8.7592,8.7382,9.074,9.9671,9.9536,9.7983,10.107,10.438,10.26,10.343,10.592,10.437,11.067,10.912,10.68,10.798,8.8908,8.8449,8.4951,8.2165,8.04,7.8309,8.1172,7.8242,7.9606,7.733,7.8272,7.8447,8.0156,7.7326,8.4878,9.0456,9.2817,9.3759,9.2727,9.1871,9.1569,9.2511,9.3453,9.3151,9.2119,9.1263,9.2575,8.9929,8.8241,8.8908,9.7341,9.4735,9.0697,8.8929,8.5332,8.3975,8.5593,8.384,8.2559,8.2098,8.199,8.0589,8.0178,7.9765,8.2394,8.4413,8.633,8.9024,8.9922,9.0397,9.1064,9.0189,9.0083,9.1757,9.4495,9.6299,9.7267,9.7165,9.5391,9.7341
18.447,7.4545,9.3626,12.874,13.8,12.324,13.205,11.464,14.444,15.948,15.686,17.063,16.504,15.502,16.011,13.512,9.7325,8.9583,3.9699,7.882,9.8202,7.4545,8.1453,6.9802,6.8099,5.8408,4.8717,8.5125,9.9905,13.205,13.361,9.8202,12.324,13.205,13.8,11.915,13.512,11.156,11.404,10.96,10.96,8.9583,9.8202,8.5125,5.8408,-0.17981,1.8614,6.8099,9.8202,11.404,9.8202,10.465,11.523,8.5125,9.9905,9.9905,9.8202,12.743,10.073,12.125,11.861,22.492,23.669,25.109,25.817,25.558,26.104,25.414,26.304,26.539,24.489,25.248,24.652,22.603,21.969,19.679,17.688,17.786,17.318,17.949,17.688,17.439,17.318,13.97,14.677,10.96,12.698,15.407,15.753,17.786,18.548,10.829,10.623,10.254,9.6855,9.3015,9.2191,9.2072,9.4776,9.4829,9.3821,9.163,9.0643,8.982,8.7338,8.9773,9.0276,8.9912,9.7163,10.157,10.152,10.268,10.256,10.552,10.349,10.524,10.698,11.172,10.992,10.751,10.829,9.5175,8.9482,8.6828,8.4519,8.573,8.1749,8.4166,7.9709,8.2894,8.2306,8.0437,8.0955,8.3732,8.0159,8.6007,9.5071,9.95,10.033,9.6905,9.6317,9.6697,9.7087,9.8384,9.6699,9.8599,9.7147,9.6559,9.7335,9.3313,9.5175,9.9075,9.6474,9.276,9.1048,8.8399,8.6822,8.7275,8.5925,8.5495,8.4112,8.5102,8.3644,8.3291,8.1821,8.5597,8.608,8.9918,9.058,9.2883,9.3921,9.4405,9.2363,9.2182,9.3909,9.859,9.9051,10.074,9.93,9.7733,9.9075
18.467,5.1085,8.1188,12.804,13.486,11.835,13.449,10.933,14.139,15.476,15.108,16.678,17.546,15.922,16.248,13.668,9.3361,8.9318,1.8349,10.047,7.428,8.1188,8.1188,6.9537,8.8246,8.9318,4.8452,8.367,8.9318,13.773,12.974,10.438,10.438,12.346,13.773,12.804,12.098,12.098,12.098,13.335,11.129,12.098,8.9318,5.8143,6.7834,2.804,2.804,6.7834,9.3361,9.3361,9.7937,10.933,10.047,8.486,9.964,9.3361,9.706,12.298,10.438,13.449,12.804,23.21,23.96,25.532,26.316,25.271,25.433,25.381,26.438,25.79,24.193,25.083,24.807,22.134,21.947,19.088,16.696,17.473,16.903,18.282,16.678,16.954,17.647,14.418,13.449,11.942,11.889,16.326,14.845,19.088,17.815,9.6457,9.4173,8.9438,8.5179,8.0232,7.8534,7.9055,8.0463,8.2016,8.053,7.9919,7.8474,7.7973,7.5588,7.682,7.866,7.9905,8.658,8.7078,8.6059,9.0029,9.0699,9.2838,9.3215,9.3041,9.1863,9.7432,9.6254,9.4661,9.6457,7.9878,7.7225,7.4915,7.2019,7.2339,6.8675,6.8732,6.9316,6.9272,6.8159,6.848,6.8876,6.9509,6.983,7.157,8.2962,8.4701,8.5022,8.3544,8.5284,8.3631,8.0854,8.468,8.2106,8.1871,8.2192,8.1563,8.0447,7.755,7.9878,8.6356,8.3894,8.0544,7.8771,7.6378,7.4685,7.4689,7.3555,7.2395,7.254,7.1946,7.1316,7.0973,6.9571,7.2926,7.375,7.5358,7.8636,7.9935,8.0646,8.0016,7.9722,8.0477,8.2089,8.4464,8.8431,8.7069,8.6087,8.5493,8.6356
18.487,6.3868,10.261,13.547,14.254,14.021,13.271,13.377,15.461,16.894,16.832,17.459,17.377,15.929,16.49,13.743,11.901,9.3971,6.5571,9.3971,11.1,8.428,9.3094,8.9395,10.537,9.3971,8.9395,10.261,11.702,13.547,13.743,11.041,12.578,12.938,12.782,11.041,12.66,11.702,13.743,13.743,10.537,11.438,10.537,4.4486,6.3868,-1.572,5.4177,7.7222,11.041,12.782,10.261,9.5674,12.451,8.5353,9.6502,8.428,10.261,11.438,10.733,13.089,12.451,23.026,24.44,25.531,25.925,25.778,26.632,25.548,27.009,27.363,25.402,25.966,25.112,22.407,22.302,19.905,17.995,18.802,18.171,18.535,17.513,17.97,17.12,14.788,15.079,12.407,13.547,15.671,15.525,18.171,18.94,9.8951,9.5962,9.2124,8.73,8.3356,8.1592,8.4659,8.5372,8.5322,8.2352,8.2766,8.104,8.04,7.9737,8.0104,8.1158,8.2763,8.909,9.1469,9.2457,9.1941,9.4495,9.5631,9.5523,9.4684,9.7238,10.07,9.9897,9.6872,9.8951,8.5424,8.0536,7.6632,7.6286,7.5042,7.3251,7.5625,7.3293,7.3652,7.2262,7.4128,7.3506,7.3573,7.2397,8.409,8.4712,8.4303,8.7745,8.6502,8.7727,9.0105,8.8487,8.7995,8.7075,8.6333,8.7862,8.8996,8.7169,8.5049,8.5424,8.9923,8.7412,8.3318,8.1567,7.8063,7.6242,7.8216,7.7123,7.5991,7.4318,7.5512,7.424,7.3971,7.3713,7.6877,7.6811,7.9708,8.1885,8.3229,8.2772,8.484,8.3837,8.4447,8.5221,8.7057,8.968,9.1138,9.1529,8.9241,8.9923
18.507,6.7541,8.9025,11.467,13.603,12.775,12.069,12.317,13.457,16.316,16.219,16.874,17.399,15.279,16.666,13.457,10.904,2.7747,5.0792,8.9025,8.0895,9.6767,9.3068,7.3987,9.7644,8.9025,7.8262,10.017,10.904,14.816,14.477,10.628,11.913,12.069,12.775,12.069,12.069,11.1,12.069,13.149,10.904,11.467,10.904,8.7953,8.0895,2.7747,3.9141,3.9141,8.3377,10.628,8.7953,9.7644,10.904,5.785,11.1,8.9025,10.017,10.017,10.628,13.603,13.028,22.814,24.065,25.079,25.822,25.115,26.009,25.435,26.941,26.586,24.504,25.155,25.193,22.229,22.269,19.258,17.618,17.73,17.152,17.384,16.924,16.649,17.443,14.816,15.351,12.642,12.775,15.327,15.446,17.999,18.051,10.328,10.033,9.3395,8.9905,8.6647,8.404,8.9025,8.8429,8.7899,8.625,8.5511,8.3879,8.3477,8.2588,8.3411,8.2303,8.6344,9.3127,9.4845,9.7303,9.7914,9.9293,9.8042,10.167,9.952,10.443,10.537,10.341,10.213,10.328,8.4345,8.158,7.9355,7.7558,7.4225,7.4615,7.5268,7.4385,7.5503,7.6634,7.6964,7.1505,7.482,7.7923,7.6126,8.4078,9.3315,8.8776,8.7118,8.6864,8.7517,8.9034,8.8443,8.6646,8.7638,8.675,8.6473,8.7598,8.4127,8.4345,9.2138,8.9817,8.5373,8.3929,8.0852,7.9025,8.0363,7.9213,7.8022,7.7589,7.7497,7.625,7.5746,7.5684,7.779,8.0039,8.1333,8.3669,8.4726,8.4958,8.6813,8.646,8.7495,8.8808,9.0034,9.1276,9.2063,9.2703,9.0187,9.2138
18.527,6.9126,9.9229,12.057,13.407,13.016,13.137,12.806,13.902,15.88,16.418,17.14,17.882,15.435,15.708,13.016,10.006,8.4449,6.7423,8.4449,8.8907,9.7526,10.397,8.8907,9.7526,8.8907,8.0777,11.088,10.397,14.13,14.804,11.396,9.9229,13.137,12.763,12.057,13.445,12.806,11.396,12.257,12.806,10.616,10.892,6.9126,5.7732,3.9023,-0.24741,6.7423,8.7835,10.006,10.892,10.892,9.295,9.7526,10.825,10.616,10.892,11.901,11.455,13.626,13.732,22.595,23.558,25.383,25.641,25.423,25.793,25.661,26.361,26.523,24.596,25.335,24.935,22.057,22.457,19.158,18.078,17.62,17.387,18.191,16.995,17.387,17.417,15.267,15.435,12.631,12.933,15.88,15.34,18.35,18.241,10.282,10.11,9.5226,9.1647,8.8908,8.7323,9.1542,9.0072,8.9223,8.92,8.8045,8.6423,8.6533,8.5669,8.7448,8.5731,9.0737,9.5223,9.9709,9.8537,9.9345,10.001,10.124,10.205,10.002,10.26,10.578,10.542,10.339,10.282,8.7089,8.6302,8.296,8.2054,7.8885,7.6697,7.7266,7.8134,7.7053,7.7916,7.5425,7.7308,7.5596,7.8386,7.8647,8.2856,9.0108,9.2343,9.1795,8.9514,9.1019,9.0592,9.2827,9.0426,8.8931,9.0814,8.9969,9.0326,8.718,8.7089,9.4596,9.2203,8.7842,8.6485,8.3064,8.1794,8.291,8.1662,8.0529,7.933,8.0046,7.8839,7.8817,7.8073,8.1051,8.1529,8.3891,8.6189,8.7455,8.8471,8.8882,8.9363,8.9087,9.0646,9.0988,9.4359,9.364,9.5164,9.2889,9.4596
18.548,7.4291,9.9651,13.669,15.358,14.172,12.673,11.943,14.537,15.923,16.19,17.459,17.183,15.683,16.249,12.717,11.13,2.8051,6.9548,11.497,9.9651,10.934,10.658,10.439,12.975,8.9329,8.3681,10.439,9.7948,15.186,13.487,11.13,11.438,12.348,11.438,10.934,10.658,12.848,12.299,11.836,10.934,9.9651,10.048,8.8257,5.3578,5.1096,2.8051,5.3578,10.048,10.934,10.439,10.934,11.378,10.439,11.438,11.378,9.7948,13.058,10.439,15.683,12.717,22.912,23.601,25.331,26.249,25.558,25.661,25.71,26.625,25.728,24.475,25.243,25.063,23.029,21.991,18.428,17.292,17.103,17.23,17.547,16.784,17.429,17.429,16.971,15.477,13.945,14.508,16.327,14.846,19.627,17.761,10.652,10.313,9.8686,9.4813,9.2981,9.1236,9.2239,9.353,9.2333,9.1575,9.0686,8.9024,8.7646,8.6836,8.8705,8.9593,9.0218,10.17,9.9817,10.248,10.165,10.224,10.382,10.409,10.34,10.294,10.518,10.767,10.458,10.652,9.0019,8.5952,8.475,8.145,8.2221,8.0307,7.9959,7.898,7.9097,7.882,7.9786,7.8344,7.7947,7.8913,7.9112,9.4755,9.5722,9.6254,9.3882,9.3017,9.3328,9.232,9.4118,9.2084,9.3421,8.9751,9.1702,9.0717,8.8599,9.0019,9.6281,9.3623,9.05,8.8337,8.6014,8.4615,8.4023,8.3005,8.205,8.1905,8.1557,8.0504,8.0092,7.9523,8.2737,8.4371,8.6555,8.8829,9.0575,9.1322,9.1566,8.9668,9.2163,9.226,9.4346,9.5744,9.6672,9.6329,9.4595,9.6281
18.568,8.8374,11.402,14.323,15.827,13.679,13.084,13.573,15.72,16.308,15.89,17.553,17.567,16.876,16.094,13.391,10.839,6.8593,8.7302,10.563,11.035,10.344,11.402,10.839,12.577,10.344,9.6993,9.6993,9.9523,15.262,13.391,10.839,10.839,12.88,12.963,12.252,10.839,11.848,10.839,12.203,9.6115,12.004,11.035,8.7302,6.689,3.849,1.7405,7.3335,8.3916,10.563,8.7302,12.577,11.402,9.6993,12.622,11.035,9.9523,12.004,9.6993,13.782,12.252,23.116,23.505,25.634,26.727,25.527,25.659,25.983,26.585,25.463,24.508,25.15,25.029,23.519,22.039,19.952,16.689,15.72,17.999,17.868,17.422,18.427,18.575,16.548,16.53,14.556,13.24,15.565,14.293,19.242,17.679,11.133,10.491,10.11,9.7076,9.4645,9.3018,9.5726,9.5309,9.531,9.4634,9.3647,9.2462,9.2493,9.0278,9.1919,9.3812,9.7125,10.241,10.521,10.543,10.546,10.653,10.81,10.921,10.826,10.932,10.942,11.088,10.999,11.133,9.3005,8.9536,8.8175,8.5317,8.2832,8.1338,8.3057,8.2564,8.3438,8.3656,8.0839,8.2006,8.2143,8.1892,8.7142,9.492,9.6676,9.7023,9.5719,9.7793,9.6198,9.6679,9.77,9.4231,9.4631,9.5203,9.5169,9.5306,9.1837,9.3005,9.9103,9.6437,9.3139,9.0609,8.8504,8.6781,8.7069,8.6035,8.5053,8.5246,8.4379,8.3242,8.3104,8.19,8.5986,8.6255,9.0348,9.2291,9.3169,9.3964,9.4058,9.3667,9.4277,9.492,9.5755,9.6907,9.9559,10.017,9.8206,9.9103
18.588,9.1329,11.134,14.145,16.449,15.883,13.379,14.619,16.268,17.351,16.879,18.58,18.396,17.171,16.897,14.145,11.33,9.9948,8.5681,12.299,10.858,12.143,12.499,10.858,12.299,9.5372,9.1329,12.036,9.9948,14.145,13.974,10.639,10.248,11.697,13.974,12.299,13.048,12.873,12.299,12.143,12.036,13.005,9.0257,8.6871,8.3199,5.3096,3.0051,5.5578,12.299,10.248,12.036,11.067,9.1329,9.1329,12.143,11.33,11.697,11.134,12.036,14.649,13.833,23.283,24.42,25.84,26.496,26.135,26.293,26.439,27.005,26.478,25.345,25.847,25.589,23.078,22.499,19.459,18.568,18.32,18.675,18.433,17.104,18.675,18.124,16.603,15.861,14.145,13.65,15.386,15.284,19.289,18.592,9.5925,9.3871,8.9194,8.4816,8.1874,8.0951,8.2263,8.2268,8.2698,8.2051,8.0767,8.0103,8.0191,7.7413,7.8616,8.0119,8.4751,8.8996,9.2473,9.1562,9.1385,9.0356,9.2845,9.3748,9.2588,9.6141,9.748,9.7088,9.5073,9.5925,7.9874,7.8056,7.6348,7.3362,7.1553,7.0478,7.0314,7.0889,6.9923,6.9195,6.9573,7.137,7.1515,7.2777,8.0746,8.4993,8.5371,8.4718,8.4763,8.1489,8.1867,8.0134,8.2935,8.2309,8.3767,8.1726,8.1782,8.0916,7.9125,7.9874,8.7309,8.4379,8.0952,7.8956,7.6672,7.5444,7.5074,7.413,7.3421,7.2921,7.3058,7.2312,7.1909,7.0892,7.3182,7.5574,7.6839,8.0099,8.1195,8.2995,8.2006,8.1572,8.1988,8.3166,8.4484,8.6812,8.6615,8.9327,8.6686,8.7309
18.608,7.6187,10.629,12.995,13.858,13.677,13.038,12.862,15.143,15.274,16.668,17.34,17.372,14.954,16.687,13.677,10.629,8.6767,8.6767,8.6767,9.1225,10.237,10.629,9.1225,10.237,9.0153,8.3095,9.9844,9.8966,13.525,13.369,10.155,10.237,12.289,12.289,12.026,12.026,12.133,12.489,11.124,11.124,9.9844,10.629,7.1444,8.3095,5.5474,4.1341,8.0462,9.9844,12.026,9.9844,11.124,11.32,9.9844,12.289,11.628,10.848,11.124,10.237,12.489,12.08,22.289,23.337,25.261,25.607,25.289,25.607,25.314,26.515,26.082,24.521,25.167,24.819,22.4,21.993,19.679,17.34,16.886,17.227,18.309,16.536,16.974,16.886,15.917,15.547,12.995,12.537,13.964,14.954,18.046,17.077,9.724,9.5112,9.0355,8.7715,8.2707,8.1557,8.4097,8.5046,8.4025,8.4235,8.222,8.113,8.0508,7.9267,8.1088,8.1035,8.4364,9.0091,9.2514,9.3145,9.2694,9.1588,9.4616,9.4165,9.3891,9.2531,9.4273,9.858,9.5787,9.724,8.4388,8.2557,7.7901,7.668,7.507,7.3849,7.332,7.4054,7.4338,7.3116,7.172,7.3128,7.2319,7.4103,7.6867,8.4055,8.7294,8.6073,8.5231,8.7228,8.5831,8.7352,8.7161,8.6708,8.6147,8.6188,8.5698,8.6885,8.476,8.4388,8.8864,8.72,8.3073,8.139,7.8702,7.6883,7.7312,7.6349,7.5513,7.4703,7.4663,7.3517,7.3551,7.2808,7.5581,7.6024,7.9067,8.0645,8.0643,8.3021,8.2861,8.3075,8.3669,8.4263,8.4856,8.6869,9.068,8.9118,8.8271,8.8864
18.628,8.6386,10.117,13.601,14.659,13.487,13.127,12.499,14.57,15.967,16.137,17.8,16.848,15.812,16.936,14.292,9.9463,8.6386,7.1063,9.4887,10.117,11.018,9.4887,10.117,9.8585,9.0844,6.936,9.9463,9.4887,13.21,12.095,10.591,11.59,13.601,13.331,13.331,13.21,12.095,11.987,11.649,11.086,11.987,10.81,8.6386,6.936,2.9566,5.5093,8.0081,8.9772,9.4887,11.086,11.086,11.086,9.4887,9.8585,10.81,9.4887,12.041,10.81,12.251,11.282,22.604,22.995,25.105,25.881,25.377,25.355,25.424,26.255,25.71,24.54,25.097,24.579,22.504,21.816,19.074,17.302,17.381,17.189,17.61,16.555,17.669,16.936,15.261,15.105,13.21,11.282,14.659,13.487,18.271,17.189,10.013,9.7816,9.3994,8.9606,8.6629,8.5947,8.6618,8.7257,8.7273,8.5837,8.4183,8.3099,8.3171,8.0536,8.4212,8.1191,8.7286,8.9524,9.2725,9.3396,9.3379,9.4606,9.5278,9.5261,9.4376,9.7714,9.8561,9.8368,9.8231,10.013,8.6839,8.4129,8.2097,7.847,7.8003,7.5642,7.7039,7.6657,7.7149,7.5065,7.7033,7.827,7.5033,7.5611,7.4917,8.4915,9.0276,9.1001,8.8508,8.799,8.9403,8.833,8.7811,8.8536,8.695,8.8187,8.8912,8.7326,8.6114,8.6839,9.1537,8.9133,8.6061,8.3694,8.0965,7.9586,7.9444,7.8278,7.7289,7.6887,7.6752,7.5937,7.5294,7.467,7.7061,7.8499,8.0612,8.3413,8.4958,8.5422,8.5921,8.501,8.6402,8.5799,8.7286,9.0041,9.1317,9.1156,9.02,9.1537
18.648,10.12,11.022,14.1,15.265,14.574,14.032,14.327,15.341,17.193,17.193,18.351,17.702,17.11,16.78,13.824,11.533,9.088,9.088,11.089,10.594,10.594,11.089,10.12,11.285,8.6422,8.275,8.0117,9.9499,13.642,12.828,11.593,9.4923,12.503,12.828,14.604,13.334,12.254,13.003,13.131,11.991,11.089,10.12,9.4923,8.6422,5.9705,5.9705,8.9808,10.813,13.131,12.828,11.089,11.089,10.813,11.089,12.098,10.12,11.593,11.593,13.642,13.131,23.838,24.182,26.331,26.834,26.014,26.541,26.234,27.287,27.352,25.109,25.816,25.556,22.859,23.131,20.324,18.523,18.547,18.079,18.249,18.079,17.803,17.554,16.78,15.001,13.642,11.533,14.327,15.265,18.351,18.275,10.585,10.217,9.5282,9.3105,9.0049,8.7517,8.9303,9.0442,8.9833,9.042,8.8392,8.6911,8.6125,8.4368,8.7008,8.6213,9.126,9.7413,9.8062,9.8922,9.7465,9.8325,9.9842,9.8616,10.067,10.307,10.677,10.649,10.534,10.585,8.8792,8.604,8.3659,8.1731,7.9944,7.8235,7.8,7.7383,7.9884,7.6259,7.8338,7.6687,7.6968,7.9455,7.8639,8.4111,9.1002,9.2745,9.143,9.0746,8.9884,9.1408,8.869,9.0593,8.9767,9.0466,8.9698,8.7994,8.7226,8.8792,9.4251,9.1591,8.8158,8.5991,8.3181,8.1652,8.1974,8.08,7.9851,7.9292,7.9227,7.7967,7.792,7.6973,7.9535,8.0729,8.2513,8.5173,8.624,8.7306,8.713,8.7114,8.7394,8.7098,8.9963,9.3516,9.4678,9.595,9.2864,9.4251
18.668,8.2913,11.038,14.62,15.648,14.56,14.59,14.116,15.357,16.956,17.076,18.599,18.564,16.498,16.669,14.116,10.137,9.1044,8.9971,11.302,11.55,11.61,11.61,10.83,11.302,8.9971,6.9559,10.611,7.1263,14.312,14.59,10.611,11.61,12.844,14.344,12.844,13.621,14.049,13.02,11.61,12.007,11.038,11.669,10.611,7.6005,5.281,4.116,6.9559,9.5087,11.302,10.83,11.106,11.61,12.977,10.219,11.106,11.106,12.977,10.611,14.116,12.519,23.776,24.136,26.753,27.141,26.145,26.277,26.535,26.963,26.373,25.281,25.778,25.375,23.621,22.871,19.834,18.095,17.82,17.401,18.876,16.518,17.82,17.586,15.921,15.832,12.271,12.844,15.255,14.936,19.26,18.291,10.801,10.399,9.8831,9.4561,9.1426,9.0444,9.095,9.3046,9.1205,9.081,8.9495,8.8822,8.8146,8.7132,8.878,8.7899,9.5052,9.7807,9.8424,9.9305,10.132,10.043,10.154,10.333,10.395,10.702,10.808,10.834,10.629,10.801,9.1327,8.9357,8.7087,8.5084,8.2713,8.0393,8.2011,8.0821,8.1903,8.0087,8.1117,8.0582,8.0792,7.8606,8.5628,8.7865,9.2977,9.4008,9.2588,9.1945,9.1908,9.2744,9.2726,9.4741,9.2433,9.2776,9.3251,9.4869,9.154,9.1327,9.6702,9.4077,9.0573,8.8247,8.561,8.4181,8.4743,8.3222,8.2065,8.1748,8.1482,8.0254,8.0078,7.941,8.3231,8.2589,8.5415,8.7704,8.8719,8.8428,9.0661,8.9669,8.9748,9.0872,9.3223,9.6011,9.7521,9.822,9.5647,9.6702
18.688,9.1776,10.293,15.329,16.888,13.878,13.05,15.554,15.009,15.905,16.313,17.2,17.537,17.475,16.742,14.385,11.683,5.3543,7.0292,9.5819,10.684,12.592,10.04,7.6738,9.5819,9.1776,3.0498,10.293,9.1776,14.019,12.918,13.424,9.5819,13.22,15.009,13.694,11.742,12.081,13.878,12.344,12.918,10.684,10.21,11.179,8.7318,7.0292,2.0807,7.0292,10.04,11.179,10.684,11.375,11.742,11.375,10.684,9.1776,11.179,12.918,10.04,14.189,12.344,23.561,23.34,27.188,27.73,26.045,25.803,26.323,26.982,25.605,24.206,25.316,25.527,24.564,22.744,19.445,17.282,17.907,17.674,18.209,17.029,17.763,17.149,16.705,15.722,13.22,13.093,15.603,14.385,20.117,18.365,11.005,10.472,10.215,9.6762,9.5319,9.2458,9.4702,9.3852,9.483,9.3178,9.1855,9.0047,8.9492,8.8216,9.1197,9.0893,9.6166,10.013,10.19,10.129,10.044,10.221,10.457,10.254,10.684,10.751,10.792,11.037,10.962,11.005,9.327,9.1534,8.825,8.7097,8.6002,8.1809,8.2754,8.3932,8.1125,8.4035,8.1618,8.1654,8.2832,8.5751,8.6782,9.1177,9.5572,9.6371,9.5575,9.4921,9.4237,9.6299,9.5057,9.4373,9.5276,9.5586,9.5975,9.8117,9.3415,9.327,9.8723,9.5819,9.3424,9.0627,8.8676,8.6726,8.6136,8.5064,8.3832,8.4473,8.3515,8.2718,8.2431,8.1026,8.4245,8.5297,8.7567,9.0107,9.0012,9.1508,9.1041,9.1284,9.2431,9.2881,9.4388,9.7238,9.9419,9.9572,9.7754,9.8723
18.708,8.0092,11.019,14.525,14.999,12.679,13.385,14.03,15.117,15.664,16.829,17.535,16.77,15.344,15.088,12.416,9.4058,7.3646,9.4058,10.375,9.5131,8.0092,9.0672,9.5131,8.7,7.3646,7.3646,9.5131,9.5131,13.759,12.679,11.239,11.514,11.959,13.428,13.297,12.018,12.523,10.375,13.253,11.447,11.239,9.4058,9.0672,8.7,2.4161,-0.59419,7.3646,9.9173,9.0672,7.3646,9.9173,10.628,10.545,9.9173,8.9482,9.9173,11.514,10.375,13.297,11.514,22.695,23.593,25.388,26.168,25.352,25.664,25.557,26.503,25.969,24.447,25.076,24.762,23.424,21.989,18.7,17.077,17.763,16.907,18.437,16.926,16.263,16.439,14.752,14.03,11.019,11.239,15.344,14.969,19.055,18.228,9.5788,9.3463,8.8334,8.5597,8.1674,8.0117,8.1842,8.1576,8.0998,7.915,7.7593,7.694,7.6695,7.5579,7.8124,7.58,7.8112,8.6859,8.7752,8.7954,8.8328,8.8401,8.8835,9.0808,9.0933,9.0028,9.5245,9.8562,9.443,9.5788,8.0197,7.6941,7.5266,7.3344,6.9429,7.0098,7.034,6.8528,6.9791,7.0544,6.8533,6.7925,6.7991,6.9174,7.166,8.4449,8.295,8.3248,8.1896,8.2048,8.2347,7.9863,8.1701,8.1445,8.1744,8.2043,8.1098,8.2261,7.7924,8.0197,8.6239,8.3767,8.0476,7.8214,7.5765,7.42,7.4295,7.2907,7.2062,7.2327,7.1541,7.0379,6.9966,6.9689,7.1453,7.2338,7.4991,7.7968,7.8377,7.9451,8.0159,8.0026,8.1701,7.9454,8.4255,8.6402,8.7681,8.7732,8.603,8.6239
18.728,8.3638,11.007,14.83,14.986,13.821,13.545,13.364,14.325,15.186,16.126,17.291,17.395,15.945,16.066,13.821,8.3638,8.2448,6.8315,10.316,7.9966,10.811,7.9966,8.8096,9.6715,7.9966,7.7333,8.8096,10.811,14.295,13.821,11.374,11.82,14.295,13.545,13.213,11.976,12.852,12.682,12.224,11.315,11.255,8.3638,11.007,6.6612,3.8212,3.8212,5.6921,8.7024,10.316,9.8418,11.82,11.374,9.6715,11.007,9.9245,9.2139,11.976,11.315,14.325,11.82,22.959,23.371,25.833,26.353,25.353,25.626,25.85,26.649,25.746,24.492,25.159,25.002,23.492,22.789,19.136,17.336,17.637,17.306,17.525,16.914,17.306,16.914,15.062,14.414,11.976,12.549,15.626,14.641,19.858,18.713,10.084,9.5044,9.1657,8.7738,8.5217,8.351,8.4346,8.4594,8.3869,8.3616,8.2048,8.1655,8.0742,7.8829,8.048,8.133,8.5488,8.9324,9.3058,9.2613,9.1775,9.3423,9.5676,9.6157,9.5144,9.8503,10.321,10.102,9.9636,10.084,8.2239,8.0057,7.7849,7.6616,7.3648,7.2442,7.3408,7.1236,7.3146,7.1467,7.2328,7.1252,7.2278,7.0582,7.5154,8.0281,8.4164,8.7872,8.5733,8.508,8.5434,8.3252,8.6727,8.645,8.6344,8.3183,8.586,8.5212,8.2485,8.2239,8.8589,8.6231,8.3334,8.0776,7.8728,7.692,7.6252,7.4807,7.4286,7.4383,7.3919,7.2943,7.2107,7.136,7.3552,7.5633,7.6959,8.0921,8.1402,8.243,8.2454,8.0815,8.2628,8.324,8.5918,8.8207,8.9931,8.9417,8.7944,8.8589
18.748,8.3282,9.8062,15.15,15.15,13.615,13.02,13.786,14.795,15.15,15.764,17.615,17.133,16.538,16.338,12.646,9.1783,6.7959,8.3282,9.6358,9.8062,10.708,8.774,7.6976,6.7959,6.7959,7.9609,9.8062,8.3282,14.795,13.291,11.279,10.28,13.615,14.29,13.615,12.899,12.689,13.328,12.14,10.708,13.328,10.971,9.6358,8.774,5.6564,3.7856,6.6255,9.8889,10.775,9.8062,8.6667,10.28,8.774,10.971,10.28,10.775,10.971,9.1783,14.687,12.689,22.903,23.309,25.695,26.484,25.778,25.318,26.09,26.379,25.508,24.818,25.488,25.429,23.279,22.685,19.806,17.315,17.255,17.935,17.698,16.187,17.765,15.909,14.349,14.951,12.646,12.14,15.764,15.502,19.823,18.71,10.161,9.9964,9.3752,8.8464,8.7443,8.517,8.5477,8.5063,8.6468,8.5759,8.312,8.3115,8.0956,8.0229,8.1652,8.29,8.6121,9.1683,9.4496,9.1971,9.1975,9.1111,9.5889,9.5893,9.7829,10.028,10.174,10.34,10.088,10.161,8.6656,8.3912,8.0554,7.9076,7.8339,7.4827,7.608,7.4531,7.5616,7.5357,7.4804,7.2753,7.4212,7.421,7.5214,8.1784,8.7667,8.9342,9.0642,8.7385,9.005,8.8111,9.0739,8.9556,8.8384,8.7244,8.9829,8.807,8.5543,8.6656,9.0398,8.8708,8.5561,8.2768,8.1025,7.9313,7.8241,7.7403,7.6434,7.7043,7.5943,7.5368,7.4856,7.3651,7.6739,7.8249,7.9864,8.2252,8.4378,8.4419,8.4548,8.2847,8.3756,8.5083,8.9659,9.1315,9.3183,9.1135,9.01,9.0398
18.768,10.171,12.505,14.625,15.588,14.378,13.693,13.181,16.192,16.666,16.455,17.161,17.854,16.533,16.703,13.693,9.5431,10.001,8.693,10.645,10.864,10.001,10.171,8.0625,8.693,7.635,6.9904,9.0316,11.14,14.743,13.181,12.305,12.923,14.15,13.542,13.054,13.542,13.656,12.305,12.923,12.149,12.042,10.171,9.0316,9.0316,4.1504,4.1504,6.0213,11.336,13.385,6.9904,8.693,11.14,10.171,11.14,8.3258,8.0625,12.096,11.14,14.858,13.656,23.131,23.987,25.936,26.531,25.936,26.392,26.006,27.018,26.455,25.095,25.518,25.426,23.353,23.011,20.399,17.161,17.388,17.605,18.3,17.243,17.724,16.99,15.391,15.315,11.584,11.644,15.956,16.192,19.61,19.913,10.544,10.007,9.6868,9.375,8.9027,8.8779,9.0966,8.9205,8.9519,8.8133,8.7139,8.573,8.4861,8.2544,8.4731,8.5633,8.8508,9.4833,9.5226,9.842,9.7172,9.5966,10.008,9.9975,10.061,10.124,10.411,10.574,10.348,10.544,8.7141,8.6946,8.1902,8.1517,7.8805,7.6754,7.8843,7.8324,7.8129,7.6854,7.6583,7.6864,7.9674,7.8711,8.1521,8.3045,9.3709,9.056,9.0668,8.9782,9.047,8.91,8.9936,9.0772,8.9596,9.2619,9.0237,9.0518,8.7924,8.7141,9.383,9.13,8.7464,8.5843,8.2854,8.1681,8.2097,8.0823,7.9878,7.9318,7.9524,7.8619,7.7844,7.715,8.0132,8.0949,8.3376,8.5437,8.7038,8.6828,8.8028,8.7289,8.8094,8.9502,9.2864,9.4147,9.5395,9.5777,9.338,9.383
18.788,10.798,12.163,15.222,14.974,14.283,14.283,13.809,14.71,15.341,16.343,17.015,17.094,16.21,16.191,13.533,9.8292,5.2219,8.797,9.8292,9.6588,7.7206,9.9119,8.3512,7.9839,8.6897,6.8189,9.2013,10.303,13.638,13.809,11.963,10.994,14.005,13.638,14.401,12.839,11.963,13.2,10.731,11.7,11.361,11.963,7.2931,9.2013,-1.3103,2.6691,8.3512,9.2013,12.212,9.5711,9.6588,9.2013,9.6588,11.963,8.3512,8.6897,10.798,9.5711,14.283,13.314,23.299,23.497,25.776,26.65,25.504,25.801,25.69,26.361,25.837,24.33,25.227,25.144,23.638,21.963,19.334,17.984,17.323,17.293,17.512,16.967,16.819,16.561,15.341,14.974,11.963,12.163,15.341,14.283,19.527,18.386,10.879,10.374,9.9834,9.5845,9.295,9.283,9.1703,9.2138,9.225,9.1358,8.9707,8.8477,8.8413,8.612,8.6906,8.6435,9.0775,9.8197,10.143,10.045,10.033,10.157,10.345,10.601,10.524,10.636,11.002,10.931,10.694,10.879,8.9639,8.905,8.6779,8.3856,8.1533,7.9489,8.0911,8.016,7.8555,7.9501,8.0214,7.7408,8.1372,7.9688,8.0634,8.9435,9.3451,9.2746,9.0475,9.284,9.0568,9.2933,9.2461,9.0841,9.0988,9.1702,8.9986,9.0377,8.8693,8.9639,9.5704,9.3774,9.0093,8.8185,8.5763,8.4236,8.3311,8.2592,8.1519,8.1609,8.1298,7.9915,7.9308,7.8922,8.1809,8.2654,8.4817,8.7478,8.8428,8.9062,8.941,8.9191,9.0069,9.021,9.2917,9.5179,9.7007,9.7211,9.5152,9.5704
18.808,9.5963,11.989,15.199,15.366,13.663,13.339,13.558,15.55,15.812,16.293,17.288,17.318,16.368,16.138,13.663,9.2265,8.8222,6.6738,9.2265,10.824,11.387,10.329,8.3764,6.8441,3.8338,6.6738,9.9371,9.9371,13.663,14.397,12.694,11.328,12.865,13.663,12.865,11.989,13.663,13.069,11.989,8.715,10.756,11.268,9.2265,8.3764,5.7047,2.6944,4.9989,10.329,10.329,10.824,10.548,9.2265,9.6841,12.237,8.0092,8.3764,12.865,11.268,14.308,14.062,23.282,23.877,25.818,26.323,25.741,25.825,25.875,26.506,26.113,24.109,25.271,24.911,22.814,22.356,20.058,16.844,17.664,16.293,17.746,17.407,17.664,16.387,15.271,14.062,10.824,12.694,15.075,14.79,19.552,18.411,9.327,9.1543,8.6013,8.0918,7.8656,7.6749,7.921,7.8382,7.7639,7.7349,7.618,7.4273,7.3529,7.2127,7.2258,7.4779,7.8028,8.37,8.4423,8.3903,8.4303,8.4207,8.7169,8.8903,9.0356,9.2323,9.4031,9.3824,9.0895,9.327,7.6968,7.6056,7.5267,7.0943,6.9106,6.7231,6.9555,6.6777,6.7379,6.6748,6.8304,6.5223,6.6779,6.5264,6.7052,7.9679,7.8785,8.1959,7.9123,7.8603,7.7673,7.8322,7.9878,8.0014,7.7701,7.8722,7.987,7.8763,7.4851,7.6968,8.3849,8.1223,7.7383,7.5885,7.328,7.1708,7.203,7.0716,6.9317,6.9402,6.9103,6.7799,6.7907,6.7388,6.9509,7.1432,7.399,7.4693,7.627,7.629,7.7836,7.7891,7.7425,7.7421,8.0066,8.3711,8.7073,8.5634,8.3123,8.3849
18.828,11.205,12.16,15.931,16.256,14.659,13.606,14.778,16.193,16.256,16.896,17.933,17.918,16.256,16.896,13.606,10.318,7.0549,7.0549,9.6076,9.0961,8.3903,9.2033,8.7575,9.6076,6.0858,5.1167,10.065,10.929,14.443,13.075,11.709,11.205,14.719,13.329,13.45,14.045,11.709,14.045,12.988,11.401,11.401,11.768,8.6385,8.3903,2.1064,2.1064,8.3903,10.065,12.37,10.71,9.0961,10.71,8.7575,10.71,10.236,8.7575,11.205,10.065,13.606,14.411,23.45,23.827,26.097,26.428,26.062,26.097,26.086,27.175,26.519,24.922,25.688,25.553,23.75,22.871,20.439,17.918,17.788,18.466,18.234,17.242,17.684,17.225,13.757,15.034,12.214,12.37,15.652,16.086,19.906,19.349,11.232,10.835,10.446,9.9845,9.656,9.5914,9.5589,9.6156,9.7195,9.5252,9.4097,9.2924,9.195,9.0007,9.1967,9.2773,9.6533,10.308,10.498,10.367,10.159,10.458,10.272,10.628,10.639,10.829,11.342,11.443,10.873,11.232,9.5113,9.223,9.1875,8.8433,8.6607,8.4951,8.3363,8.3872,8.3712,8.4204,8.52,8.4039,8.3733,8.4224,8.767,9.3565,9.7011,9.8921,9.6312,9.7634,9.6264,9.3718,9.7216,9.7411,9.7527,9.5891,9.8247,9.5045,9.2333,9.5113,10.104,9.7958,9.5325,9.2738,9.09,8.9327,8.8387,8.7152,8.668,8.6795,8.6337,8.5451,8.4716,8.3661,8.6307,8.8269,9.0372,9.3189,9.3963,9.5046,9.4038,9.3889,9.5248,9.6408,9.8516,10.122,10.207,10.11,10.043,10.104
18.848,10.642,9.9978,15.103,14.855,14.967,14.652,12.92,15.512,16.271,16.189,17.354,17.632,16.018,16.189,13.261,8.5711,7.1578,8.6901,10.861,10.251,9.9978,9.9978,7.6321,6.9875,7.6321,4.1475,10.642,11.137,15.313,13.977,12.551,12.551,14.344,14.148,13.69,13.872,13.261,13.69,13.051,12.039,12.039,11.137,9.5402,7.6321,3.0081,4.1475,7.1578,9.9978,9.9978,7.6321,9.9978,9.9978,10.642,12.093,6.9875,9.5402,12.146,11.137,14.855,13.382,23.115,24.423,26.166,26.956,26.115,26.092,26.107,27.003,26.207,24.652,25.366,25.356,23.889,22.627,19.54,17.865,18.399,17.386,18.631,17.617,17.306,17.632,15.561,15.585,12.502,12.302,15.953,15.157,19.998,18.996,9.9968,9.5485,9.1968,8.7421,8.4913,8.141,8.3578,8.3749,8.4455,8.3166,8.0593,8.0114,8.0267,7.8724,7.9724,8.041,8.4192,9.0271,9.0732,9.0511,9.2065,9.1387,9.3095,9.5046,9.6998,9.6731,10.066,10.112,9.808,9.9968,8.1632,8.0284,7.8284,7.5303,7.3224,7.1524,7.2446,7.2775,7.2978,7.2431,7.1083,7.0289,7.1982,6.9802,7.4301,8.205,8.323,8.4924,8.3575,8.4612,8.4475,8.3126,8.4407,8.5445,8.4096,8.4546,8.3889,8.4891,8.191,8.1632,8.8806,8.6195,8.2596,8.0173,7.762,7.6042,7.7086,7.5973,7.488,7.4368,7.4041,7.3124,7.251,7.2614,7.5082,7.631,7.7547,8.0799,8.0597,8.1959,8.292,8.2164,8.2153,8.3623,8.7094,8.8907,9.1221,9.0399,8.845,8.8806
18.868,8.6246,10.915,15.021,15.566,14.201,14.031,14.908,15.733,17.161,16.242,17.407,17.486,16.179,16.325,13.592,10.696,8.6246,7.2113,10.222,10.915,12.146,10.051,10.222,9.9635,6.0718,5.6143,8.113,9.9635,14.201,14.031,12.092,12.604,13.743,14.201,13.062,13.706,12.2,13.592,12.929,12.356,11.635,11.191,8.7436,7.0409,4.201,2.0924,7.6855,8.7436,10.915,9.5937,11.191,9.5937,8.3763,11.191,10.696,9.1894,12.356,10.696,13.436,12.356,23.46,24.151,26.083,26.527,25.719,26.362,26.535,27.098,26.696,24.883,25.691,25.328,23.139,22.852,20.426,17.549,18.452,18.376,18.825,17.407,18.017,18.031,16.179,14.201,13.062,11.695,15.984,16.242,19.847,19.179,10.126,9.8394,9.235,8.9799,8.6817,8.5414,8.7062,8.5988,8.6221,8.5612,8.4131,8.1864,8.2089,8.0878,8.2369,8.3795,8.5642,9.3512,9.1554,9.457,9.3519,9.1561,9.5483,9.5499,9.6759,9.9438,10.533,10.338,10.017,10.126,8.695,8.4428,8.0663,7.883,7.5064,7.4928,7.5349,7.4599,7.5594,7.4557,7.4222,7.2943,7.538,7.5929,7.7868,8.5174,8.6457,8.9636,8.6369,8.7577,8.7029,8.8968,8.8633,8.7317,8.9844,9.0264,9.1036,9.0132,8.672,8.695,9.0544,8.8532,8.4701,8.2463,7.9919,7.8138,7.8841,7.7857,7.6713,7.5986,7.6072,7.4374,7.4559,7.4134,7.6827,7.7394,7.9412,8.2435,8.2741,8.3534,8.3847,8.3771,8.4117,8.4935,8.7589,9.0059,9.1789,9.1226,8.9499,9.0544
18.888,11.145,12.31,14.975,15.569,13.985,14.975,14.748,14.6,17.64,17.758,18.068,16.836,15.688,16.401,13.06,11.145,9.1441,8.0678,9.0369,11.341,10.176,10.006,4.1557,8.3311,7.166,4.1557,8.3311,10.176,13.661,14.156,11.65,11.65,12.884,13.269,13.269,13.187,12.31,12.31,13.661,11.709,11.145,11.145,9.1441,9.0369,7.166,7.166,6.9957,10.87,10.006,10.259,10.006,11.341,8.6983,10.87,9.0369,9.1441,11.709,11.078,13.698,12.31,23.241,24.406,25.437,26.123,26.117,26.605,25.854,27.023,27.249,25.041,25.744,25.454,22.857,22.807,20.695,19.29,18.135,19.004,18.687,17.859,17.249,18.305,15.058,13.985,8.3311,10.87,14.975,16.027,19.259,19.3,10.471,10.247,9.5664,9.2127,8.8947,8.8247,8.9733,8.9719,8.8789,8.7943,8.7653,8.528,8.5782,8.4092,8.6242,8.6146,9.0683,9.567,9.7126,9.7552,9.6266,9.506,9.6692,9.8361,10.102,9.9263,10.583,10.75,10.391,10.471,8.767,8.596,8.3487,7.9698,7.9597,7.8017,7.837,7.7399,7.6873,7.6637,7.7143,7.6173,7.7868,7.3368,8.0077,8.5542,9.298,9.1498,8.9621,9.0884,9.1278,9.1339,9.2702,9.1058,9.2793,8.8293,9.1,9.0262,8.5899,8.767,9.3979,9.1184,8.7133,8.5848,8.3162,8.1603,8.2038,8.0517,8.0183,7.8932,7.9458,7.9142,7.8583,7.7165,8.0364,8.1945,8.2964,8.4885,8.6731,8.7429,8.6986,8.6521,8.7419,8.7938,8.9867,9.3859,9.5626,9.4749,9.3504,9.3979
18.908,10.794,11.298,15.046,14.624,14.032,13.347,13.634,14.76,16.357,16.339,17.319,17.043,15.783,15.543,13.196,8.3472,6.8149,6.8149,9.1973,7.98,10.99,8.793,8.6858,8.3472,6.6446,7.2892,9.6549,8.6858,13.039,13.31,11.75,10.794,13.805,13.347,11.959,12.577,10.794,11.298,12.159,11.75,11.239,11.298,8.3472,9.6549,4.9697,-0.34511,6.6446,9.5671,10.299,8.6858,9.9079,9.8252,9.1973,12.208,8.793,7.98,9.1973,9.1973,13.805,13.196,23.299,23.475,25.643,26.254,25.806,25.783,25.764,26.778,25.898,24.763,25.643,25.191,23.067,22.852,20.388,18.228,18.335,17.941,17.89,16.32,17.378,17.289,15.846,14.814,11.959,11.803,14.944,14.97,18.949,18.62,10.722,10.471,9.7333,9.4414,9.2201,9.2129,9.0719,9.0932,9.1321,9.0098,8.9763,8.8078,8.7328,8.5601,8.8353,8.7753,9.0396,9.6664,10.027,10.087,9.9286,9.9044,10.178,10.318,10.467,10.547,10.935,11.098,10.767,10.722,9.2227,8.7375,8.5185,8.3684,8.1282,8.1279,8.0333,8.1166,8.0296,8.0375,7.8185,7.9583,8.3311,7.947,7.9731,8.7582,9.5045,9.4274,9.589,9.3112,9.2776,9.1396,9.5817,9.3627,9.3548,9.787,9.3493,9.2723,9.1088,9.2227,9.5917,9.283,8.9683,8.7744,8.5573,8.4405,8.3423,8.2602,8.1736,8.1337,8.1507,8.067,8.0116,7.8928,8.2447,8.3251,8.5394,8.723,8.9431,8.9403,8.962,8.8503,8.8883,9.1475,9.2588,9.718,9.7799,9.7379,9.4935,9.5917
18.928,7.5473,11.251,14.042,14.261,13.31,13.398,14.367,15.357,16.661,16.578,16.515,16.578,15.011,15.974,13.265,8.0215,5.9502,5.9502,10.387,9.9296,8.449,7.5473,4.537,7.3769,7.5473,6.4078,8.449,8.7123,12.891,13.651,9.9296,9.4181,13.398,12.94,11.971,12.536,13.568,12.692,11.459,12.428,9.9296,9.0795,9.9296,8.0215,5.4387,0.38722,7.5473,8.7123,10.64,11.723,10.387,10.387,9.9296,10.558,10.387,8.7123,9.5254,10.64,13.651,12.536,22.604,23.193,25.207,25.813,25.182,25.653,25.57,26.427,26.088,24.374,24.846,24.685,22.171,22.39,19.681,18.022,17.885,17.547,18.11,17.052,17.497,17.377,15.439,14.261,12.09,11.251,14.733,15.1,18.516,18.066,10.986,10.733,10.116,9.6554,9.4186,9.2725,9.4482,9.4797,9.3413,9.2761,9.1164,8.984,9.1184,8.9418,9.1613,9.0019,9.2363,9.8756,9.8714,9.9052,10.223,10.274,10.128,10.428,10.621,10.599,10.917,11.311,10.852,10.986,9.3188,9.1094,8.7202,8.6907,8.1595,8.0608,8.3288,8.24,8.1074,8.2198,8.1523,8.0995,8.377,8.2264,8.4219,9.4616,9.3765,9.6095,9.4335,9.4862,9.5218,9.4543,9.4248,9.4816,9.3278,9.5053,9.7256,9.3486,9.1392,9.3188,9.8892,9.6538,9.2204,9.034,8.7236,8.5597,8.7485,8.609,8.448,8.3555,8.3845,8.2454,8.2873,8.186,8.4775,8.5908,8.7748,8.9309,9.0183,9.056,9.2969,9.2122,9.1521,9.323,9.3767,9.8856,10.133,10.011,9.7767,9.8892
18.948,10.898,12.338,14.891,15.716,15.425,14.38,14.688,15.425,16.098,16.488,17.422,17.194,16.055,16.918,13.419,7.194,6.0545,7.6682,10.204,9.5764,9.0648,10.898,9.0648,10.034,7.0236,4.1837,9.0648,9.9462,14.184,12.182,12.182,11.737,13.087,13.297,13.419,13.215,12.957,13.044,12.075,12.338,11.369,9.5764,10.204,7.6682,7.194,-0.93516,8.7263,8.359,11.737,9.0648,10.679,9.1721,10.679,10.287,10.204,7.6682,12.338,9.1721,14.891,13.419,23.556,23.843,26.318,26.673,25.779,25.967,26.108,27.379,25.895,24.891,25.512,25.485,24.01,23.215,19.946,17.638,18.321,18.014,17.786,17.024,17.901,16.566,16.936,15.349,12.075,12.338,16.643,15.716,19.728,18.808,9.6928,9.3411,8.7958,8.4838,8.2563,8.125,8.083,8.0655,8.0943,8.114,7.8962,7.8429,7.7437,7.5713,7.7298,8.1976,8.0983,8.7432,9.0975,9.1402,8.9166,8.9241,9.1129,9.211,9.2712,9.4937,9.7893,10.029,9.6813,9.6928,8.1741,7.9446,7.595,7.4896,7.2187,7.2312,7.1446,6.8605,6.8982,7.1546,7.0388,6.8315,7.2085,7.1076,7.031,7.7298,8.3963,8.1921,8.2833,8.4862,8.2609,8.2711,8.5026,8.3207,8.5124,8.4114,8.3136,8.1376,8.2092,8.1741,8.5603,8.3013,8.03,7.7646,7.5713,7.4213,7.3166,7.2316,7.15,7.1716,7.0819,7.0252,6.9749,6.9131,7.2165,7.2537,7.4816,7.7561,7.7962,7.8662,7.9422,7.9026,7.9398,7.9002,8.298,8.5539,8.7035,8.7081,8.5007,8.5603
18.968,9.1183,12.129,14.358,16.171,14.693,14.722,14.13,15.295,16.97,17.477,17.157,17.368,16.108,16.044,13.635,9.5225,6.9698,9.1183,10.844,8.6724,10.15,9.1183,7.1401,10.233,9.1183,7.6144,8.6724,11.316,14.358,13.854,11.316,11.12,12.129,13.243,15.032,12.533,13.521,13.365,12.285,11.564,11.316,10.625,9.1183,10.625,5.0316,2.5328,7.1401,6.9698,11.12,9.9801,12.285,10.15,10.233,10.625,9.9801,8.6724,11.12,9.9801,14.13,13.243,23.333,23.987,26.353,26.675,26.29,26.399,26.108,27.054,26.594,24.719,25.66,25.744,23.28,22.889,20.023,17.946,18.28,18.672,18.708,18.001,18.109,17.336,15.086,15.269,13.034,11.12,15.032,16.001,19.474,19.065,9.9999,9.5689,9.0332,8.6721,8.4302,8.23,8.5066,8.498,8.3914,8.3047,8.197,8.019,7.947,7.8487,8.1191,7.8506,8.2465,8.7909,9.1653,9.2114,9.0339,9.3015,9.3998,9.4998,9.4577,9.7392,10.1,10.265,9.8637,9.9999,8.3631,8.1124,7.6849,7.5805,7.352,7.2219,7.3383,7.2912,7.2945,7.2412,7.2142,7.0777,7.1,7.3435,7.4521,7.9655,8.6763,8.3488,8.4541,8.5903,8.2532,8.4924,8.6962,8.5264,8.6593,8.5525,8.7764,8.6288,8.0906,8.3631,8.8279,8.6269,8.2072,8.0352,7.7827,7.5727,7.6201,7.5203,7.3954,7.3857,7.3561,7.2002,7.2246,7.2026,7.4822,7.5361,7.6965,7.9777,7.9655,7.9467,8.1353,8.0663,8.0411,8.1657,8.3858,8.677,8.9949,9.0465,8.6813,8.8279
18.988,10.272,11.668,14.251,15.19,14.281,13.012,14.221,15.818,16.457,16.804,17.495,16.87,15.691,14.942,13.282,8.7651,8.6579,6.6167,9.627,9.627,10.766,8.3193,6.6167,7.9521,8.3193,3.7767,7.6888,9.8801,13.973,12.89,11.931,10.491,12.505,13.319,13.282,13.319,13.012,12.18,13.319,10.272,11.271,10.766,6.787,9.1694,4.9418,-0.373,7.9521,10.272,9.627,10.491,9.1694,9.8801,9.627,10.766,10.766,7.9521,12.18,8.6579,14.005,12.637,22.536,23.319,25.582,26.159,25.954,26.116,25.872,26.71,26.71,24.957,25.473,25.053,22.894,22.317,20.135,17.756,18.526,17.648,18.526,16.72,17.914,16.529,14.916,14.281,12.55,11.668,15.142,15.648,18.911,18.224,10.266,9.9893,9.3913,8.9596,8.6616,8.4012,8.702,8.7063,8.5764,8.5276,8.47,8.3365,8.2291,8.0589,8.3475,8.4242,8.6635,8.9341,9.3845,9.3333,9.2645,9.5673,9.3975,9.8867,9.7734,9.9428,10.338,10.423,10.197,10.266,8.6066,8.4833,7.9045,7.874,7.4396,7.3715,7.609,7.5299,7.403,7.754,7.5245,7.3657,7.578,7.4511,8.2039,8.5193,8.9767,8.8853,8.8726,8.6726,8.9756,8.7678,8.7948,9.0627,8.9533,9.0713,8.8968,8.7874,8.4213,8.6066,9.1123,8.8663,8.4902,8.3108,8.0009,7.8403,7.9381,7.8036,7.7133,7.6548,7.7046,7.5677,7.4996,7.492,7.7942,7.9026,7.9643,8.2519,8.3008,8.4179,8.441,8.3816,8.4534,8.5622,8.7388,8.9525,9.2511,9.4178,9.0314,9.1123
19.008,8.4029,10.248,13.916,14.732,13.462,12.582,14.057,14.702,15.592,15.966,15.966,16.532,15.393,15.592,12.582,7.2378,5.3926,7.7121,9.1087,10.248,9.9901,8.1396,7.7121,8.7701,6.0984,7.0675,7.0675,8.7701,14.228,13.952,10.722,11.721,12.382,13.341,12.226,11.661,11.217,12.119,11.217,11.15,9.6202,10.722,8.6511,7.0675,4.2275,0.077799,4.2275,8.6511,8.4029,10.248,7.2378,10.941,9.2159,8.7701,10.248,7.0675,11.15,10.248,13.952,10.331,22.418,23.088,25.548,26.039,25.226,25.047,25.354,26.246,25.033,23.65,24.231,24.565,22.764,22.232,18.852,17.321,17.513,16.962,17.742,16.686,16.532,16.686,14.935,14.16,11.217,11.413,14.935,14.702,18.247,18.057,10.564,10.047,9.6754,9.1426,9.0358,8.9264,8.7993,8.8638,8.8578,8.8751,8.65,8.5511,8.5014,8.3192,8.5988,8.3953,9.0542,9.801,9.7101,9.6604,9.6837,9.5097,9.7161,10.112,10.095,10.526,10.854,10.656,10.523,10.564,8.6412,8.3713,8.3312,8.0234,7.943,7.8055,7.6817,7.631,7.5803,7.5985,7.6721,7.5071,7.6395,7.5333,7.7313,8.7877,9.2007,8.7552,8.752,8.847,8.5989,8.6388,8.9748,9.0025,8.7866,8.9846,8.8784,8.8277,8.4728,8.6412,9.3007,9.0193,8.7444,8.4808,8.3344,8.209,8.0548,7.971,7.8906,7.8666,7.8175,7.7592,7.7404,7.6317,7.8755,8.0295,8.1903,8.4323,8.6432,8.6986,8.545,8.4865,8.6558,8.6622,8.9427,9.2153,9.2722,9.3373,9.1506,9.3007
19.028,9.6428,10.287,14.958,14.267,13.988,14.356,13.792,15.916,15.771,15.771,16.632,16.545,14.958,15.23,13.622,9.1852,8.7809,7.7046,10.287,9.6428,9.6428,8.6737,8.6737,7.7046,5.6634,4.6943,7.277,7.9678,13.298,14.267,11.226,11.791,12.565,14.267,13.184,13.517,12.653,12.521,11.947,11.947,11.684,9.8958,8.7809,9.8958,3.7925,8.2161,8.6737,8.7809,10.978,8.6737,7.9678,10.782,8.6737,11.345,10.782,9.1852,12.653,9.555,13.725,13.298,22.971,23.66,25.902,26.464,25.902,25.726,25.921,26.592,26.242,24.612,25.179,24.919,23.165,22.592,19.821,18.044,17.968,17.877,18.323,17.031,17.812,17.366,15.531,14.958,12.147,11.345,15.509,14.958,19.51,18.519,10.64,10.236,9.884,9.4168,9.0896,9.0041,9.1282,9.1168,9.0261,8.9402,8.8061,8.6407,8.7203,8.5791,8.6462,8.6227,9.0317,9.5411,9.7806,9.8538,9.8304,9.9868,9.9633,10.12,10.418,10.574,10.814,10.784,10.483,10.64,9.0828,8.7424,8.6232,8.4766,8.2303,7.8432,7.846,7.8926,7.8113,7.8769,8.034,7.8477,8.0069,7.9447,7.6341,8.7777,9.0115,9.2142,9.1187,9.1076,8.9546,9.0941,9.2036,9.4608,8.9415,9.1578,9.2498,9.1619,8.9321,9.0828,9.5571,9.3761,9.0006,8.805,8.5585,8.3665,8.413,8.2716,8.1688,8.1875,8.1206,7.9717,8.0237,7.9644,8.1858,8.315,8.4652,8.6458,8.7005,8.8054,8.8225,8.8772,8.8582,8.9786,9.0611,9.5637,9.7056,9.6651,9.4243,9.5571
19.048,9.9036,13.002,15.306,15.946,15.578,13.865,14.615,16.012,16.386,16.386,17.489,17.859,16.265,15.554,13.045,10.244,9.1294,6.981,9.0222,11.131,9.0222,8.6836,7.6256,7.6256,5.0428,6.981,9.1294,10.244,13.532,13.646,11.694,11.063,12.914,13.971,14.141,13.045,12.496,13.646,12.544,11.694,12.544,12.033,8.0531,8.6836,5.3061,3.0016,6.0119,9.1294,11.327,7.6256,11.635,11.327,9.5337,12.033,9.9036,10.162,11.327,11.635,14.645,13.172,23.226,23.724,26.132,26.851,26.031,25.979,26.265,27.031,26.865,24.692,25.708,25.329,23.59,23.045,20.681,19.485,18.226,18.43,19.022,17.168,18.291,17.426,15.382,15.28,11.694,12.296,15.673,14.961,19.456,18.226,10.918,10.627,10.054,9.7578,9.4854,9.2988,9.2997,9.2343,9.2353,9.2892,9.1293,9.0387,8.8568,8.6648,8.9377,9.1966,9.2157,10.105,10.136,10.327,9.8394,9.9893,10.411,10.238,10.494,10.488,11.093,11.112,10.752,10.918,9.0198,8.9694,8.7539,8.7182,8.4471,8.2069,8.1185,8.0566,7.9242,8.1956,8.1366,7.9211,8.1692,8.1188,8.2785,9.4151,9.1995,9.5583,9.4771,9.4214,9.1597,9.1258,9.477,9.4034,9.5096,9.4914,9.3235,9.2896,9.074,9.0198,9.7565,9.501,9.2132,9.0484,8.8532,8.6961,8.5195,8.4329,8.4023,8.3965,8.3957,8.323,8.2257,8.0544,8.3888,8.6161,8.8139,8.9591,9.1678,9.2022,9.0123,8.9847,9.1473,9.1811,9.5368,10.03,10.047,9.8307,9.7828,9.7565
19.068,9.193,10.986,14.62,14.508,14.508,15.214,13.192,15.333,16.827,16.045,17.82,17.616,14.508,15.516,13.192,10.986,8.3429,8.2239,11.294,9.8209,9.6505,9.8209,5.6711,8.3429,6.8106,6.6402,6.6402,9.6505,13.996,12.529,8.3429,10.986,13.035,13.035,13.343,12.704,12.529,12.914,12.661,12.529,10.79,10.723,8.3429,7.9756,6.6402,-0.34946,7.9756,9.6505,11.955,10.79,8.3429,10.79,5.6711,11.799,8.6814,7.7123,10.79,10.295,13.63,12.661,22.573,23.413,24.947,25.71,25.612,26.134,25.818,27.015,26.846,25.069,25.71,24.965,22.52,22.648,19.895,18.735,18.594,18.549,17.78,17.148,17.255,17.504,14.508,14.275,12.914,11.353,14.363,15.333,18.343,18.284,9.8109,9.5141,8.7631,8.5842,8.0688,7.9255,8.2358,8.2477,8.1341,8.0032,7.964,7.8147,7.8796,7.672,7.9135,8.0051,8.1604,8.8909,9.0976,9.0389,8.8745,8.9938,9.04,9.3069,9.5098,9.6291,10.195,9.9745,9.8576,9.8109,7.8636,7.9466,7.4055,7.3157,7.1176,6.9231,7.0977,6.9454,6.9315,7.0065,6.8662,6.8403,7.1683,6.7963,7.3925,8.3494,8.2758,8.3705,8.0131,8.1633,7.9722,8.1114,8.0165,8.1567,8.2175,8.247,8.0792,8.0431,7.8341,7.8636,8.5697,8.3117,7.9877,7.7412,7.5082,7.3788,7.3817,7.2447,7.176,7.1239,7.115,7.0763,7.0358,6.9414,7.2501,7.2863,7.4644,7.5971,7.7342,7.8757,7.8931,7.8386,7.8624,7.8806,8.0434,8.6564,8.7012,8.7374,8.4519,8.5697
19.088,9.0952,12.105,13.936,15.062,13.936,14.039,13.936,14.67,17.2,17.067,17.591,17.71,15.246,16.085,14.551,11.998,8.0188,8.0188,11.601,9.4995,9.0952,11.292,5.2718,6.9467,5.9776,2.9673,6.9467,11.096,13.936,13.612,9.957,11.541,11.096,11.66,13.936,13.649,12.461,13.795,14.303,11.096,12.052,10.127,9.0952,8.6494,5.0085,2.9673,8.6494,9.0952,8.6494,11.292,11.998,10.21,9.957,11.66,9.4995,12.105,10.821,11.998,12.51,12.262,22.629,24.566,25.646,26.119,26.108,26.886,26.085,27.145,27.134,25.58,26.1,25.693,22.397,23.154,21.136,19.241,18.731,19.031,18.988,17.392,17.636,17.576,14.926,14.551,12.105,12.51,14.581,15.246,18.684,19.251,10.026,9.8184,9.1161,8.7289,8.3417,8.3142,8.5705,8.5197,8.4341,8.3326,8.146,8.0301,8.0387,7.8732,8.0188,8.1332,8.3895,8.9675,9.1189,8.8746,9.0202,9.1685,9.2566,9.4361,9.5505,9.9866,10.243,10.302,10.008,10.026,8.2187,8.0875,7.6901,7.7066,7.4482,7.1927,7.2808,7.2345,7.2064,7.2075,7.2007,7.125,7.3293,7.332,7.6792,7.8698,8.5387,8.5414,8.3229,8.425,8.7187,8.4022,8.4943,8.5283,8.5537,8.4917,8.42,8.5199,8.2468,8.2187,8.8999,8.6343,8.2439,8.0222,7.7926,7.5775,7.6555,7.5611,7.4538,7.3867,7.3737,7.2682,7.2853,7.2175,7.44,7.5677,7.7849,7.9944,7.9673,8.128,8.1905,8.1002,8.0354,8.0527,8.4588,8.7644,8.8762,8.9436,8.6946,8.8999
19.108,9.0358,11.589,14.718,15.893,14.351,13.389,13.058,16.459,17.165,16.196,17.502,16.459,15.687,16.133,13.697,10.175,6.9946,6.9946,10.258,10.005,11.144,8.33,10.175,8.6972,5.0564,4.1546,6.9946,10.649,14.087,13.984,11.144,12.558,13.984,12.046,13.186,12.509,13.186,12.509,12.509,8.6972,12.046,12.046,7.1649,9.143,5.5679,4.1546,6.9946,9.0358,11.648,8.0667,10.005,9.0358,10.175,11.648,9.0358,10.005,12.309,11.648,13.984,12.1,22.932,23.893,26.248,26.694,25.938,26.434,26.082,26.788,26.248,25.062,25.857,25.433,23.546,23.389,20.746,17.858,18.697,18.638,18.304,17.639,17.313,17.669,16.025,14.629,11.589,11.144,15.396,14.382,19.469,19.047,10.291,9.7745,9.4148,8.9673,8.6506,8.5026,8.7024,8.6552,8.5375,8.4161,8.3271,8.2721,8.2641,8.0151,8.2291,8.4253,8.4282,9.0191,9.3317,9.4156,9.3454,9.2716,9.4201,9.5882,10.014,10.017,10.552,10.621,10.022,10.291,8.4439,8.2377,7.9761,7.8563,7.719,7.428,7.5905,7.3583,7.4284,7.2284,7.4537,7.334,7.5915,7.2431,7.6562,7.9825,8.5618,8.7638,8.607,8.7041,8.5844,8.6445,8.902,8.8017,8.6449,8.705,8.6621,8.6084,8.3838,8.4439,9.0595,8.8539,8.4906,8.2823,8.0209,7.8932,7.8608,7.7612,7.6906,7.6409,7.6479,7.5563,7.4998,7.4727,7.7275,7.695,7.9725,8.2444,8.3459,8.4299,8.3662,8.3432,8.3759,8.3245,8.799,9.0661,9.233,9.2649,9.0185,9.0595
19.128,9.813,10.782,15.598,15.834,13.298,13.298,12.696,14.801,16.473,15.834,16.819,16.819,15.834,15.771,11.345,10.287,4.6942,6.8027,9.6427,9.813,9.555,8.7808,5.2057,8.335,7.277,6.6324,8.6736,10.782,14.801,14.267,10.782,11.684,12.521,13.988,10.978,12.653,12.696,12.521,10.506,11.791,10.782,10.782,9.6427,8.7808,3.7924,2.653,6.6324,8.6736,12.147,7.9678,9.6427,9.813,9.813,11.791,9.813,8.335,11.791,10.782,14.957,13.792,23.059,22.931,26.251,26.571,25.47,25.683,25.959,26.676,25.777,24.394,25.061,25.237,23.742,22.73,19.438,17.968,17.078,16.885,17.968,17.14,17.608,17.395,15.325,14.748,11.684,11.947,14.957,14.801,19.137,17.622,10.607,10.114,9.7464,9.3055,8.9503,8.7537,8.8868,8.9249,8.9027,8.6673,8.6783,8.5305,8.5414,8.3555,8.5596,8.6272,8.8355,9.6461,9.9201,9.6924,9.7176,9.6561,10.159,9.8214,10.219,10.569,10.577,10.993,10.586,10.607,8.9495,8.5132,8.1779,8.1123,7.8734,7.7377,7.7404,7.769,7.8578,7.8202,7.737,7.751,7.6365,7.6502,8.2835,8.169,9.0373,9.2621,8.9283,9.0031,9.1511,8.9677,9.1195,9.1887,9.0366,8.7655,9.0362,9.1743,8.7459,8.9495,9.3377,9.1047,8.7652,8.5312,8.2964,8.1327,8.1146,8.0109,7.917,7.8986,7.8607,7.7719,7.7539,7.6946,7.9594,8.0108,8.2066,8.4974,8.5225,8.5494,8.6552,8.5529,8.6282,8.6896,8.9163,9.2197,9.4726,9.4231,9.1704,9.3377
19.148,10.836,12.277,14.686,14.597,13.952,13.665,13.154,15.839,16.963,16.963,17.592,17.952,15.839,17.216,13.236,11.112,7.1329,5.9935,10.143,9.111,9.9729,9.9729,7.1329,7.1329,8.298,2.0141,9.0038,10.226,14.942,14.597,11.308,11.557,13.154,13.665,12.121,12.895,13.357,12.526,13.514,11.112,10.617,12.014,5.0244,10.143,4.1226,4.1226,8.0347,8.6652,9.5153,9.5153,8.6652,9.111,10.226,11.112,9.0038,10.617,12.277,11.676,14.567,12.477,22.882,23.865,25.655,26.495,26.24,26.495,25.978,27.216,26.745,25.331,25.892,25.288,23.073,23.207,20.851,18.298,18.883,18.298,18.747,17.329,17.607,17.216,15.262,15.078,12.526,12.121,14.686,16.427,19.437,18.665,10.71,10.419,9.8551,9.4685,9.1846,9.0043,9.2363,9.1335,9.0352,9.0143,8.8779,8.7245,8.5905,8.4997,8.8006,8.8787,9.1796,10.068,9.6395,9.9541,9.7601,9.7392,9.7738,10.002,10.281,10.659,10.818,10.841,10.67,10.71,8.8114,8.8235,8.3932,8.1602,8.014,7.8918,7.9503,7.8896,7.9118,7.6211,7.893,7.7432,7.8321,7.7965,7.9542,8.9015,9.2565,9.1888,9.1124,9.0214,9.2754,8.9879,8.9227,9.0725,9.4275,9.1359,9.0648,9.2157,8.8176,8.8114,9.5529,9.3439,8.9562,8.7719,8.5127,8.3268,8.3615,8.232,8.1355,8.0619,8.113,8.0071,7.9735,7.9051,8.1249,8.2241,8.4739,8.7064,8.7681,8.8785,8.8178,8.8638,8.8465,9.0187,9.118,9.2484,9.7568,9.6518,9.4293,9.5529
19.168,11.114,9.8871,15.29,15.538,14.599,14.125,14.352,15.863,16.965,16.526,16.859,17.068,17.218,16.507,12.853,10.619,5.9955,5.2897,9.0058,8.0367,8.6672,7.6092,8.3,8.6672,5.2897,4.1246,11.618,11.31,14.352,13.849,9.9749,12.016,14.832,14.629,13.238,12.528,12.853,12.07,12.479,10.228,11.31,10.838,8.6672,8.3,4.1246,5.5379,6.9646,10.619,11.114,8.0367,11.114,11.114,10.838,13.028,10.838,7.1349,10.228,10.838,14.569,13.667,23.648,24.145,26.429,26.832,26.006,25.908,26.143,27.074,26.37,24.599,25.29,25.462,24.194,23.419,19.975,18.104,18.104,17.609,17.954,17.135,17.609,17.331,16.677,16.429,12.479,12.528,15.366,15.995,19.439,18.5,10.902,10.486,10.117,9.7215,9.3327,9.2237,9.298,9.2172,9.2544,9.2174,9.0432,8.9836,8.8769,8.6833,8.9002,8.7878,9.4817,9.8983,9.9668,10.138,9.823,10.243,10.228,10.158,10.713,11.005,11.017,11.048,10.706,10.902,9.0407,9.002,8.7066,8.6019,8.5316,8.2696,8.0056,8.1542,8.1624,7.9953,8.0389,7.9746,8.0119,7.8731,8.3924,8.7618,9.4705,9.5149,9.5525,9.4583,9.1153,9.2874,9.4973,9.2697,9.2415,9.1296,9.2207,9.1898,9.0619,9.0407,9.769,9.5419,9.219,8.9647,8.8059,8.6506,8.5635,8.403,8.3866,8.3896,8.3325,8.2359,8.1824,8.0938,8.3734,8.5453,8.7306,8.9477,8.9453,9.115,9.1171,9.0736,9.2113,9.251,9.5567,9.8999,10.006,9.9529,9.7,9.769
19.188,8.6644,11.336,15.761,15.315,13.783,13.613,13.288,16.028,16.336,16.518,17.868,17.357,15.588,16.088,14.011,9.8038,6.6232,5.6541,8.6644,9.8038,7.6953,8.6644,3.7832,7.9586,6.7935,5.6541,6.6232,11.277,13.783,14.011,11.675,10.773,12.138,13.288,13.288,11.675,12.186,12.644,12.644,10.278,10.278,10.278,7.9586,4.9483,2.6438,-0.36652,4.685,6.6232,8.2068,9.8865,9.8038,10.706,10.278,10.969,9.6335,8.7716,12.186,11.277,13.288,11.782,22.814,23.443,25.63,26.255,25.654,25.588,26.062,26.484,26.086,24.816,25.059,25.304,23.307,22.511,19.633,18.664,18.072,17.803,18.928,16.81,17.868,16.876,15.148,14.923,11.336,11.938,16.464,14.923,19.098,18.231,11.145,10.852,10.339,9.9272,9.6167,9.5358,9.6245,9.5772,9.535,9.5053,9.2945,9.1582,9.1157,9.003,9.263,8.9753,9.5689,9.7543,10.261,10.001,10.452,9.9943,10.377,10.584,10.495,10.878,11.347,11.428,11.057,11.145,9.371,9.3666,8.8725,8.8245,8.6471,8.5041,8.3024,8.2805,8.2206,8.3994,8.222,7.9959,8.444,8.2423,8.2592,9.6282,9.7482,9.6884,9.3447,9.6501,9.5292,9.5249,9.7036,9.3663,9.8469,9.6139,9.6233,9.5264,9.2785,9.371,10.055,9.7819,9.4523,9.2255,8.9475,8.8268,8.8339,8.7053,8.643,8.5731,8.5503,8.4198,8.4302,8.3716,8.5978,8.7275,8.9483,9.16,9.1817,9.2671,9.3148,9.3313,9.3226,9.2944,9.6622,10.014,10.159,10.097,9.9567,10.055
19.208,9.9625,12.004,15.645,14.675,14.045,13.836,14.705,14.932,15.983,16.811,17.642,17.983,16.417,15.252,12.973,10.216,7.1226,7.5968,7.5968,8.0243,8.5359,8.2876,9.1007,7.1226,5.014,5.2773,9.9625,9.9625,14.705,13.942,12.467,11.102,14.112,13.836,12.973,13.016,11.606,12.267,11.102,11.606,11.102,12.267,9.9625,6.9522,5.9831,-0.037451,8.2876,9.9625,11.606,8.2876,8.5359,8.9934,9.1007,12.515,7.1226,10.133,12.267,11.606,15.252,13.016,23.422,24.182,26.23,26.628,26.303,26.207,26.261,27.192,26.6,25.166,25.756,25.663,23.561,23.016,19.857,18.401,18.736,18.596,18.288,17.715,17.597,17.46,15.353,15.121,13.504,12.467,15.477,16.417,19.61,19.427,9.9734,9.5831,9.0656,8.5334,8.4881,8.187,8.2419,8.3561,8.2898,8.2212,8.1278,7.9197,7.9328,7.77,8.0962,8.0221,8.1214,9.2742,9.0881,9.2582,9.0477,9.0823,9.3016,9.3991,9.7767,10.107,10.141,10.073,9.8949,9.9734,8.1538,7.9742,7.6921,7.625,7.3942,7.0699,7.1148,7.2682,7.0337,7.0539,6.8643,7.0672,7.2099,6.9278,7.2513,7.7546,8.3347,8.4395,8.4421,8.2738,8.2367,8.4183,8.5686,8.4976,8.4818,8.1997,8.3337,8.2596,7.9457,8.1538,8.7877,8.595,8.2361,8.0062,7.7936,7.5864,7.5994,7.5025,7.3943,7.4063,7.3957,7.2882,7.2801,7.2453,7.433,7.5898,7.7769,8.0751,8.0639,8.1889,8.1797,8.1325,8.1954,8.1917,8.5329,8.8911,9.0777,9.0263,8.8014,8.7877
19.228,9.3659,11.474,16.201,14.959,14.485,14.173,14.314,16.223,16.356,15.44,16.268,17.578,16.017,16.201,13.345,10.335,6.3556,5.6498,7.3247,9.8774,7.3247,9.4731,4.4847,8.9083,4.4847,4.4847,7.3247,10.335,14.485,13.516,11.919,10.247,12.639,14.173,12.839,11.979,11.979,12.839,10.588,10.588,9.4731,10.247,8.6601,7.3247,6.3556,0.33497,6.3556,7.495,10.505,8.6601,9.3659,10.505,7.3247,10.335,10.98,9.3659,10.247,11.199,12.483,12.639,22.547,23.598,25.941,26.128,25.212,26.098,25.443,26.41,26.017,24.223,24.632,24.822,23.453,22.338,19.377,18.188,17.219,17.495,18.451,17,17.219,17.037,15.898,14.959,9.8774,10.588,15.726,15.494,18.968,17.691,9.9433,9.7913,9.322,8.9404,8.5254,8.4423,8.5565,8.3945,8.4633,8.3977,8.1902,8.0262,8.0738,7.8251,8.0038,8.0801,8.0525,8.8491,9.0285,9.1428,9.257,9.1602,9.4301,9.42,9.4099,9.9878,10.226,10.019,9.829,9.9433,8.475,8.2117,8.0252,7.6852,7.6487,7.5173,7.3219,7.1906,7.4324,7.3979,7.3023,7.1497,7.1313,7.2666,7.6088,8.7745,8.6531,8.9089,8.6456,8.7254,8.3853,8.6412,8.824,8.5607,8.8198,8.4978,8.6981,8.5255,8.2822,8.475,9.0555,8.7879,8.4467,8.2528,7.9624,7.8364,7.8591,7.7126,7.6222,7.5884,7.5393,7.4569,7.4727,7.3945,7.5864,7.7537,8.0012,8.1741,8.1848,8.3098,8.3684,8.4009,8.2697,8.419,8.6858,9.0303,9.1292,9.1369,8.8756,9.0555
19.248,9.8392,12.85,14.581,16.629,14.009,15.882,14.978,16.118,17.606,16.381,18.043,18.252,15.609,16.592,12.937,11.262,7.087,7.5612,8.252,10.18,11.066,10.097,8.6193,5.9476,5.9476,5.49,7.5612,9.927,14.304,14.551,12.231,12.231,12.231,13.801,14.669,13.108,13.108,12.85,12.075,12.48,11.63,9.927,7.5612,7.9888,1.9682,2.4797,5.9476,10.572,10.791,10.18,12.48,11.63,8.9579,11.066,9.927,8.6193,10.572,11.63,14.551,11.968,23.468,23.704,25.935,26.526,25.773,26.118,26.292,27.201,26.77,25.154,25.514,25.597,23.559,23.304,20.572,18.214,18.892,18.654,19.421,17.362,17.65,17.546,15.991,15.793,12.98,12.075,16.055,15.609,19.536,19.065,10.329,10.142,9.5288,9.1807,8.7966,8.5386,8.8868,8.8245,8.7181,8.696,8.4617,8.3518,8.3868,8.2821,8.3584,8.5586,8.7149,9.1305,9.5692,9.4158,9.6119,9.3521,9.5279,9.4978,9.453,10.373,10.567,10.644,10.162,10.329,8.6771,8.5669,8.0192,7.9345,7.7663,7.5368,7.6752,7.6204,7.4789,7.5797,7.4841,7.2552,7.5498,7.6781,8.2113,7.9591,8.9559,8.6206,8.864,8.7994,8.7326,8.9673,8.8717,8.9588,8.831,8.7439,8.7071,8.6946,8.5244,8.6771,9.3403,9.1003,8.6679,8.5145,8.1799,8.0301,8.1606,8.0329,7.9178,7.8437,7.8773,7.6978,7.7129,7.6786,7.8982,8.0167,8.2202,8.4247,8.5067,8.578,8.7466,8.6741,8.5361,8.7269,8.8463,9.405,9.4097,9.4479,9.1787,9.3403
19.268,9.4137,11.718,15.007,14.533,13.767,14.038,15.007,14.977,16.447,16.065,17.067,16.656,15.24,16.249,13.393,9.5209,8.4446,8.4446,9.0751,10.636,9.5209,9.0751,7.3725,7.3725,5.6976,7.5428,8.7079,8.7079,14.075,14.075,10.553,10.636,12.085,13.563,12.424,12.531,12.085,11.718,12.936,10.553,11.718,9.9252,6.4034,5.6976,2.9355,0.3828,7.5428,9.5209,9.4137,10.553,8.7079,10.295,10.636,10.553,9.0751,7.3725,12.085,10.636,14.075,12.936,22.641,22.94,25.36,25.977,25.24,25.853,25.565,26.291,26.053,24.68,25.226,24.882,22.96,22.579,20.002,16.778,18.062,17.372,17.626,17.048,16.991,17.987,15.24,13.563,11.246,11.246,14.362,15.672,18.784,18.135,10.637,10.252,9.7812,9.4069,9.0125,8.9591,9.1141,9.0061,8.9389,8.971,8.7394,8.6172,8.7126,8.5334,8.624,8.5678,9.0758,9.6944,9.6928,9.8679,9.8688,9.6475,9.7878,10.123,10.343,10.914,10.795,10.923,10.413,10.637,9.014,8.6985,8.5771,8.3103,7.9514,7.9279,7.9691,7.8144,7.7985,7.6883,7.8961,7.7383,7.6457,7.9778,8.2837,8.3709,9.1879,9.0401,9.238,8.8791,8.9875,8.9979,9.2705,9.1168,8.9145,8.987,9.2308,8.883,8.7294,9.014,9.5461,9.3136,8.926,8.7347,8.4577,8.2367,8.3515,8.2343,8.1352,8.0102,8.0693,7.9536,7.9427,7.8807,8.1444,8.2823,8.4673,8.5903,8.732,8.8699,8.8944,8.8034,8.8248,8.9443,9.0089,9.3894,9.7202,9.8184,9.4423,9.5461
19.288,10.111,11.584,15.961,16.395,13.92,15.046,14.798,15.623,16.789,16.643,17.376,17.329,16.643,16.005,13.596,11.08,5.9614,7.1008,10.111,11.276,10.194,9.9408,8.0026,7.1008,5.2555,7.575,9.0789,10.194,15.256,14.595,10.194,11.643,13.92,14.09,14.535,13.596,12.819,12.994,13.204,10.111,11.08,10.194,9.9408,8.9717,-0.059241,5.9614,5.5038,10.194,10.804,7.575,10.585,10.804,10.111,13.121,11.08,10.111,12.994,11.08,15.256,12.089,23.596,24.094,26.206,26.857,26.15,26.219,26.233,27.297,26.322,24.954,25.217,25.278,23.692,22.819,20.339,17.664,18.342,17.438,18.574,17.794,18.07,18.07,16.606,14.565,12.245,11.584,16.492,15.829,19.588,18.538,9.5358,9.1363,8.6134,8.2809,7.8152,7.7569,7.7637,7.7675,7.8278,7.787,7.5655,7.5499,7.4631,7.3226,7.5646,7.607,7.8149,8.6284,8.785,8.5944,8.6183,8.6584,9.2056,9.1649,9.2697,9.6814,9.7131,9.8638,9.566,9.5358,7.6971,7.5065,7.1881,7.1887,6.7606,6.8618,6.5715,6.5353,6.6096,6.6156,6.6336,6.7127,6.6873,6.7053,7.329,7.8107,8.6141,8.0321,8.0974,8.0836,7.7799,7.9717,8.1654,8.2565,8.0216,8.0397,8.0331,7.896,7.8928,7.6971,8.2784,8.0158,7.7336,7.489,7.3061,7.1404,7.0485,6.9335,6.8762,6.9041,6.8417,6.8129,6.7376,6.6741,6.9055,7.1176,7.2835,7.4373,7.5131,7.6893,7.6025,7.5537,7.5769,7.7388,8.087,8.2207,8.4122,8.4621,8.2266,8.2784
19.308,11.302,12.653,15.994,16.483,14.888,14.704,14.312,15.994,16.776,16.053,17.467,16.955,16.131,15.873,12.522,9.1415,6.7591,6.7591,9.1415,7.9241,7.9241,7.9241,8.6299,4.9138,6.5887,7.2333,9.5113,9.599,13.437,12.862,9.8521,10.738,12.78,12.609,12.653,11.64,10.934,13.578,11.904,10.934,11.243,10.738,9.599,6.5887,1.6402,1.6402,4.9138,6.7591,9.599,10.738,9.8521,11.904,8.6299,10.738,9.7694,9.599,11.64,11.243,14.568,12.862,23.011,23.831,25.956,26.371,25.554,26.043,25.534,26.639,26.236,24.208,24.995,25.025,23.831,22.271,20.398,17.768,17.322,17.467,18.232,16.987,18.291,17.768,15.465,15.162,11.747,11.904,14.758,15.162,19.246,18,11.078,10.873,10.342,9.7997,9.5698,9.4305,9.4563,9.4433,9.393,9.3156,9.2743,9.135,9.0988,8.823,8.962,9.2863,9.2714,9.9175,10.297,10.377,9.9419,10.098,10.525,10.605,10.852,10.952,11.217,11.078,10.939,11.078,9.4353,9.2258,8.9595,8.7065,8.4668,8.4914,8.2172,8.3803,8.4394,8.4102,8.3944,8.2894,8.5001,8.0188,8.7486,9.3366,9.3841,9.9244,9.5296,9.8512,9.6417,9.6458,9.8468,9.5939,9.7182,9.86,9.8424,9.6819,9.4117,9.4353,10,9.7223,9.4367,9.2083,8.9705,8.8478,8.7755,8.6206,8.5667,8.5091,8.5121,8.4389,8.3736,8.2377,8.5561,8.8315,8.9133,9.0945,9.2504,9.3003,9.2444,9.2382,9.4122,9.4245,9.4416,9.9249,10.06,10.219,9.8625,10
19.328,10.52,12.498,15.092,15.639,15.401,13.734,14.499,14.974,15.092,15.639,16.623,17.033,15.664,15.455,12.391,10.603,8.6746,5.6643,10.52,9.0419,8.6746,7.3392,7.9838,7.5096,4.4993,5.9126,9.892,10.262,13.613,13.403,10.603,10.994,12.902,13.613,14.042,12.498,12.052,10.994,9.3804,10.52,11.993,12.498,9.4877,5.6643,2.9023,-3.6299,3.3598,9.0419,11.213,9.0419,10.35,10.35,10.603,12.654,9.892,8.6746,11.685,11.213,13.36,12.391,23.021,23.096,26.202,26.706,25.393,24.802,25.798,26.215,24.886,24.17,24.802,24.959,23.437,22.309,19.488,17.234,17.339,16.623,17.51,15.913,17.51,16.37,15.639,15.508,11.993,11.489,15.062,14.432,19.042,18.649,9.9319,9.4105,9.1332,8.6998,8.4177,8.3766,8.3304,8.3246,8.2028,8.2096,8.1087,7.9399,7.8836,7.7471,7.9974,7.8276,8.1376,9.0051,9.2342,8.9887,8.8552,9.0405,9.3496,9.3438,9.5253,9.9,10.15,10.259,9.7672,9.9319,8.2252,8.0551,7.724,7.4083,7.4456,7.2601,7.2635,7.231,7.0174,7.2642,7.1533,7.1969,7.1459,7.0079,7.276,8.5744,8.6239,8.65,8.4522,8.4357,8.6417,8.5113,8.5173,8.5334,8.8015,8.7478,8.4755,8.5388,8.1758,8.2252,8.8004,8.5075,8.2091,7.9751,7.8036,7.6334,7.5844,7.4382,7.3688,7.4202,7.3478,7.2672,7.2395,7.1593,7.3595,7.5352,7.7821,7.9723,8.0871,8.2653,8.1947,8.0511,8.3157,8.3319,8.5334,8.8164,9.0443,8.9415,8.8302,8.8004
19.348,10.617,11.948,15.018,15.221,13.905,14.514,13.749,15.523,17.524,16.896,17.607,16.492,14.71,15.755,14.056,7.9983,7.524,7.524,9.3949,8.6891,9.0563,7.9983,7.3537,5.6788,5.6788,6.3846,8.4258,9.0563,13.287,14.019,11.503,11.699,11.228,13.242,12.405,12.868,13.418,12.067,11.009,12.512,10.534,9.9064,7.3537,7.3537,3.3743,2.4052,7.3537,7.9983,9.3949,9.5021,10.364,9.9064,7.3537,9.3949,11.009,10.534,10.617,12.008,12.868,12.512,22.273,23.532,24.767,25.795,25.57,25.755,25.64,26.439,26.424,24.958,25.638,24.851,22.389,22.668,20.159,18.217,17.983,17.998,18.663,17.474,17.048,17.861,15.077,14.056,11.228,11.503,14.343,15.018,18.651,18.48,10.303,9.8313,9.2116,8.9047,8.5332,8.5398,8.5743,8.562,8.6039,8.4284,8.2787,8.2533,8.2476,8.1468,8.3038,8.2938,8.703,9.2953,9.3684,9.2521,9.4691,9.5157,9.5612,9.755,9.8574,10.231,10.502,10.474,10.115,10.303,8.5089,8.2298,7.8176,7.8874,7.5331,7.5121,7.3814,7.3884,7.3703,7.3823,7.4325,7.441,7.5049,7.3889,7.311,8.3022,8.9716,8.9524,8.7777,8.731,8.7257,8.6477,8.9955,8.9175,8.7184,8.6681,8.8859,8.7764,8.6506,8.5089,9.0098,8.7849,8.3885,8.1895,7.9207,7.784,7.7898,7.724,7.6193,7.533,7.5639,7.5027,7.4707,7.3695,7.6364,7.656,7.9261,8.0765,8.2939,8.3698,8.4096,8.2223,8.2833,8.3894,8.8117,8.9838,9.1735,9.096,8.9932,9.0098
19.368,11.337,11.705,15.317,17.162,14.656,14.656,15.291,16.066,16.832,16.13,17.179,17.39,17.31,16.704,13.265,7.6362,5.0535,5.3167,9.5444,10.002,10.002,8.327,9.1401,8.6943,7.162,4.1517,11.586,9.9142,15.589,13.183,11.645,11.705,13.981,14.971,13.981,13.012,13.183,12.043,11.141,11.141,11.586,11.645,8.6943,7.6362,5.565,2.0432,2.0432,9.0329,10.647,10.002,11.074,10.647,10.866,12.306,11.645,10.866,13.981,10.172,14.152,13.055,23.646,23.851,26.611,27.404,26.247,26.193,26.212,27.096,25.758,24.489,25.43,25.43,24.376,23.17,19.466,17.245,17.621,17.245,19.407,17.245,18.327,18.131,16.832,15.684,12.506,12.043,16.534,15.868,20.079,18.776,10.22,9.952,9.5221,9.1447,8.7964,8.6763,8.8472,8.7589,8.7319,8.6363,8.4759,8.2562,8.3752,8.1196,8.4074,8.3216,8.5386,9.381,9.2698,9.5456,9.4995,9.4147,9.6565,9.7444,9.9793,10.186,10.586,10.398,10.158,10.22,8.6224,8.5633,8.0122,7.9371,7.7906,7.5759,7.6625,7.5342,7.4789,7.6168,7.2398,7.3459,7.685,7.672,7.7998,8.3326,8.8653,8.9344,8.7404,8.8926,8.64,8.7678,8.8294,8.886,8.8413,8.8567,8.8745,8.6394,8.4556,8.6224,9.33,9.0201,8.695,8.4704,8.2116,8.0471,8.1098,7.9649,7.912,7.8456,7.8196,7.7239,7.7487,7.6871,8.0462,7.9662,8.2094,8.4183,8.5156,8.5866,8.6111,8.6361,8.584,8.7636,8.928,9.3808,9.4649,9.4847,9.2132,9.33
19.388,10.549,12.022,15.091,15.537,14.528,14.071,14.252,16.569,16.267,16.061,17.281,17.209,15.537,15.091,12.883,9.4095,7.5386,5.6933,7.5386,8.7036,9.0709,8.7036,5.9416,7.5386,6.3992,7.3683,11.023,9.4095,13.642,13.389,10.379,9.5167,12.527,12.683,12.474,12.683,12.527,13.559,10.379,12.527,11.023,9.5167,10.379,9.5167,0.37856,2.4198,7.3683,9.4095,9.921,11.023,8.9519,11.023,8.7036,10.379,10.549,8.0128,10.291,10.549,13.432,12.42,22.719,23.162,25.655,26.231,25.433,25.529,25.603,26.375,25.787,24.274,24.8,24.838,23.036,22.516,19.517,17.539,17.766,16.833,17.876,17.539,16.833,17.081,15.769,15.003,11.714,12.683,15.693,15.537,18.976,18.508,10.552,10.221,9.7903,9.3452,9.0203,8.9198,9.0386,8.976,8.9765,8.9269,8.7344,8.6262,8.6068,8.3831,8.6057,8.5313,9.0231,9.6868,9.8605,9.6436,9.8844,9.7949,10.166,10.194,10.149,10.585,10.679,10.569,10.443,10.552,8.8613,8.6599,8.4273,8.382,8.0726,7.7632,7.718,7.9627,7.9274,7.8054,7.8426,7.9042,7.9241,7.6602,7.7806,8.6551,9.3497,9.2969,9.0643,8.9148,9.0626,9.2105,9.1377,9.292,9.1148,9.0653,9.2375,9.2023,8.8719,8.8613,9.4808,9.2778,8.9378,8.694,8.4594,8.2946,8.2783,8.1949,8.0532,8.0547,8.0086,7.8996,7.8858,7.8105,8.085,8.1658,8.4116,8.5733,8.6965,8.8273,8.6768,8.6944,8.9024,8.8865,8.8454,9.3772,9.6398,9.6,9.3146,9.4808
19.408,9.5716,11.876,14.541,15.527,14.677,14.886,14.196,16.026,16.959,16.732,17.425,16.959,16.274,15.763,13.227,10.216,7.6334,9.5716,9.5716,10.216,8.7098,9.5716,6.7317,7.6334,5.5922,4.8864,9.5716,10.216,14.314,14.314,11.155,10.907,13.654,13.446,12.494,11.876,12.45,12.076,13.41,10.711,12.124,10.711,6.5613,6.7317,6.5613,-0.42837,6.7317,8.7098,10.907,9.5716,9.5716,10.711,9.1141,12.076,9.5716,7.8967,12.076,10.907,13.721,13.446,22.86,23.946,25.531,26.148,25.733,26.298,25.779,26.806,26.298,24.84,24.93,24.848,23.093,22.625,19.75,17.973,17.425,17.251,18.866,17.425,17.251,17.871,15.254,15.527,11.274,11.274,15.135,15.592,19.066,18.264,10.965,10.595,10.021,9.6542,9.4313,9.2029,9.1869,9.3196,9.1737,9.1925,8.8948,8.8069,8.8067,8.6551,9.0814,8.9298,9.1831,9.8169,9.8073,9.8943,10.037,10.138,10.432,10.478,10.79,10.716,10.809,11.062,10.68,10.965,9.0433,9.0747,8.6162,8.4933,8.1891,8.1943,8.1293,8.1071,8.1204,8.1731,8.0151,8.1408,8.1936,8.0355,8.41,9.4455,9.3563,9.4508,9.3716,9.5566,9.485,9.3958,9.3797,9.403,9.5581,9.4477,9.5478,9.316,9.2231,9.0433,9.7455,9.5563,9.1745,8.9717,8.6851,8.525,8.5493,8.421,8.2813,8.3199,8.2537,8.0876,8.1492,8.0374,8.3306,8.4694,8.6417,8.8674,8.8762,8.9741,9.0185,8.9242,9.0112,9.2154,9.2404,9.4841,9.9014,9.8698,9.5635,9.7455
19.428,10.623,10.623,14.519,15.023,14.519,14.349,14.349,15.884,16.824,16.921,17.218,16.902,15.528,16.325,12.922,9.912,5.6844,9.0619,9.0619,9.5077,9.0619,8.6947,8.0039,7.5296,7.3593,3.3799,7.3593,9.912,14.519,13.55,11.014,10.623,13.248,13.248,13.248,13.55,11.233,12.518,11.509,11.014,11.705,8.6947,9.912,9.4005,4.5193,3.3799,7.3593,9.4005,9.912,8.4314,8.9429,9.5077,10.54,12.518,8.6947,9.4005,11.014,11.233,12.922,12.674,22.217,23.521,25.413,25.993,25.674,25.534,25.355,26.637,26.41,24.37,24.964,24.718,22.942,22.648,20.017,18.049,17.546,17.254,18.499,17.53,17.612,17.072,15.659,15.112,12.411,10.282,14.024,15.528,19.246,18.004,11.158,10.791,10.25,9.8098,9.5791,9.4964,9.5001,9.4568,9.4978,9.4738,9.269,9.1308,9.1033,8.9257,9.1798,9.0416,9.4702,10.038,10.354,10.271,10.078,10.35,10.347,10.811,10.618,10.659,10.985,11.168,10.975,11.158,9.2805,9.1827,8.8937,8.6426,8.4936,8.4634,8.3701,8.3713,8.3269,8.2654,8.2009,8.0009,8.5094,8.3094,8.6285,9.4801,9.7437,9.7235,9.5234,9.787,9.587,9.4976,9.7749,9.8829,9.8171,9.6939,9.5526,9.6667,9.2356,9.2805,9.9349,9.7231,9.3894,9.1416,8.953,8.7613,8.7698,8.6243,8.5616,8.5419,8.5244,8.4386,8.3894,8.3339,8.5502,8.7732,8.8659,9.1419,9.1955,9.3221,9.2948,9.2537,9.2518,9.2768,9.7201,9.8467,10.057,10.131,9.7895,9.9349
19.448,10.183,12.317,15.6,15.695,15.302,15.064,14.637,16.141,17.003,16.545,17.647,17.979,16.141,15.879,13.992,9.9251,7.1728,7.1728,9.5552,9.5552,10.013,8.3379,7.0025,8.5861,7.1728,8.0746,10.183,11.152,14.637,14.667,11.656,11.656,13.023,12.317,13.023,13.066,12.517,12.054,13.066,11.152,12.054,10.013,7.6471,8.3379,3.0231,4.1625,9.151,10.266,11.715,10.657,11.152,11.152,10.183,13.193,9.5552,10.183,11.152,9.5552,14.163,13.066,23.181,23.746,26.02,26.535,26.297,26.297,26.305,27.173,26.56,24.89,25.636,25.581,23.819,23.329,20.657,18.911,18.693,18.075,19.14,17.19,17.256,17.765,17.369,15.695,12.317,11.152,15.968,15.576,20.056,18.61,9.7249,9.5216,9.0258,8.5553,8.2387,8.083,8.2389,8.1667,8.1947,8.15,8.0085,7.8827,7.8292,7.6509,7.6327,7.7299,8.0933,8.6541,8.9487,8.866,8.8213,8.9836,9.1576,9.0749,9.4384,9.4112,9.7746,9.6231,9.5816,9.7249,8.1151,7.9009,7.8357,7.4768,7.2715,7.2309,7.0759,7.0307,7.17,7.0545,6.9698,6.8675,7.1322,6.9857,7.2703,8.0398,8.6299,8.1801,8.3415,8.2991,8.2732,8.3817,8.4213,8.534,8.3763,8.3604,8.4001,8.3154,7.9778,8.1151,8.7145,8.4484,8.1289,7.9188,7.6947,7.5622,7.4863,7.3946,7.3117,7.3118,7.2696,7.1598,7.1272,7.0886,7.3012,7.4771,7.7317,7.8103,8.0066,7.9883,8.051,7.9948,8.0862,8.2135,8.4912,8.8127,8.876,8.8521,8.62,8.7145
19.468,8.9816,11.09,15.538,16.502,14.693,13.93,14.296,16.405,17.307,16.483,17.585,16.799,16.079,16.635,14.1,9.863,9.9507,6.9404,9.0889,8.643,8.9816,9.0889,7.585,8.643,7.1108,6.9404,9.4932,11.023,14.693,13.825,11.653,12.255,13.643,12.961,12.873,12.099,13.335,13.643,13.131,10.595,11.653,11.023,7.585,8.0125,2.5035,-0.04927,9.4932,9.9507,9.9507,8.9816,9.863,10.814,9.4932,12.099,9.0889,8.9816,9.9507,11.534,14.575,13.131,23.214,23.874,25.939,26.772,26.218,26.434,26.129,27.166,26.781,24.652,25.723,25.468,23.206,22.734,20.595,18.861,18.584,18.439,18.992,17.57,17.916,18.12,15.514,15.538,13.214,11.09,15.341,14.693,19.889,18.524,9.9983,9.85,9.1796,8.8567,8.5448,8.3358,8.5568,8.4511,8.4447,8.3439,8.2233,8.0782,8.0855,7.9044,8.1279,8.0484,8.4881,9.2116,9.1185,8.9692,9.0639,9.2925,9.3585,9.7248,9.9438,9.7955,10.197,10.315,9.9367,9.9983,8.404,8.0808,7.8323,7.76,7.4903,7.3312,7.4448,7.2692,7.3942,7.3076,7.2777,7.1731,7.3083,7.4191,7.1493,8.1287,8.6444,8.8383,8.4267,8.4787,8.6726,8.4936,8.5969,8.7596,8.2685,8.4312,8.4833,8.3554,8.1689,8.404,8.9695,8.7534,8.3937,8.1922,7.847,7.7198,7.8264,7.6956,7.5845,7.498,7.531,7.4171,7.3981,7.3691,7.5839,7.6624,7.8989,8.1175,8.1549,8.2421,8.4338,8.3262,8.2791,8.4319,8.7334,8.8778,9.1279,9.197,8.8996,8.9695
19.488,10.637,12.689,15.899,16.273,14.076,13.769,13.769,15.008,15.775,15.699,16.512,16.779,15.947,15.436,12.689,9.4152,8.9577,7.5444,8.7094,8.7094,9.0766,7.374,5.9474,7.5444,5.6991,7.374,9.9268,10.384,15.008,13.438,10.555,12.028,13.648,13.648,12.028,13.648,12.533,12.087,11.524,11.524,10.555,9.9268,9.0766,9.5225,4.5341,6.4049,7.374,7.5444,11.524,8.0186,9.4152,8.7094,7.374,11.524,6.4049,9.9268,12.533,10.555,14.364,12.937,22.961,23.089,25.872,26.319,25.673,25.689,25.439,26.459,25.065,24.013,24.577,24.993,24.135,22.538,19.261,18.137,17.819,17.627,18.137,16.658,17.627,16.658,15.899,15.008,11.524,10.637,15.699,14.534,19.158,18.364,10.362,9.9769,9.4899,9.115,8.7618,8.6725,8.6915,8.7408,8.7688,8.6514,8.4604,8.3574,8.3461,8.1627,8.3778,8.4394,8.7196,9.519,9.3831,9.4952,9.7219,9.5152,9.9753,9.9893,10.149,10.352,10.491,10.487,10.387,10.362,8.5073,8.4158,8.0824,8.0583,7.7249,7.5524,7.4671,7.49,7.5911,7.48,7.5489,7.5622,7.4659,7.2674,7.7132,8.7648,8.8336,8.92,8.7359,8.5972,9.071,8.7413,8.8869,8.9002,8.8447,8.7336,8.9131,8.7469,8.4765,8.5073,9.1951,8.9874,8.6637,8.3928,8.1699,7.9702,8.0303,7.904,7.7829,7.8234,7.7203,7.6012,7.6665,7.599,7.8881,7.9984,8.1439,8.4286,8.4036,8.4929,8.5715,8.5631,8.6003,8.5252,8.8599,9.1613,9.3485,9.3064,9.1464,9.1951
19.508,9.9244,12.085,15.239,15.351,14.361,12.686,13.767,15.487,15.773,16.914,16.656,16.777,16.248,15.433,14.464,6.4026,7.542,7.542,9.9244,9.4129,9.0743,5.945,5.6968,9.0743,7.3717,7.3717,9.4129,9.4129,14.76,12.935,11.027,12.026,12.886,12.026,12.935,11.521,12.53,12.085,11.521,10.382,9.5201,10.635,10.382,8.0163,2.9347,-3.5974,5.945,8.9553,10.552,9.4129,9.0743,10.552,11.717,11.717,7.3717,10.635,10.635,11.246,14.532,12.686,22.686,23.392,25.546,26.243,25.279,25.947,25.651,26.457,25.606,24.067,24.881,24.785,23.327,22.686,19.51,16.656,18.016,17.817,18.511,17.047,17.372,16.933,16.248,14.728,12.53,12.53,15.433,15.124,19.51,18.783,10.667,10.206,9.6333,9.4297,9.0896,8.824,8.9368,9.0658,9.0559,8.8827,8.8566,8.7072,8.7814,8.5544,8.7137,9.0148,8.9767,9.5996,9.9563,9.7938,9.9298,9.9324,10.015,10.558,10.372,10.711,11.012,10.992,10.715,10.667,8.8701,8.615,8.2498,8.1485,8.0201,7.8423,7.986,7.8072,7.9279,7.819,7.617,7.7727,7.9046,7.4083,7.58,8.9175,9.4696,9.2363,9.2005,9.0915,9.1568,9.286,9.1004,9.1625,9.3161,9.2193,9.2148,9.1692,8.7603,8.8701,9.4901,9.1879,8.8674,8.6562,8.434,8.2815,8.2647,8.1568,8.0879,7.9905,8.0673,7.9792,7.9233,7.8343,8.1562,8.2889,8.4249,8.6876,8.7317,8.8312,8.8308,8.7186,8.817,8.8746,9.0048,9.5647,9.6922,9.6138,9.4141,9.4901
19.528,9.4986,12.46,15.008,16.659,15.062,15.271,15.245,16.64,17.81,17.59,17.066,17.264,16.565,16.02,13.22,11.292,7.5905,8.2813,9.4986,11.096,9.4986,9.4986,7.1163,9.0944,7.5905,7.1163,7.1163,11.659,15.638,13.497,12.46,12.261,13.648,11.292,13.22,14.106,11.096,14.039,13.611,11.096,12.967,8.6485,6.9459,5.9768,5.0077,4.106,7.1163,10.209,11.659,11.292,11.54,10.601,6.9459,10.601,8.9871,8.2813,11.54,9.8685,14.58,14.334,23.074,24.381,25.626,26.718,25.988,26.548,26.295,27.243,27.125,25.181,25.729,25.444,23.611,23.108,20.69,19.499,18.243,18.649,19.25,18.357,17.199,18.444,15.822,15.889,12.509,11.659,16.147,16.565,18.589,19.421,11.058,10.673,9.9753,9.5603,9.2141,9.1421,9.3071,9.3193,9.1732,9.1723,9.0442,8.8282,8.9416,8.7599,9.0186,8.9031,9.4041,9.8808,9.9507,9.9993,10.297,10.29,10.265,10.424,10.546,10.604,11.241,11.124,10.842,11.058,9.051,8.822,8.5799,8.4066,8.219,7.9861,8.16,8.0635,8.2232,7.888,8.0444,8.1306,7.8865,7.9874,8.0883,9.2408,9.4147,9.5035,9.3958,9.0951,9.1192,9.3033,9.4629,9.6225,9.3429,9.0453,9.3648,9.144,8.8643,9.051,9.7268,9.5162,9.1198,8.888,8.6115,8.4678,8.5684,8.4161,8.3102,8.214,8.2458,8.1015,8.1191,8.0821,8.3954,8.347,8.6458,8.8619,8.8786,8.911,9.0354,8.9821,8.9511,8.9948,9.245,9.5183,9.7276,9.844,9.4609,9.7268
19.548,10.596,10.513,14.493,15.395,14.967,15.056,14.035,15.312,16.617,16.025,16.364,17.333,15.658,16.407,12.648,9.8855,8.4049,5.9061,7.9774,9.0354,8.6682,9.0354,6.3637,7.3328,7.5031,3.3534,9.4812,10.343,14.493,13.606,9.374,10.596,13.221,14.322,11.987,11.483,11.987,11.207,12.648,11.483,9.8855,7.3328,8.6682,7.9774,7.3328,-0.62603,5.6579,7.3328,10.988,10.343,9.4812,10.343,9.0354,10.343,9.0354,10.988,10.988,11.678,14.689,12.492,22.56,23.048,25.658,26.298,25.578,25.658,25.507,26.67,25.828,24.291,25.152,25.175,23.199,22.433,19.808,18.976,18.472,17.962,18.63,16.534,17.586,17.586,16.231,15.2,12.046,12.648,14.721,16.025,19.035,17.977,11.07,10.846,10.239,9.8986,9.4923,9.4554,9.3443,9.503,9.3674,9.3458,9.2172,9.036,8.9957,8.8295,9.0046,8.9643,9.2847,9.9268,10.164,10.26,10.037,9.9738,10.317,10.496,10.692,10.815,11.104,10.992,10.831,11.07,9.4064,9.0165,8.9009,8.7929,8.5514,8.4394,8.1424,8.206,8.3109,8.154,8.1469,8.2641,8.3046,8.2357,8.4361,9.017,9.8429,9.5353,9.5938,9.6279,9.4547,9.5027,9.7766,9.7372,9.3676,9.7088,9.5287,9.4597,9.2552,9.4064,9.8875,9.6987,9.3338,9.14,8.9563,8.7453,8.6572,8.5167,8.4845,8.5136,8.4456,8.3225,8.3109,8.1405,8.4601,8.6654,8.8417,9.0878,9.1607,9.2757,9.0877,9.1164,9.2401,9.2133,9.4233,9.9203,9.9923,9.9303,9.7303,9.8875
19.568,9.8916,12.498,14.432,15.206,14.004,13.53,14.432,15.864,16.623,16.031,16.901,17.592,15.062,15.664,13.612,9.0414,7.5092,5.4006,10.994,8.6742,10.349,8.6742,8.4109,8.9225,7.5092,6.3697,7.3388,9.0414,14.432,13.227,10.994,10.994,13.227,11.685,10.349,13.403,11.489,12.39,11.489,10.519,10.994,10.349,9.8916,6.3697,3.3594,0.34913,4.4989,8.9225,9.4873,8.6742,10.349,8.6742,9.4873,10.349,9.8916,10.519,11.489,9.8916,13.612,11.489,22.73,23.567,25.625,26.308,25.532,25.618,25.757,26.542,25.532,24.198,24.943,25.03,23.416,22.133,20.217,17.509,17.592,17.968,18.028,17.18,17.198,17.052,15.206,14.973,12.052,10.994,14.973,15.318,19.487,18.982,9.8207,9.3896,9.059,8.594,8.2141,8.2016,8.179,8.1858,8.2461,8.1479,8.0179,7.821,7.8096,7.6432,7.7116,7.6048,8.1379,8.9007,9.0613,9.0012,8.8843,9.0512,9.3716,9.1516,9.5196,9.8188,9.9205,10.008,9.6225,9.8207,8.1684,7.8643,7.6224,7.4649,7.4302,7.0509,7.1372,7.0549,6.9726,7.0147,6.9426,6.9015,7.0855,6.9477,7.3116,7.9592,8.5893,8.5071,8.3381,8.4882,8.5954,8.4188,8.5689,8.5418,8.442,8.4286,8.4707,8.3884,8.2941,8.1684,8.7202,8.4613,8.1526,7.9347,7.675,7.5485,7.5084,7.4319,7.3171,7.319,7.2661,7.1927,7.1614,7.0937,7.3775,7.4161,7.7057,7.8792,8.0187,8.1533,8.1409,8.0652,8.1352,8.1659,8.4544,8.7514,8.942,8.8718,8.6657,8.7202
19.588,11.972,11.192,16.261,16.723,13.509,13.592,14.202,16.011,15.38,15.186,16.52,16.937,16.783,16.261,11.972,9.4667,6.3492,5.6434,10.241,8.6537,6.3492,9.0209,7.3183,8.6537,7.4886,5.6434,9.871,8.6537,15.38,14.478,9.3595,10.499,13.983,13.207,12.633,12.031,11.664,12.881,11.192,10.329,10.499,9.4667,9.3595,4.4783,0.32858,2.8813,5.8916,7.3183,9.0209,9.3595,10.973,9.0209,10.973,11.468,11.468,10.973,11.468,10.241,13.87,11.972,23.238,23.112,26.349,26.818,25.605,25.298,25.55,26.36,25.259,23.459,24.551,24.837,24.061,22.587,19.102,17.685,18.081,16.456,18.349,17.571,17.826,17.318,16.602,14.706,13.592,11.192,16.723,14.923,19.582,17.993,10.087,9.6193,9.3287,8.8372,8.7313,8.4504,8.438,8.4853,8.4504,8.4691,8.3167,8.1815,8.1616,7.9141,8.1407,8.1888,8.5631,8.9298,9.2702,9.3152,9.3339,9.2905,9.3975,9.596,9.8384,9.9814,10.348,10.367,10.09,10.087,8.4075,8.2647,7.8143,7.5605,7.4418,7.5584,7.371,7.3224,7.2863,7.2517,7.04,7.4714,7.4153,7.0237,7.0228,8.6481,8.3809,8.7572,8.797,8.8283,8.5023,8.4505,8.7289,8.6004,8.475,8.7127,8.5841,8.5832,8.2494,8.4075,8.9423,8.6487,8.3697,8.1386,7.9797,7.8036,7.7047,7.6185,7.518,7.5735,7.4861,7.4299,7.3689,7.2787,7.5961,7.7637,7.8689,8.136,8.1884,8.2327,8.2693,8.1318,8.3294,8.2272,8.5937,8.9309,9.0737,9.1046,8.8096,8.9423
19.608,9.0609,11.952,14.746,16.977,14.061,14.242,15.082,15.956,14.963,15.527,16.977,17.358,16.496,15.658,12.673,8.9419,5.6834,7.5286,10.539,8.0029,10.281,8.4304,8.4304,9.3995,7.5286,5.9316,10.539,8.9419,15.338,13.379,12.071,11.704,12.873,14.348,12.873,12.921,12.464,13.291,10.369,10.369,10.539,10.622,9.0609,5.9316,6.3892,4.5183,6.3892,9.0609,10.539,10.539,9.0609,9.911,9.911,10.622,10.369,9.911,13.379,9.5067,14.242,12.071,22.843,23.291,26.214,26.725,25.279,25.767,25.444,26.496,25.119,23.469,24.601,24.987,23.603,21.952,19.142,18.498,16.901,17.529,18.538,16.823,18.334,16.977,16.257,14.993,12.012,11.441,16.324,14.518,19.41,17.866,10.35,10.001,9.4682,8.9803,8.8612,8.5706,8.9163,8.845,8.7137,8.6405,8.4785,8.3419,8.1892,8.1849,8.319,8.2119,8.5684,9.2175,9.4284,9.4277,9.6487,9.4648,10.066,10.204,10.287,10.3,10.704,10.718,10.248,10.35,8.6193,8.4554,8.1934,7.9027,7.706,7.5572,7.7771,7.5333,7.4315,7.6893,7.3901,7.622,7.7202,7.6416,7.8616,8.9224,8.9449,9.188,8.9765,9.1234,8.9119,9.155,9.0532,8.8529,8.8875,9.1074,9.1854,9.0523,8.7885,8.6193,9.2192,8.9954,8.5982,8.37,8.1067,7.9719,8.0166,7.8776,7.7834,7.7901,7.76,7.5987,7.6035,7.6246,7.9088,7.9022,8.1383,8.2704,8.4022,8.4888,8.5467,8.4741,8.5147,8.5779,8.7503,8.9318,9.4008,9.3513,9.0318,9.2192
19.628,9.8014,12.729,14.707,15.23,14.406,14.518,12.559,15.503,17.183,16.791,18.073,17.046,15.437,16.213,13.422,11.132,8.6864,8.6864,8.5792,10.193,9.0907,9.4606,5.5689,7.8734,4.8631,8.2406,8.6864,10.193,14.202,13.698,10.688,13.203,12.933,13.926,13.528,13.698,12.559,12.729,13.203,10.412,11.853,8.5792,9.0907,6.538,4.5998,5.5689,8.2406,11.853,9.5483,9.0907,9.7186,10.62,7.1826,11.251,6.7083,9.7186,12.426,11.697,13.089,12.729,22.497,24.001,25.123,25.691,25.657,25.971,25.545,26.843,26.791,25.123,25.483,25.116,22.602,22.746,19.651,17.835,19.091,18.75,18.801,17.528,17.717,17.848,15.23,14.939,13.24,11.853,14.202,15.503,18.923,18.842,10.723,10.246,9.7697,9.4141,9.0044,8.8776,9.0673,8.97,8.9567,8.8911,8.7647,8.673,8.6206,8.4394,8.5615,8.4843,9.2126,9.6088,9.8735,9.7644,9.6797,9.8337,9.9876,10.038,10.361,10.568,10.676,10.803,10.589,10.723,8.9744,8.6275,8.2814,8.194,7.9883,7.8112,7.9867,7.8095,7.7844,7.8416,7.9182,7.9306,7.6979,7.787,8.3398,8.4289,9.2801,9.2894,9.1219,9.0691,9.1027,9.0674,9.2397,9.2224,8.9575,9.1196,9.1078,9.1317,8.9431,8.9744,9.456,9.2275,8.8103,8.6572,8.3705,8.1614,8.2605,8.1578,8.0316,7.9872,7.966,7.8827,7.8417,7.7947,7.9454,8.228,8.4131,8.6295,8.6316,8.6534,8.8123,8.6931,8.7619,8.8663,8.9866,9.268,9.5416,9.5993,9.2701,9.456
19.648,9.8971,10.525,13.535,16.243,14.047,13.739,13.739,15.513,16.31,16.375,16.963,16.887,14.732,16.75,13.277,12.45,7.9889,7.3444,9.4928,9.047,8.6798,7.9889,5.4062,7.9889,6.3753,3.365,10.355,10.355,13.535,14.047,10.608,10.999,11.494,12.907,12.396,14.01,11.494,12.057,12.396,9.8971,9.4928,10.608,7.9889,7.3444,3.365,0.35467,6.3753,7.5147,12.659,10.267,9.3856,10.525,10.267,12.057,9.8971,8.928,11.218,9.047,13.618,13.618,22.396,23.683,24.949,25.842,25.31,25.842,25.409,26.495,25.985,24.652,25.332,25.008,23.082,22.503,20.222,17.974,18.376,18.019,18.208,17.239,17.344,17.057,14.437,15.869,11.427,11.494,14.504,16.037,18.879,18.484,10.902,10.483,9.9345,9.5604,9.2373,9.178,9.2272,9.2547,9.1407,9.0587,9.0379,8.894,8.9475,8.7369,9.0775,8.9242,9.1758,9.5449,10.146,10.047,9.9734,9.9556,10.207,10.459,10.364,10.854,11.023,11.011,10.661,10.902,9.1813,8.8625,8.5072,8.346,8.1293,7.9714,8.0353,8.1082,8.19,7.8314,8.1891,8.1401,8.05,8.0719,8.3189,9.0296,9.5983,9.506,9.4099,9.2701,9.517,9.4247,9.4055,9.354,9.4358,9.5409,9.4149,9.2727,9.1692,9.1813,9.6547,9.4521,9.0453,8.8625,8.5758,8.433,8.4831,8.3558,8.2668,8.1978,8.2371,8.1149,8.1208,8.0013,8.3155,8.4416,8.5974,8.8608,8.8416,8.9486,8.965,9.0165,8.9991,9.0112,9.355,9.4065,9.8353,9.7947,9.5082,9.6547
19.668,9.4256,11.931,15,15.875,14.437,14.267,13.298,15.446,16.308,15.97,17.277,16.971,16.176,15.577,12.592,10.2,6.3081,5.6023,9.4256,8.9798,7.9218,9.4256,7.4475,6.3081,4.4372,7.4475,9.3184,11.151,15,13.298,10.287,11.99,13.341,11.151,12.436,11.99,10.541,12.84,11.427,11.427,10.932,10.932,10.287,8.6126,4.4372,2.3287,5.8505,8.9798,10.287,8.9798,9.8299,9.4256,7.4475,11.99,8.3493,9.3184,11.151,9.3184,14.437,11.99,22.945,23.143,25.785,26.415,25.35,25.706,25.656,26.732,25.875,24.221,24.775,24.905,23.468,22.436,19.415,17.189,17.172,17.464,17.966,17.595,16.415,17.785,15.446,15.145,11.427,12.329,14.911,15.339,19.582,18.349,11.002,10.61,10.204,9.8424,9.4847,9.285,9.4627,9.4292,9.3163,9.1869,9.2079,8.9758,8.9651,8.8444,9.1719,8.951,9.1286,9.9885,10.2,10.11,10.206,10.332,10.496,10.476,10.598,10.849,10.971,11.058,10.839,11.002,9.1533,8.9142,8.7639,8.557,8.3211,8.0508,8.2784,8.2479,8.0875,8.0136,8.3026,8.1111,8.1338,7.8149,8.432,9.1989,9.7685,9.7178,9.3368,9.286,9.2268,9.3639,9.4561,9.208,9.6124,9.0748,9.09,9.2866,8.8733,9.1533,9.9927,9.7029,9.3727,9.1374,8.861,8.6989,8.789,8.6472,8.5413,8.4617,8.5064,8.3826,8.4011,8.3721,8.6788,8.6564,8.8342,9.1102,9.2028,9.2544,9.3619,9.2169,9.2139,9.3743,9.5952,9.8461,10.173,10.241,9.8273,9.9927
19.688,10.205,11.596,15.058,16.655,15.267,14.81,15.111,15.841,16.226,17.587,18.081,17.587,16.407,16.617,14.576,8.5256,5.2671,6.942,9.4947,10.123,11.288,8.2774,8.2774,9.4947,5.2671,6.942,9.9523,10.205,15.241,14.298,10.123,10.597,12.457,13.006,11.536,14.576,13.607,12.257,12.963,12.505,11.092,10.205,11.092,6.942,4.1021,5.2671,6.942,11.024,11.596,11.092,11.024,11.994,10.123,11.596,11.288,9.0905,11.596,11.092,13.644,13.006,23.585,23.858,25.992,26.774,25.688,26.103,26.333,27.308,26.774,24.93,25.709,25.716,23.49,22.963,20.574,17.932,18.726,18.353,18.726,17.195,17.587,17.34,16.504,14.922,12.257,12.457,16.226,15.634,19.665,18.645,9.8791,9.513,8.9364,8.5212,8.2821,8.038,8.1758,8.2145,8.1366,8.114,7.9238,7.8446,7.8867,7.7064,7.8347,7.6757,8.4882,8.8108,8.9148,8.9632,9.1878,8.97,9.5376,9.5384,9.3974,9.5664,9.9921,10.053,9.9471,9.8791,8.1728,7.6843,7.5813,7.4273,7.2459,7.048,7.0887,7.1114,6.9071,7.0896,6.8641,7.1275,6.8344,7.2144,7.3794,8.6216,8.4436,8.3044,8.45,8.2614,8.2466,8.2873,8.2725,8.5476,8.4481,8.5227,8.4897,8.5109,8.1568,8.1728,8.697,8.4039,8.0727,7.8649,7.7098,7.4829,7.4616,7.3617,7.262,7.2225,7.2008,7.1165,7.1253,7.0216,7.2492,7.4293,7.6208,7.7927,7.8752,7.9901,7.9809,8.0567,8.0613,8.1362,8.2812,8.6389,8.8663,8.7972,8.6207,8.697
19.708,9.8721,12.634,14.954,14.954,14.204,14.954,14.309,15.187,16.012,16.285,17.964,16.35,16.196,14.983,12.478,8.6547,7.3193,5.8927,9.8721,9.0219,9.4678,7.3193,7.4897,8.6547,6.3502,5.6444,7.4897,9.4678,14.204,14.022,12.634,10.5,12.478,11.913,12.634,11.913,10.974,11.469,12.032,9.8721,10.33,9.4678,8.3914,9.0219,5.6444,3.3399,5.6444,9.4678,11.469,7.4897,9.4678,9.3605,9.3605,11.193,9.3605,9.0219,9.4678,11.973,12.834,13.593,22.333,23.658,25.384,25.936,25.448,25.844,25.72,26.695,26.457,24.954,25.285,25.173,22.419,22.873,19.891,17.506,18.459,18.183,18.459,17.232,17.439,17.013,15.644,14.954,12.882,10.974,14.412,15.381,18.854,18.731,9.8824,9.778,9.0869,8.7376,8.4982,8.4401,8.3537,8.5068,8.3877,8.2655,8.2125,8.0638,7.9717,7.9335,7.9742,8.1223,8.3134,9.0332,9.2894,9.2385,9.0855,8.9887,9.3692,9.6041,9.6153,9.9745,10.11,10.211,9.8018,9.8824,8.2217,7.9742,7.7921,7.634,7.5839,7.0965,7.2326,7.22,7.2407,7.2704,7.1815,7.1653,7.5713,7.1374,7.5741,8.6575,8.6074,8.6943,8.4392,8.6341,8.6734,8.6157,8.4888,8.6324,8.5948,8.6245,8.6315,8.6109,8.2101,8.2217,8.9077,8.6688,8.3022,8.115,7.8778,7.7284,7.7041,7.6022,7.5225,7.468,7.4712,7.4004,7.4059,7.3039,7.5574,7.6094,7.8079,8.0448,8.2115,8.2158,8.3381,8.2475,8.3187,8.3586,8.4772,8.9176,9.0606,9.1205,8.7636,8.9077
19.728,9.5981,12.652,14.887,15.789,15.531,14.704,14.887,16.775,16.482,16.691,17.564,17.727,15.789,16.052,13.436,10.462,7.9231,7.6599,8.1714,10.243,9.7684,9.5981,7.2323,8.7362,5.6187,4.6496,9.8511,9.7684,14.252,14.34,10.737,11.903,14.222,13.29,12.652,13.577,12.608,11.746,12.102,11.242,10.67,11.301,7.9231,8.2904,5.6187,2.6084,5.6187,9.7684,10.737,9.7684,11.639,9.5981,10.243,9.5981,9.5981,9.1405,12.102,10.737,13.29,11.242,23.042,24.11,25.993,26.027,25.655,26.212,25.498,26.615,26.282,24.966,25.414,25.444,22.995,22.404,19.701,17.898,18.672,18.171,18.231,17.727,17.727,17.564,15.486,14.989,10.462,11.903,14.34,16.149,19.466,18.892,10.277,9.9939,9.5194,9.1384,8.7575,8.5739,8.7852,8.6117,8.718,8.6251,8.4815,8.3135,8.2718,8.2339,8.4927,8.3998,8.666,9.5128,9.3293,9.5262,9.5502,9.7059,9.7854,10.093,10.262,10.401,10.724,10.621,10.209,10.277,8.6951,8.3957,7.984,8.0127,7.6631,7.6334,7.7033,7.4827,7.5683,7.4485,7.6233,7.5366,7.66,7.488,7.7231,8.3986,8.7902,8.8047,8.8746,8.6958,8.7102,8.6383,8.9088,9.0619,8.6682,8.88,8.865,8.7156,8.7856,8.6951,9.1596,8.9235,8.5616,8.3388,8.0951,7.9297,7.9727,7.8548,7.7746,7.7069,7.6976,7.5495,7.5404,7.5101,7.7692,7.9118,8.1582,8.2741,8.3108,8.4391,8.5817,8.4291,8.5083,8.5258,8.5211,9.0446,9.3305,9.1906,9.1056,9.1596
19.748,11.641,13.323,14.795,15.62,14.99,14.68,14.532,16.622,17.326,17.115,18.63,17.691,16.002,16.489,13.201,10.108,8.9689,7.5723,8.9689,9.0762,9.938,9.4805,5.9586,8.6304,8.5114,7.9998,9.0762,9.8503,15.097,15.253,11.01,12.861,13.323,12.243,12.992,13.479,12.491,13.917,13.479,12.243,10.583,10.108,8.6304,9.0762,5.5011,4.0878,6.9277,6.9277,12.086,9.0762,11.273,10.108,10.108,9.938,12.442,9.938,11.077,11.077,13.323,14.795,22.567,24.171,25.423,26.066,26.206,26.333,26.236,27.246,27.294,25.453,26.212,25.227,22.721,22.843,20.612,19.012,19.232,18.903,18.837,17.098,18.263,18.067,15.329,15.959,12.948,12.243,15.253,16.129,19.066,19.343,10.518,10.221,9.8015,9.2291,8.8931,8.8694,8.8732,8.9361,8.9682,8.7656,8.6768,8.6298,8.5339,8.3962,8.5702,8.7091,9.0574,9.7307,9.643,9.6833,9.765,9.774,9.745,10.061,10.511,10.34,11.065,10.783,10.502,10.518,8.9028,8.6675,8.1407,8.2737,7.8619,7.7929,7.8128,7.8613,7.7393,7.7892,7.7157,7.6879,7.8152,7.5254,7.9648,8.7123,9.2069,9.4732,9.2692,9.0339,9.1542,8.8713,9.0267,9.1307,8.9803,9.3036,9.1926,9.0992,8.8891,8.9028,9.4305,9.2052,8.7921,8.5794,8.3597,8.1826,8.2313,8.1456,8.0317,7.9263,7.9775,7.8848,7.8901,7.7995,8.0877,8.317,8.3751,8.6158,8.7336,8.7473,8.7193,8.7527,8.817,8.7405,9.1549,9.2863,9.5472,9.5922,9.3146,9.4305
19.768,9.0609,12.071,14.577,15.486,15.314,15.081,14.577,16.625,18.248,17.557,18.222,17.557,16.114,17.083,13.307,11.625,7.0828,8.9536,9.9227,9.9227,11.062,10.176,5.4858,8.6151,5.2375,6.9124,9.4652,11.258,14.072,13.761,11.566,12.801,12.227,10.567,12.475,13.307,12.427,12.933,13.902,11.566,13.797,10.093,6.9124,8.9536,5.9433,2.933,7.9845,9.4652,12.071,10.786,8.9536,8.9536,9.0609,12.227,11.964,9.9227,12.018,11.625,13.797,13.902,22.867,23.857,25.212,26.207,25.919,26.744,26.04,27.279,27.336,25.75,26.28,25.488,23.04,23.414,20.686,19.532,19.124,19.298,18.833,18.038,18.052,18.411,14.636,15.605,13.186,11.566,15.878,16.114,19.124,19.061,10.658,10.499,9.8708,9.6072,9.2795,9.0788,9.2361,9.2388,9.2007,9.0601,8.9601,8.8602,8.8402,8.6084,8.8193,8.787,8.9908,9.7419,9.905,9.8882,9.8539,10.078,10.198,10.204,10.421,10.649,10.812,10.73,10.692,10.658,9.0975,8.8905,8.5266,8.4731,8.1989,8.1557,8.005,8.0164,8.1228,7.9444,8.065,8.1377,8.3684,7.9732,8.4013,9.1132,9.2196,9.4678,9.4635,9.4495,9.4652,9.3917,9.6087,9.5013,9.389,9.6373,9.4219,9.3717,9.0818,9.0975,9.6609,9.4395,9.0215,8.8472,8.6165,8.4917,8.4597,8.3427,8.2873,8.1772,8.2369,8.1681,8.1705,8.0321,8.3237,8.4735,8.6602,8.8152,8.963,9.0036,8.9878,9.0172,8.9844,9.0931,9.2304,9.6544,9.7966,9.8522,9.639,9.6609
19.788,11.091,11.992,15.633,16.654,15.514,15.003,15.11,15.906,17.972,16.782,18.476,17.931,16.346,16.616,13.931,10.815,6.9409,7.5854,9.9512,9.0893,10.204,9.4936,6.9409,9.0893,7.1112,6.9409,9.0893,9.9512,13.215,12.961,12.256,12.1,12.455,13.005,13.492,12.046,10.815,13.336,12.256,11.535,11.023,11.091,8.2762,9.9512,7.5854,-0.048842,5.5142,9.9512,11.091,9.4936,9.4936,11.595,10.815,12.256,10.204,8.013,11.091,11.091,13.825,13.606,23.55,24.141,26.079,26.588,25.948,26.405,26.292,27.018,26.646,25.466,25.851,25.659,23.473,23.239,19.783,18.013,18.549,19.036,19.245,17.307,17.819,17.57,15.24,15.817,12.256,13.931,15.266,15.633,19.951,19.484,11.037,10.7,10.253,9.7595,9.4955,9.3558,9.4271,9.3268,9.3778,9.3793,9.2058,9.1253,8.991,8.9648,9.0257,8.9752,9.5697,9.9524,10.359,10.189,10.216,10.12,10.586,10.979,10.753,10.669,11.346,11.175,10.898,11.037,9.2651,9.025,8.7027,8.6236,8.4506,8.3109,8.1954,8.19,8.2591,8.2716,8.0654,8.1255,8.1934,8.0903,8.4309,9.8543,9.1845,9.7637,9.6818,9.6731,9.6088,9.3656,9.6088,9.5306,9.6129,9.685,9.6031,9.5388,9.1571,9.2651,9.9054,9.6284,9.3504,9.0998,8.8745,8.7449,8.6627,8.5667,8.4868,8.478,8.4483,8.3342,8.2992,8.2288,8.4754,8.7728,8.8434,9.0192,9.1812,9.3308,9.1323,9.1787,9.2756,9.3344,9.5872,9.9291,9.9755,10.01,9.8351,9.9054
19.808,9.4724,12.639,14.484,15.921,14.958,14.958,14.712,15.849,16.355,15.649,17.018,16.789,15.725,16.016,12.483,9.3652,7.324,6.3549,10.334,10.247,7.9686,8.6594,7.4943,9.0266,6.3549,5.8973,7.9686,10.334,13.212,13.345,10.587,10.334,12.483,13.345,11.67,13.212,12.037,12.483,11.978,10.505,11.67,9.8767,8.6594,7.4943,5.6491,0.3343,5.3858,9.3652,11.918,9.0266,8.6594,9.4724,10.587,12.483,10.334,10.587,11.67,9.4724,14.208,12.887,22.72,23.79,25.664,26.068,25.129,25.909,25.517,26.618,26.128,24.198,25.177,24.858,23.02,22.181,19.472,18.3,17.954,18.087,18.314,17.183,17.722,16.886,16.398,14.68,11.978,11.474,14.484,15.44,18.932,17.722,9.791,9.4625,8.9416,8.5074,8.1512,8.0727,8.1422,8.1316,8.1379,7.9942,7.9307,7.8195,7.8887,7.6643,7.7111,7.8436,8.0868,8.8315,9.0747,8.8542,9.0386,8.9537,9.1756,9.378,9.6444,9.8876,10.048,10.09,9.6443,9.791,7.8078,7.7897,7.3827,7.3388,7.1455,6.9713,6.9279,6.9073,6.9269,6.7918,6.9378,6.7182,7.1304,6.7864,7.323,8.0306,8.056,8.2232,8.2485,7.787,7.9007,8.2554,8.1266,8.2266,8.0409,8.0227,7.9885,8.0477,7.7313,7.8078,8.6481,8.4145,8.0448,7.8439,7.577,7.4143,7.4788,7.3892,7.2763,7.2466,7.2273,7.0956,7.1295,7.0144,7.3885,7.4245,7.6775,7.8706,7.9183,7.9274,8.0871,8.0923,7.9816,8.1454,8.4722,8.7462,8.864,8.8533,8.5237,8.6481
19.828,11.086,11.086,14.66,16.075,14.804,14.916,14.66,16.937,16.849,17.124,17.67,17.056,15.106,16.498,14.324,9.9468,7.1069,8.2719,10.2,9.4893,9.4893,7.1069,7.5811,5.9674,4.0966,5.2616,9.4893,11.988,15.236,14.571,12.5,11.988,13.331,11.649,12.042,12.957,13.331,11.59,14.029,9.8591,13,10.81,9.4893,10.2,-0.05315,4.0966,6.9365,10.117,12.042,10.591,11.086,12.095,9.4893,10.117,7.1069,8.9777,10.81,12.095,14.689,14.324,22.896,24.036,25.617,26.138,26.231,26.469,26.19,27.214,27.444,25.425,26.14,25.636,23.077,23.235,20.636,19.742,19.841,18.845,18.89,18.076,18.272,18.246,15.236,17.107,12.451,12.957,16.011,15.902,19.566,19.085,10.161,9.7073,9.0751,8.6865,8.5937,8.3518,8.272,8.4162,8.4992,8.2396,8.2542,8.281,8.1285,7.8836,8.0528,8.2008,8.1974,9.1251,9.4476,9.2902,9.2313,9.1549,9.5564,10.058,10.123,10.365,10.241,10.182,9.9082,10.161,8.3354,8.0686,7.832,7.6914,7.5897,7.4648,7.3475,7.2158,7.3077,7.0408,7.4597,7.3831,7.4892,7.2658,7.599,7.9932,8.1724,8.6355,8.566,8.6796,8.5514,8.6615,8.6057,8.6051,8.733,8.7324,8.6966,8.6311,8.4282,8.3354,8.8448,8.5847,8.2708,8.0961,7.8939,7.7125,7.7235,7.5832,7.5379,7.4611,7.5074,7.4509,7.376,7.2637,7.5838,7.7178,7.8728,8.0692,8.226,8.3039,8.2699,8.2271,8.3605,8.3653,8.455,8.8941,9.1765,9.086,8.8858,8.8448
19.848,7.4758,11.179,14.466,15.367,14.008,14.466,14.466,15.631,16.249,16.182,17.146,17.704,15.879,16.204,12.62,9.8582,7.4758,5.6306,9.8582,8.6409,10.316,8.3776,8.6409,7.4758,5.6306,5.8788,9.8582,10.569,13.857,13.496,10.486,12.62,12.357,11.959,12.868,12.357,11.388,12.62,11.651,10.316,11.179,10.96,7.9501,7.9501,4.4655,-3.6636,7.3055,8.8891,9.3467,8.6409,7.4758,9.4539,9.4539,12.62,8.6409,9.3467,11.388,10.96,15.173,12.62,22.791,23.369,25.631,26.088,25.551,25.62,25.592,26.723,25.884,24.91,25.017,24.949,23.365,22.736,19.925,17.559,17.751,17.95,18.169,17.018,17.164,16.589,15.029,14.94,12.018,13.194,15.605,15.631,18.641,18.641,10.336,9.8587,9.4936,9.1066,8.7927,8.6719,8.7353,8.5933,8.6224,8.6901,8.5038,8.4024,8.3277,8.0927,8.3471,8.5444,8.4791,9.0274,9.4045,9.4336,9.3471,9.2994,9.6503,9.9031,10.057,10.112,10.386,10.24,10.262,10.336,8.545,8.3097,8.1563,7.9369,7.7853,7.5288,7.5941,7.4144,7.3261,7.4681,7.2629,7.502,7.2455,7.7744,7.701,8.4273,8.8144,8.6998,8.907,8.7272,8.5183,8.5699,8.8775,8.9504,8.7202,8.5405,8.7477,8.8717,8.4797,8.545,9.1189,8.8499,8.5673,8.3343,8.0938,7.9434,7.9249,7.7862,7.7397,7.6932,7.6563,7.5977,7.5645,7.4411,7.7484,7.9122,8.0636,8.3038,8.37,8.4789,8.4282,8.4585,8.5524,8.5283,8.8417,9.1771,9.2962,9.2669,9.0188,9.1189
19.868,8.6376,12.015,14.292,15.282,14.292,14.69,14.936,15.471,17.015,17.214,17.977,16.707,14.462,16.333,14.005,9.3434,8.8858,8.8858,7.9468,9.4506,11.452,8.6376,8.6376,9.0048,6.3331,7.3022,9.4506,9.0048,13.19,14.186,11.648,11.176,13.19,11.452,12.865,12.015,12.865,10.483,10.957,11.385,11.176,8.6376,9.0048,8.6376,5.8755,3.3228,7.3022,9.3434,9.8549,10.312,10.312,9.8549,9.8549,9.0048,11.452,10.566,11.452,11.452,12.408,13.19,22.271,23.756,24.885,25.537,25.627,25.878,25.829,26.757,26.843,24.61,25.731,24.715,22.05,22.271,20.225,19.005,18.837,18.333,18.547,17.489,17.62,17.143,15.364,15.9,13.19,10.312,15.025,14.936,18.442,18.374,10.594,10.045,9.526,9.2457,8.894,8.747,8.9264,8.9461,8.8588,8.8091,8.672,8.4306,8.6262,8.4345,8.5998,8.55,8.8396,9.451,9.6818,9.7776,9.5898,9.7851,9.9064,10.142,10.125,10.556,10.915,10.687,10.311,10.594,8.8492,8.7658,8.2004,8.1146,7.8214,7.7402,7.9893,7.6272,7.5969,7.7397,7.5926,7.8045,7.9769,7.819,8.1216,8.2056,9.075,9.3008,9.0631,8.6455,9.1931,9.1352,9.0393,9.2884,9.1518,8.926,9.071,9.2238,8.7198,8.8492,9.4085,9.2365,8.7733,8.6007,8.2833,8.115,8.3095,8.1631,8.0477,7.9767,7.9567,7.7917,7.8527,7.8606,8.131,8.209,8.3634,8.5736,8.6292,8.64,8.9212,8.8231,8.7971,8.8373,9.0791,9.3592,9.6086,9.6035,9.3713,9.4085
19.888,10.585,11.472,15.075,16.287,13.596,14.312,14.482,15.19,16.727,15.622,16.998,17.234,15.847,15.075,13.513,9.8748,8.3941,4.4821,9.3632,10.977,9.4705,9.0247,5.6471,7.322,7.4924,3.3426,9.4705,8.6574,14.678,14.024,10.332,11.404,12.637,13.343,12.637,13.386,11.472,10.977,10.332,11.196,9.3632,10.585,7.322,5.6471,3.3426,0.33234,2.8851,7.9666,11.976,7.9666,11.196,10.332,9.3632,11.196,8.9057,7.9666,11.472,12.481,12.637,12.374,22.952,23.281,25.606,26.221,25.451,25.817,25.817,26.364,26.148,24.339,25.013,24.757,23.255,22.179,19.417,18.056,17.996,17.952,18.461,17.72,17.442,17.322,15.622,15.647,10.977,12.035,14.986,15.723,19.298,17.83,10.574,10.421,9.911,9.4997,9.1275,9.0606,9.1996,9.1549,9.0361,8.9741,8.7946,8.7124,8.6421,8.5289,8.7357,8.6948,8.9931,9.8106,9.7697,9.6632,10.013,9.9026,10.113,10.05,10.224,10.325,10.593,10.857,10.396,10.574,9.0035,8.7708,8.4614,8.3055,7.9961,7.9399,7.8738,7.7798,7.7858,7.7857,7.7841,7.7368,7.6406,7.7948,8.4243,9.1189,9.2081,9.3803,9.1015,8.915,9.1535,8.9721,9.0612,9.241,8.9177,9.0899,8.9715,9.1158,8.6957,9.0035,9.5943,9.3454,8.9993,8.7896,8.5411,8.3506,8.4254,8.2754,8.1482,8.1261,8.1161,8.0143,8.0077,7.8902,8.21,8.2879,8.5912,8.7972,8.774,8.7926,8.8583,8.88,8.8743,8.9675,9.2042,9.5536,9.5945,9.58,9.4407,9.5943
19.908,11.571,12.232,14.979,17.283,15.242,15.318,14.273,16.055,16.758,17.561,18.096,18.252,17.037,17.17,14.581,10.18,6.9169,9.0653,10.791,9.9272,10.791,9.9272,9.9272,9.0653,5.4902,7.0872,8.2523,10.18,15.49,15.242,11.067,9.4696,13.191,13.907,13.582,12.431,12.232,12.937,11.968,11.067,11.63,12.076,9.0653,9.4696,2.9375,-4.0522,7.0872,9.4696,12.937,11.067,9.9272,10.18,11.263,12.85,9.9272,10.572,12.232,12.076,14.551,12.232,23.499,23.907,25.959,26.479,26.381,26.211,26.393,27.022,26.381,25.323,25.991,25.8,23.256,23.312,20.205,18.227,18.655,18.525,19.46,17.561,18.043,17.65,16.611,15.216,12.48,13.468,15.49,16.63,19.795,18.619,11.016,10.438,10.051,9.6894,9.5205,9.3119,9.2617,9.3065,9.2563,9.2912,9.1211,9.0124,9.009,8.7605,9.088,9.0259,9.3035,9.9151,10.357,10.163,10.253,10.161,10.52,10.63,11.163,11.217,11.122,11.013,10.914,11.016,9.1369,9.1193,8.7189,8.4054,8.4154,8.3541,8.1472,8.009,8.3995,7.9871,8.1261,8.1869,7.9718,8.1098,7.8948,9.5723,9.1599,9.464,9.5707,9.3733,9.2826,9.3459,9.393,9.4229,9.3498,9.3734,9.4865,9.2376,9.0745,9.1369,9.8342,9.5572,9.2251,9.0395,8.8184,8.6717,8.616,8.5018,8.447,8.3942,8.3853,8.3043,8.2726,8.1699,8.4753,8.5812,8.7499,9.0148,9.2087,9.2601,9.141,9.104,9.2883,9.3199,9.5813,9.7675,9.9624,9.8845,9.7833,9.8342
19.928,9.8803,9.3688,15.443,15.729,14.992,12.642,14.03,15.653,14.962,15.729,16.402,17.04,16.204,15.729,11.981,8.663,5.6527,5.6527,9.0302,9.476,10.25,9.476,8.663,9.0302,8.663,7.3276,9.3688,10.982,14.488,12.891,11.922,11.477,12.642,12.433,11.202,12.486,12.642,12.433,10.982,9.8803,10.338,9.8803,6.3585,7.9722,3.3482,0.33791,0.33791,7.3276,11.477,10.508,11.477,8.663,10.508,12.433,9.8803,9.3688,11.673,10.338,13.519,11.202,23.506,23.175,26.055,26.622,25.467,25.181,26.19,26.447,25.268,24.212,24.911,24.837,23.982,22.422,18.739,16.359,17.694,18.061,18.205,16.359,17.222,17.04,16.359,14.962,12.379,11.477,15.389,14.488,19.632,18.359,10.867,10.726,10.264,9.9714,9.625,9.6248,9.5058,9.4861,9.4813,9.4349,9.2416,9.199,9.1187,8.8737,9.0073,8.9808,9.3305,9.9756,10.211,10.346,10.095,10.065,10.355,10.625,10.564,11.106,11.146,11.064,10.81,10.867,9.5705,9.2534,9.1083,8.9924,8.709,8.4963,8.3375,8.2216,8.4094,8.2998,8.2869,8.5579,8.5071,8.2556,8.9071,8.7144,9.9506,10.08,9.9044,9.6387,9.519,9.6957,9.846,9.8507,9.9797,9.787,9.813,9.8652,9.4751,9.5705,10.055,9.7123,9.4748,9.2704,9.0946,8.9075,8.8026,8.6707,8.6473,8.6177,8.5894,8.5574,8.4549,8.3368,8.6815,8.7877,8.9979,9.2196,9.4065,9.605,9.3654,9.2837,9.5415,9.4362,9.7703,10.028,10.179,10.188,9.8789,10.055
19.948,9.0312,11.14,15.315,15.866,13.655,14.97,14.624,15.315,16.665,15.515,16.191,17.11,15.682,16.128,13.054,9.5427,6.0209,6.0209,10,9.5427,8.0621,8.6926,9.0312,9.1385,5.0518,5.0518,9.5427,10.171,14.15,13.011,10.645,11.703,12.878,13.264,11.336,11.703,11.644,11.644,10.864,10,8.3254,9.1385,9.0312,7.1603,3.0106,3.0106,6.0209,8.0621,10,7.6346,8.0621,11.336,7.6346,13.011,8.6926,8.3254,11.703,9.5427,13.692,12.505,22.305,23.329,25.471,26.191,25.429,25.736,25.087,26.298,25.8,23.644,24.083,24.403,22.842,21.959,19.832,17.243,18.116,16.665,17.243,16.274,17.635,17.435,16.128,15.315,10.645,10.171,15.159,14.713,18.681,17.868,9.954,9.688,9.1345,8.7435,8.4099,8.2939,8.4526,8.3777,8.3534,8.2967,8.1156,8.0401,8.0487,7.8927,8.1569,7.7244,8.2993,8.8742,8.8436,9.0968,9.35,9.3047,9.3927,9.6147,9.2936,9.8685,9.9798,10.036,9.7563,9.954,8.2068,8.1696,7.6395,7.5025,7.2588,7.0617,7.3086,7.0995,7.0907,7.0463,6.8724,7.0252,7.1806,7.1699,7.554,8.0624,8.4289,8.6156,8.4805,8.4666,8.5701,8.5381,8.4211,8.3827,8.4128,8.2156,8.6442,8.6658,8.1226,8.2068,8.8656,8.5731,8.2208,8.0466,7.7123,7.5573,7.7027,7.5845,7.4802,7.3901,7.4165,7.3045,7.3161,7.26,7.5696,7.5212,7.8554,7.9699,8.0654,8.1213,8.3037,8.3105,8.263,8.2732,8.4646,8.8009,9.0124,9.0222,8.7018,8.8656
19.968,9.4512,12.461,14.463,15.472,14.187,14.395,13.698,15.17,16.377,16.845,17.556,16.864,15.602,16.767,12.461,9.4512,8.3748,7.3027,9.8555,9.3439,8.3748,7.9473,7.9473,9.8555,7.9473,7.4731,9.3439,11.177,14.292,12.618,11.452,11.177,12.461,12.817,12.618,12.817,12.618,12.461,11.452,11.452,12.461,9.8555,8.6381,8.8864,4.4628,2.3542,5.3645,8.3748,10.313,9.8555,11.177,7.9473,7.4731,10.483,9.3439,9.3439,11.897,11.452,13.323,11.452,22.408,23.721,25.37,26.076,25.579,25.801,25.663,26.581,26.388,24.463,25.496,24.837,22.753,22.618,19.932,18.6,18.548,18.166,18.994,16.767,17.947,17.748,15.876,15.628,12.817,12.016,14.463,14.292,18.994,18.6,10.316,9.9059,9.309,8.965,8.5753,8.4776,8.5806,8.6412,8.5981,8.5093,8.3644,8.1991,8.3347,8.0987,8.4633,8.2749,8.7612,9.5001,9.6335,9.4451,9.5784,9.7705,9.6065,10.12,9.9907,10.01,10.482,10.525,10.247,10.316,8.5723,8.2813,8.0439,7.9027,7.6372,7.388,7.6124,7.5425,7.4407,7.4363,7.3345,7.5096,7.4709,7.4585,7.3985,7.7292,9.0426,8.7853,8.6698,8.5923,8.7079,8.9217,8.8719,9.0093,8.8763,8.7609,8.8252,8.6922,8.4524,8.5723,9.1113,8.888,8.5157,8.3192,8.0096,7.8278,7.936,7.801,7.7143,7.6614,7.684,7.5128,7.5606,7.5048,7.7739,7.9034,8.0912,8.2301,8.3215,8.3036,8.5544,8.4594,8.4586,8.6068,8.5065,8.98,9.2255,9.2794,8.9599,9.1113
19.988,9.9385,12.861,14.592,15.329,16.002,14.562,14.908,16.066,17.617,17.959,18.068,17.904,15.453,16.471,13.631,11.078,9.4809,7.0985,10.802,10.583,9.4809,9.0766,7.0985,8.6308,6.9282,5.2533,8.5118,10.802,14.088,14.99,10.109,12.243,12.243,13.119,12.443,12.243,13.119,13.631,12.087,11.274,12.243,9.9385,7.5728,8.0003,7.0985,1.9797,7.5728,10.192,9.0766,11.274,8.9694,10.109,8.9694,11.98,9.9385,9.9385,11.522,12.443,13.119,13.631,22.624,24.532,25.389,25.944,25.946,26.643,25.847,27.006,27.459,25.8,26.047,25.702,22.629,23.46,21.306,18.427,19.77,19.614,19.432,18.463,17.806,18.572,15.621,15.253,12.992,12.087,14.908,16.622,18.712,19.233,10.559,10.243,9.6429,9.2632,8.8373,8.8465,8.8758,8.8486,8.9109,8.735,8.7363,8.5472,8.5604,8.3019,8.5745,8.7226,8.7464,9.6245,9.739,9.8796,9.6229,10.024,9.9367,10.186,10.036,10.249,10.616,10.533,10.535,10.559,8.8388,8.6163,8.2307,8.1076,7.8932,7.6414,7.7669,7.5232,7.5875,7.7735,7.698,7.3891,7.6922,7.8289,7.7826,8.9122,9.049,8.9318,8.8557,8.9676,8.9426,8.8232,9.0986,8.8548,9.0747,8.9729,8.5872,8.9021,8.6878,8.8388,9.3561,9.0631,8.7112,8.5452,8.23,8.1199,8.1274,8.0234,7.9629,7.914,7.9026,7.8318,7.8059,7.6819,7.9384,8.1646,8.3381,8.5166,8.5924,8.68,8.7594,8.6653,8.6926,8.8686,8.9528,9.2936,9.4562,9.4876,9.2797,9.3561
20.008,8.5299,11.998,14.699,15.246,14.699,15.347,14.581,15.471,17.344,16.859,18.395,17.392,15.977,16.64,13.936,10.21,6.9463,6.9463,9.499,8.5299,9.0947,8.5299,8.9875,10.127,8.9875,6.9463,8.9875,8.2817,14.926,14.302,11.54,12.105,12.967,13.01,13.498,13.01,11.096,12.461,12.967,11.096,10.601,11.096,8.0184,7.5909,5.2714,-0.043398,7.1166,11.096,11.6,10.21,11.659,10.21,8.9875,10.82,11.292,8.9875,10.82,12.967,12.879,13.341,22.967,24.019,25.674,26.622,26.224,26.44,26.401,27.132,26.814,25.385,25.75,25.72,23.244,23.22,20.953,18.922,18.955,18.998,19.604,18.481,17.591,18.358,16.084,15.271,11.998,12.261,15.271,15.977,19.518,18.282,10.79,10.314,9.8712,9.5425,9.2138,9.0818,9.1391,9.1531,9.121,9.0819,8.9786,8.8815,8.7996,8.5537,8.8132,8.9864,9.2526,9.8839,10.052,10.219,9.9546,9.9112,10.221,10.586,10.556,10.866,11.175,11.098,10.69,10.79,9.0196,8.6822,8.4243,8.2398,8.0462,7.7864,7.9256,7.9912,7.9913,8.0309,7.9428,7.9722,7.8699,8.0237,7.9569,9.2242,9.1218,9.3588,9.2246,9.1462,9.0326,9.2494,9.208,9.2124,9.3213,9.3133,9.3176,9.1816,8.9549,9.0196,9.5675,9.367,9.0008,8.8168,8.5618,8.3825,8.4014,8.264,8.2038,8.1602,8.1544,8.0556,8.0344,7.9391,8.2817,8.4025,8.5617,8.7733,8.9062,8.9458,9.0134,8.8893,8.951,9.0093,9.1898,9.5122,9.7842,9.6429,9.5003,9.5675
20.028,8.6629,11.673,14.715,15.497,13.391,13.348,14.317,14.317,17.022,16.466,17.222,16.946,15.08,15.653,12.04,8.6629,9.0301,7.3275,9.8802,8.6629,9.0301,7.3275,7.4978,10.338,6.3584,5.6526,9.0301,11.477,13.518,13.993,10.591,13.216,11.477,12.379,11.673,13.216,12.842,12.642,12.04,10.591,10.591,8.6629,7.3275,7.9721,2.379,0.33782,6.3584,9.3687,10.982,8.6629,10.25,10.508,9.3687,10.338,7.3275,8.6629,11.477,10.508,12.642,12.642,22.486,23.535,25.235,26.006,25.235,26.199,25.351,26.583,26.764,24.715,25.158,24.846,22.842,22.617,20.525,18.017,18.4,17.942,18.776,17.168,17.581,17.498,14.684,15.08,12.642,11.477,15.627,15.653,18.911,18.304,11.068,10.437,10.104,9.7251,9.5731,9.1906,9.3715,9.3724,9.4614,9.3431,9.3226,9.1398,8.9568,8.9137,9.0147,9.2491,9.188,9.9976,10.178,10.256,10.195,10.361,10.276,10.865,10.904,10.686,11.251,11.211,11.001,11.068,9.2484,9.1276,8.675,8.6627,8.3762,8.2887,8.2704,8.0688,8.243,8.1464,8.1655,7.9891,8.0244,8.2195,8.3903,8.6443,9.8634,9.6537,9.5028,9.453,9.4882,9.4759,9.3906,9.5026,9.5767,9.7655,9.6764,9.3937,9.1627,9.2484,9.7972,9.5665,9.2159,9.0563,8.8096,8.6097,8.6434,8.5309,8.4345,8.349,8.3947,8.3556,8.2612,8.2219,8.4967,8.5569,8.7927,9.0532,9.121,9.1717,9.1857,9.1504,9.0679,9.2305,9.4207,9.9087,9.9718,9.9448,9.6386,9.7972
20.048,10.577,12.436,15.247,15.996,15.447,14.674,14.789,15.82,16.922,17.551,17.898,17.785,17.109,16.597,13.806,10.796,7.994,7.994,9.4746,9.8444,11.072,9.0703,8.6245,7.0922,5.4952,4.0819,10.185,10.577,13.912,13.806,11.268,11.635,13.806,14.082,12.942,12.436,13.196,12.986,12.436,11.268,12.027,10.102,8.2572,7.0922,2.9425,-1.0369,8.5055,9.4746,11.635,11.072,9.0703,9.4746,11.004,11.576,11.635,10.185,12.485,10.796,14.556,13.317,23.587,23.912,26.026,26.71,26.216,26.259,26.125,27.175,26.732,25.363,25.798,25.785,23.624,22.942,20.695,18.061,18.831,18.974,18.93,17.898,18.371,17.685,16.464,15.495,12.485,13.113,16.386,15.038,19.387,19.017,9.6738,9.269,8.8924,8.4893,8.1355,7.961,8.1539,8.1005,8.0612,8.0144,7.8277,7.7922,7.7393,7.5127,7.7572,7.5305,7.9986,8.5573,8.7943,8.8894,8.929,9.1109,9.16,9.3562,9.3269,9.6883,9.9373,9.8129,9.6694,9.6738,8.0091,7.7926,7.5708,7.2408,7.0689,6.9994,6.9834,6.8657,6.8958,6.6177,6.8618,6.7629,6.8096,6.9557,6.9256,7.7365,8.2256,8.251,8.2532,8.2464,7.9364,7.9931,8.0185,8.1489,8.0462,8.1933,8.0824,8.1985,7.7283,8.0091,8.5212,8.296,7.9455,7.7136,7.5093,7.3756,7.3301,7.2413,7.1661,7.177,7.105,6.9951,7.0097,6.9231,7.1356,7.265,7.5966,7.7298,7.8754,7.8574,7.8844,7.9402,7.9728,8.0106,8.3702,8.7473,8.7083,8.7674,8.4834,8.5212
20.068,10.483,11.648,15.627,16.178,14.658,13.697,13.967,15.055,14.186,15.418,16.333,17.197,16.864,15.471,12.865,7.9466,4.4621,7.302,8.8857,9.3432,8.6374,10.312,9.8548,9.8548,5.3638,7.4724,11.452,9.0047,15.471,12.461,11.452,9.4505,13.493,15.055,12.617,12.354,12.461,12.015,10.312,9.3432,9.8548,10.312,10.483,9.0047,3.3226,-3.6671,7.302,8.6374,9.8548,9.8548,8.6374,9.0047,11.452,12.354,9.8548,10.312,11.648,9.8548,13.493,11.648,23.53,22.984,26.421,27.198,25.495,25.537,25.81,26.572,25.189,23.6,24.186,24.712,24.056,22.003,19.211,16.767,16.767,16.864,18.441,17.214,17.668,17.62,16.586,15.602,11.896,11.956,16.864,13.576,20.251,18.292,11.385,11.226,10.651,10.206,9.8111,9.7463,9.7484,9.8429,9.8156,9.7949,9.5417,9.4816,9.3944,9.239,9.5601,9.5319,9.9985,10.617,10.364,10.716,10.682,10.673,11.026,11.056,11.267,11.743,11.563,11.883,11.496,11.385,9.6325,9.4608,9.1887,9.026,8.7965,8.508,8.5337,8.6241,8.4154,8.5518,8.3663,8.6446,8.5146,8.297,9.0536,10.117,9.9318,9.9913,10.025,9.6973,9.7305,9.9552,9.8709,9.8829,9.5556,9.8338,9.8933,9.7847,9.4749,9.6325,10.309,10.003,9.7166,9.4728,9.2833,9.1255,9.0365,8.9488,8.8612,8.8927,8.8227,8.7763,8.6818,8.5619,8.8654,9.0617,9.2779,9.4793,9.5689,9.6608,9.5632,9.5041,9.7377,9.6757,9.8961,10.081,10.399,10.437,10.12,10.309
20.088,7.974,9.8821,14.964,16.206,13.218,14.319,14.214,15.309,15.629,16.228,17.5,17.042,15.927,16.295,13.603,8.6648,7.4997,7.974,8.913,9.8821,9.8821,9.032,8.6648,8.6648,5.3912,7.4997,9.4778,9.3706,13.995,13.603,10.593,11.479,11.983,12.644,11.479,12.644,10.984,12.892,12.042,11.479,10.984,10.51,6.3603,5.6545,4.4894,4.4894,3.35,11.203,9.3706,9.8821,10.984,9.032,8.6648,11.479,10.252,9.8821,11.479,10.34,13.881,12.644,22.912,23.423,25.522,25.979,25.562,26.057,25.629,26.474,26.073,24.489,25.079,24.876,22.725,22.187,19.478,18.469,18.319,17.5,18.741,17.5,17.837,17.944,16.468,16.022,13.262,13.35,14.489,15.73,19.371,18.193,10.148,9.8955,9.2966,8.9285,8.5736,8.4762,8.6946,8.6961,8.6109,8.4404,8.3474,8.2223,8.1731,8.1031,8.1161,8.1843,8.4327,9.2073,9.4182,9.5461,9.494,9.4567,9.6728,9.7743,9.8254,10.219,10.334,10.351,10.24,10.148,8.4452,8.1964,7.843,7.8641,7.5556,7.3423,7.5631,7.361,7.2567,7.2853,7.2806,7.2272,7.6274,7.4433,7.6248,8.1493,8.9401,8.9103,8.4183,8.8009,8.6232,8.9079,8.7269,8.7402,8.7456,8.8064,8.7429,8.6064,8.4209,8.4452,9.0592,8.8052,8.4445,8.2312,7.9124,7.8066,7.9235,7.7485,7.6817,7.5696,7.6117,7.4976,7.4778,7.4713,7.7148,7.7274,7.9172,8.2155,8.328,8.351,8.4551,8.504,8.4611,8.4829,8.5274,8.9169,9.071,9.1835,8.9403,9.0592
20.108,7.5942,11.099,13.939,14.306,14.337,13.615,13.834,14.584,16.79,16.355,17.348,16.95,15.275,14.673,12.464,8.285,8.5332,5.0114,8.6522,9.9599,9.9599,8.285,4.1097,7.5942,7.12,4.1097,8.0217,8.6522,14.584,12.513,11.099,10.13,11.295,12.464,11.295,12.882,11.295,11.603,12.264,11.032,10.824,6.9496,8.6522,6.9496,-0.040081,-0.040081,5.5229,7.5942,8.6522,9.9599,9.9599,9.5023,8.0217,8.9908,11.603,8.285,11.099,11.099,12.513,13.141,22.517,23.248,24.929,25.76,24.971,25.438,25.43,26.238,25.981,24.179,24.661,24.533,22.34,22.098,19.254,17.12,17.813,17.564,17.94,17.639,17.268,16.95,15.474,14.702,12.464,11.295,15.275,15.275,18.836,18.195,10.331,10.029,9.3953,9.1427,8.8513,8.6076,8.7343,8.6962,8.7105,8.5538,8.5114,8.3509,8.2664,8.1324,8.3368,8.4628,8.5203,9.1181,9.5508,9.5284,9.4827,9.3983,9.9485,9.9441,9.964,10.171,10.572,10.219,10.138,10.331,8.4414,8.5083,8.2059,7.9692,7.6962,7.6863,7.6765,7.6033,7.6304,7.4524,7.2882,7.5862,7.3081,7.3603,7.4272,8.6013,8.8101,8.9358,8.9207,8.831,8.718,8.6431,8.8519,8.9188,8.7688,8.6278,8.7423,8.6293,8.43,8.4414,9.3092,9.0166,8.6866,8.4785,8.1834,8.0285,8.1234,7.9802,7.8926,7.8372,7.8466,7.7097,7.732,7.6549,7.9631,7.9864,8.2446,8.4178,8.4646,8.6077,8.6153,8.5681,8.5658,8.728,8.8728,9.1054,9.4833,9.386,9.1855,9.3092
20.128,11.072,11.635,15.495,15.887,14.556,13.771,14.902,16.763,16.763,16.464,18.061,17.898,16.464,16.387,13.587,9.9324,9.0705,8.2574,9.0705,10.185,9.0705,10.577,6.9221,7.5666,5.953,6.9221,11.268,9.9324,15.323,14.082,11.635,10.577,12.855,14.082,11.635,13.587,11.974,12.437,12.081,12.485,11.072,8.5057,7.5666,8.6247,5.953,-0.067647,5.953,8.2574,11.072,8.6247,10.577,11.072,9.9324,11.635,11.072,8.9633,11.635,11.268,13.625,12.943,23.572,23.866,26.161,26.752,25.996,26.305,26.111,27.258,26.938,24.946,25.744,25.677,23.625,23.317,20.901,18.613,19.07,19.426,19.07,17.898,18.809,17.786,15.953,16.06,13.113,11.974,16.387,15.323,19.308,19.397,10.728,10.276,9.8151,9.4022,9.1096,9.0059,9.1294,8.9415,9.0432,8.9994,8.9233,8.7763,8.6538,8.4437,8.7093,8.8098,8.8999,9.6571,9.9244,10.151,9.8207,9.9524,10.17,10.413,10.309,10.468,10.846,10.929,10.614,10.728,8.9423,8.9489,8.3109,8.344,8.0097,7.9919,7.7,7.7037,7.808,7.9278,7.7502,7.7833,7.955,7.4821,8.3328,8.8851,9.4373,8.9855,9.0265,9.2247,9.2069,8.7176,9.2874,9.0775,9.1984,8.9097,9.1634,9.0101,8.7294,8.9423,9.491,9.2326,8.9071,8.7358,8.5307,8.3475,8.3149,8.1674,8.1472,8.0921,8.1144,7.9983,7.9813,7.8536,8.1638,8.3365,8.5784,8.6627,8.7784,8.9497,8.9453,8.8392,9.0299,9.0193,9.1745,9.4719,9.6662,9.6447,9.4411,9.491
20.148,9.5211,10.66,14.378,16.37,14.378,15.203,14.145,14.49,16.423,16.698,17.583,17.821,16.205,16.224,12.531,8.552,9.5211,8.2134,9.6914,9.6914,8.2134,9.5211,7.8461,8.2134,6.5108,3.6708,10.856,9.0635,14.234,13.176,11.669,12.531,11.669,14.145,13.359,14.145,12.399,11.826,12.531,9.5211,10.66,11.165,9.5211,9.6914,2.5314,-0.47895,6.5108,6.6811,9.0635,10.166,11.826,9.6914,8.552,10.856,8.6592,9.4333,13.899,8.6592,13.671,12.444,23.283,23.714,25.86,26.479,25.604,26.186,25.831,26.669,26.103,24.364,24.836,25.314,23.206,22.837,19.691,18.815,18.046,17.65,18.595,17.185,17.542,18.154,16.423,16.205,12.702,11.826,15.916,15.712,19.433,18.486,10.87,10.596,10.031,9.6366,9.2423,9.1813,9.2716,9.3252,9.3534,9.1453,9.0546,8.8364,8.8439,8.7309,8.9208,8.9513,9.1236,10.067,9.9496,10.191,10.404,10.089,10.48,10.411,10.285,10.865,11.158,11.086,10.78,10.87,9.2335,9.0519,8.8078,8.543,8.2714,7.9998,8.264,8.1996,8.0636,8.1345,8.046,7.9257,7.9976,8.124,8.0355,9.3935,9.5024,9.6288,9.5403,9.4106,9.3596,9.5628,9.4743,9.4802,9.4016,9.2995,9.5232,9.5485,9.1801,9.2335,9.7696,9.5635,9.1871,8.9622,8.6839,8.4892,8.598,8.4576,8.3799,8.3288,8.2741,8.1234,8.1797,8.0898,8.3868,8.452,8.7148,8.867,8.9551,9.0731,9.1034,9.1188,9.1267,9.1476,9.3698,9.5301,9.8313,9.9188,9.5855,9.7696
20.168,7.3043,9.3455,13.237,15.172,14.692,15.057,13.578,15.028,17.163,17.424,17.949,16.866,14.939,16.335,12.867,8.6397,7.4746,7.4746,7.4746,8.3764,8.8879,7.9489,6.3352,7.4746,8.6397,6.3352,9.0069,10.568,13.699,14.294,10.485,11.65,12.356,11.65,11.454,13.495,11.178,11.65,12.867,12.356,12.463,9.4528,7.4746,6.3352,0.31461,-3.6648,6.3352,8.6397,10.315,9.4528,7.9489,9.857,8.6397,11.454,10.485,9.3455,11.958,12.017,12.463,13.325,22.162,23.432,24.736,25.463,25.542,26.18,25.733,26.613,26.952,25.194,25.683,24.599,22.274,23.042,20.358,17.994,18.64,18.336,18.168,17.424,17.622,17.145,13.969,14.939,13.193,12.463,15.604,16.378,18.168,18.995,11.39,10.797,10.346,9.9717,9.6508,9.3475,9.5507,9.5347,9.5706,9.5038,9.3953,9.2495,9.1125,9.0665,9.259,9.2066,9.5197,9.7811,10.437,10.505,10.376,10.652,10.581,10.971,10.89,10.979,11.337,11.55,11.205,11.39,9.3236,9.0748,8.7967,8.6722,8.4496,8.3172,8.404,8.357,8.3744,8.1732,8.4043,8.203,8.0885,8.0115,8.5957,10.429,9.7639,9.7813,9.6831,9.5131,9.8029,9.5429,9.5603,9.7284,9.6001,9.5232,9.4268,9.4191,9.2723,9.3236,10.033,9.7341,9.4219,9.2349,8.9481,8.796,8.8285,8.7076,8.5928,8.5772,8.5656,8.4686,8.4168,8.3775,8.6343,8.7828,9.0416,9.189,9.2912,9.411,9.4124,9.3526,9.3061,9.4371,9.7233,10.01,10.1,10.204,9.8818,10.033
20.188,10.572,10.963,15.477,15.833,14.011,13.329,13.582,15.608,15.031,15.906,17.428,16.851,16.207,15.882,12.623,10.319,5.6334,7.4786,9.3495,9.4567,9.3495,9.3495,9.4567,7.9529,5.6334,7.9529,10.489,10.572,14.943,13.197,9.861,9.0109,12.021,13.372,10.319,12.467,11.962,13.329,11.458,10.572,10.489,9.3495,7.4786,8.3804,2.3598,-3.6608,3.3289,8.8919,9.3495,9.4567,10.319,10.572,9.4567,11.458,11.962,8.3804,10.319,9.861,13.973,12.467,23.385,23.197,26.166,26.584,25.608,25.329,25.872,26.699,25.37,24.081,24.512,24.952,23.553,22.623,19.011,17.983,17.308,17.203,18.644,17.021,18.042,16.773,16.339,16.001,12.823,12.36,15.709,15.37,19.603,18.434,9.8411,9.5253,9.0174,8.4664,8.2822,8.266,8.3307,8.2336,8.2455,8.1444,8.0458,7.9117,7.9234,7.6644,7.9912,7.8427,8.5176,9.0418,9.0945,9.092,9.3108,9.2391,9.4579,9.5141,9.4605,9.8967,9.8662,10.128,9.6952,9.8411,8.0514,7.9223,7.6365,7.6156,7.2302,7.0551,7.0854,7.0165,6.997,7.094,6.8892,7.1226,7.1031,7.0148,7.5144,8.0141,8.0501,8.228,8.4059,8.3313,8.2981,8.3776,8.4808,8.2087,8.2253,8.2983,8.1545,8.0486,7.8216,8.0514,8.7648,8.5689,8.2024,7.9324,7.7311,7.5946,7.5709,7.4699,7.3674,7.3672,7.3157,7.2639,7.27,7.1894,7.4745,7.4744,7.743,7.9878,8.0271,8.1264,8.2189,8.1267,8.1571,8.1855,8.3175,8.7378,8.9422,8.9831,8.7565,8.7648
20.208,8.498,11.064,14.27,15.24,15.03,14.519,14.579,16.32,17.034,17.167,17.604,18.211,16.379,16.59,14.549,8.617,8.498,4.9762,7.0848,10.788,9.837,7.559,8.2498,10.178,8.617,6.9144,10.095,11.064,14.007,14.074,12.229,10.997,12.847,13.105,15.24,13.58,13.105,12.229,13.58,11.568,12.229,11.568,7.0848,9.0629,5.9453,4.0745,7.9865,10.178,11.568,9.4671,9.9247,11.064,8.2498,11.26,10.095,9.4671,12.02,10.095,14.782,13.105,23.38,23.799,25.999,26.883,25.956,26.629,26.17,27.085,27.128,25.131,26.093,25.4,23.598,23.369,20.956,18.054,19.3,18.326,18.363,17.904,18.558,18.159,15.607,15.512,13.188,11.26,15.24,14.667,19.72,19.126,10.148,9.6832,9.2102,8.8433,8.5677,8.369,8.529,8.4654,8.4957,8.4028,8.2777,8.2348,8.1061,7.9448,8.0922,8.1173,8.5388,9.1254,9.5147,9.4227,9.3146,9.5207,9.4575,9.782,9.9252,10.033,10.281,10.155,10.081,10.148,8.4631,8.125,7.8636,7.7996,7.5595,7.46,7.4061,7.2654,7.4613,7.246,7.2667,7.4408,7.4087,7.4554,7.547,8.5902,8.9168,8.9337,8.8207,8.5963,8.5148,8.6616,8.6744,8.903,8.594,8.5989,8.6593,8.5953,8.3815,8.4631,8.9807,8.7411,8.3952,8.1783,8.0118,7.7986,7.8148,7.7,7.5966,7.597,7.5675,7.5144,7.4876,7.3704,7.6493,7.7193,7.9727,8.1781,8.345,8.3168,8.3832,8.2547,8.3198,8.4143,8.6122,8.8788,9.0858,9.0806,8.9276,8.9807
20.228,10.518,10.265,14.889,15.779,14.244,14.414,13.187,15.579,15.234,15.554,16.719,16.93,16.392,15.947,13.649,9.807,4.4143,4.4143,8.5896,8.8379,7.2542,7.8988,8.9569,9.807,4.4143,5.5793,8.9569,10.265,14.889,13.957,11.967,8.9569,13.143,13.445,12.569,11.404,11.404,11.908,11.404,9.4027,9.2954,10.909,9.4027,8.8379,5.316,3.2748,5.316,9.2954,9.807,8.9569,7.2542,9.4027,10.177,11.967,6.2851,8.9569,11.128,9.2954,13.957,12.769,23.169,23.416,26.224,26.603,25.489,25.572,25.541,26.507,25.499,24.272,24.689,25.242,23.552,22.306,19.163,17.899,17.441,16.816,18.551,16.719,18.017,17.441,16.719,15.655,12.569,13.143,16.285,15.316,19.758,17.988,10.457,9.9126,9.533,9.1861,8.9122,8.7888,8.8762,8.774,8.8044,8.7343,8.6029,8.3866,8.3771,8.2527,8.5218,8.3732,8.8554,9.4619,9.626,9.6921,9.6551,9.7148,9.7756,10.084,10.171,10.434,10.631,10.617,10.355,10.457,8.781,8.5393,8.0957,8.0239,7.9029,7.6137,7.7627,7.6136,7.6742,7.6676,7.6371,7.4542,7.5068,7.3759,7.9196,8.7852,9.0072,9.2292,8.9876,9.2329,8.968,9.2593,9.1283,9.0518,9.1087,9.0237,9.0379,9.0274,8.6614,8.781,9.2318,8.9878,8.6802,8.4692,8.2011,8.0193,8.066,7.9215,7.8025,7.8574,7.8038,7.6523,7.6911,7.6161,7.8839,7.9779,8.2003,8.4306,8.3959,8.6195,8.6006,8.5896,8.6814,8.6404,8.8133,9.158,9.3351,9.4156,9.0896,9.2318
20.248,9.4878,12.041,14.291,16.136,14.569,14.688,14.599,16.073,16.794,17.055,18.626,17.055,16.34,17.188,13.925,9.0835,8.9763,6.9351,9.9454,10.198,9.4878,9.8576,7.5796,8.2705,8.5187,7.5796,9.9454,9.9454,14.569,14.323,11.589,10.116,10.59,13.6,11.987,12.498,11.648,12.999,11.589,12.823,11.085,11.648,9.0835,8.5187,6.9351,-1.0237,5.5084,11.529,11.085,10.59,10.116,9.8576,10.59,11.281,11.085,9.0835,11.987,11.589,13.638,12.999,23.033,24.405,26.567,26.767,26.326,26.65,26.372,27.277,26.435,24.901,25.854,25.834,23.362,23.262,20.351,18.245,18.579,19.084,19.813,17.925,18.519,18.074,15.9,14.997,11.648,12.956,14.803,16.935,19.229,18.531,10.694,10.209,9.8008,9.2943,9.0166,8.9447,9.0333,9.0175,9.0652,8.9642,8.849,8.6373,8.7029,8.4334,8.6902,8.5959,8.8649,9.8086,9.929,10.131,9.9239,10.082,10.324,10.296,10.377,10.619,10.836,10.814,10.568,10.694,8.9208,8.5315,8.5111,8.2832,8.114,7.886,7.8147,7.8516,7.9506,7.7143,7.9779,7.7907,8.0724,7.9551,7.8691,9.07,8.8421,9.3996,9.296,9.3242,9.3037,9.2732,9.4258,9.0623,9.2504,9.2575,9.3826,9.1176,9.0511,8.9208,9.5084,9.2366,8.9054,8.7048,8.4455,8.2948,8.295,8.1421,8.0873,8.0743,8.0451,7.9528,7.9155,7.8402,8.0709,8.3278,8.3933,8.7062,8.7384,8.8965,8.8498,8.7498,8.7941,8.9621,9.2246,9.4786,9.6411,9.6354,9.4545,9.5084
20.268,10.14,11.47,15.569,16.341,14.629,14.037,14.233,16.282,15.907,17.13,17.521,17.853,16.438,15.951,13.866,11.026,8.2119,7.5211,10.75,8.5792,10.75,9.4293,8.4602,9.025,9.4293,5.2016,10.14,11.026,14.037,13.428,10.531,11.53,12.765,14.938,13.15,13.866,12.94,11.47,11.222,11.53,12.191,10.14,6.8765,9.025,2.8971,-1.0823,8.9177,8.5792,11.589,8.5792,11.589,10.531,9.8868,13.579,11.53,10.531,12.191,11.026,13.428,13.542,23.707,23.986,26.306,26.974,26.13,26.08,26.252,27.047,26.37,25.09,25.643,25.557,23.519,23.038,20.205,18.661,18.797,18.579,19.42,18.52,17.639,18.173,16.419,17.13,12.191,12.765,15.569,15.176,20.531,18.785,10.823,10.39,9.9362,9.6371,9.3135,9.2499,9.0735,9.1672,9.1616,9.1917,9.0519,8.8779,8.7493,8.6272,8.836,8.8782,9.0923,9.8824,10.017,10.118,9.888,10.106,10.272,10.228,10.426,10.837,10.944,10.801,10.646,10.823,9.1607,8.9223,8.7141,8.452,8.1919,8.1606,8.166,8.049,8.0773,8.0423,8.1076,8.2461,7.893,8.2092,8.4249,8.6719,9.5624,9.6442,9.4276,9.2109,9.3245,9.3476,9.3696,9.4922,9.4369,9.242,9.3535,9.3379,9.0635,9.1607,9.717,9.4497,9.1493,8.9299,8.7198,8.5335,8.503,8.3875,8.3169,8.3208,8.2633,8.1733,8.1318,8.0559,8.4071,8.5089,8.6465,8.8458,8.9269,9.0896,9.0163,8.9036,9.0631,9.1793,9.3497,9.7245,9.7752,9.7208,9.5685,9.717
20.288,10.571,10.18,15.085,15.815,13.311,13.19,13.582,15.609,15.99,15.241,15.947,16.478,16.381,15.241,11.968,9.4691,8.619,5.2414,10.18,9.0648,8.619,8.2517,9.0648,8.619,6.9164,8.2517,10.571,10.18,14.784,13.906,9.4691,8.9576,12.431,13.311,12.431,12.231,11.629,12.231,11.066,11.066,9.9267,9.9267,10.571,8.2517,4.0764,-1.0424,4.0764,7.5609,8.9576,6.9164,8.619,10.097,8.2517,11.066,9.9267,8.9576,11.57,9.9267,13.906,12.431,22.993,23.107,25.826,26.699,25.13,25.295,25.277,26.211,25.241,23.371,23.934,24.472,23.371,21.751,19.421,17.546,17.906,16.811,17.78,17.087,17.561,17.283,16.629,14.076,10.571,11.066,14.58,15.609,19.128,17.561,11.007,10.761,10.229,9.8295,9.5596,9.4032,9.3623,9.3255,9.3811,9.2609,9.1945,8.9847,8.9557,8.8417,8.9435,8.9422,9.286,10.008,10.127,10.151,10.284,10.221,10.507,10.64,10.474,10.729,11.236,11.195,10.789,11.007,9.3373,9.1288,9.0153,8.7421,8.5983,8.3979,8.243,7.9809,8.2574,8.3018,8.2176,8.151,8.3474,7.979,8.1136,9.6733,9.2674,9.6368,9.5114,9.4828,9.251,9.4051,9.5396,9.4517,9.3676,9.4809,9.3772,9.5275,9.1392,9.3373,9.9836,9.6883,9.4094,9.1564,8.9332,8.7714,8.7095,8.5882,8.5632,8.5411,8.4839,8.4391,8.3521,8.3051,8.6348,8.6785,8.9846,9.1681,9.2966,9.3521,9.3663,9.335,9.4848,9.3646,9.7006,10.012,10.053,10.13,9.8963,9.9836
20.308,9.3326,10.946,15.044,14.926,14.647,14.176,13.18,15.865,15.617,15.889,17.411,17.291,16.19,15.816,13.312,10.555,5.6165,7.2914,9.8442,10.302,8.994,9.3326,7.2914,9.3326,5.3532,7.2914,9.4399,10.946,14.647,13.565,10.472,10.302,12.004,12.397,13.224,12.854,10.302,11.885,11.945,10.555,11.165,10.555,7.4618,5.8648,7.2914,2.3429,6.3223,10.555,10.555,10.472,10.555,10.555,10.472,10.555,8.994,9.4399,11.441,10.302,13.224,11.945,22.777,23.482,25.87,26.586,25.431,25.972,25.617,26.586,25.991,24.705,24.97,24.92,23.39,22.717,19.3,18.155,17.921,17.936,18.875,16.853,17.737,17.462,16.257,15.617,12.606,12.004,15.692,15.816,19.212,17.981,9.7588,9.4819,9.0335,8.5575,8.1776,8.1137,8.3534,8.2317,8.2585,8.0645,7.9614,7.8607,7.8298,7.8031,7.9536,7.8719,8.4058,8.728,8.8316,9.0771,9.0241,9.1045,9.3499,9.3116,9.5571,9.4809,10.017,10.093,9.7149,9.7588,8.0727,7.8382,7.525,7.4001,7.1101,7.1419,7.1736,7.0255,7.0943,6.9526,6.8502,6.9292,6.9489,6.8563,7.2098,7.847,8.0207,8.3307,8.2695,8.0604,8.2461,8.1849,8.3706,8.1615,8.2134,7.9779,8.3177,8.1521,8.004,8.0727,8.7089,8.5124,8.1482,7.9067,7.621,7.5063,7.5624,7.4573,7.3074,7.2974,7.2952,7.174,7.1769,7.1741,7.4982,7.4734,7.7267,7.8603,7.992,8.1158,8.1233,8.1551,8.2194,8.0936,8.3103,8.7341,8.7787,8.9114,8.6113,8.7089
20.328,8.9678,10.275,14.425,14.653,13.968,12.828,14.255,15.863,16.296,16.67,16.73,17.452,15.957,15.666,12.78,9.8179,7.2651,7.9097,9.3063,7.2651,7.9097,8.6005,8.3372,9.8179,5.5902,6.296,9.4136,10.529,13.968,13.153,10.446,10.529,12.78,13.153,12.828,12.317,12.424,11.415,12.78,12.424,11.415,11.415,10.275,8.6005,4.4252,2.3166,4.4252,8.6005,9.3063,10.275,10.275,10.529,11.139,11.611,9.3063,10.275,12.424,10.529,13.539,11.611,22.933,23.563,25.59,26.468,25.633,25.58,26.164,26.656,25.829,24.096,25.096,25.209,23.628,22.234,19.74,17.385,18.255,17.999,18.763,17.385,17.435,17.177,16.827,15.838,12.58,10.92,15.133,15.957,19.414,18.444,10.113,9.7491,9.2846,8.9159,8.5662,8.4923,8.5777,8.6119,8.5029,8.4541,8.3074,8.171,8.1966,8.0022,8.1834,8.2219,8.3453,9.3129,9.1978,9.1793,9.5034,9.1696,9.5117,9.777,9.6555,10.024,10.4,10.369,10.09,10.113,8.347,8.1555,7.8315,7.7505,7.5234,7.251,7.4109,7.294,7.3139,7.3789,7.262,7.2424,7.3781,7.2087,7.2793,7.9896,8.7,8.7705,8.4213,8.4706,8.34,8.4327,8.5292,8.4111,8.3573,8.4065,8.2447,8.3687,8.0962,8.347,9.0012,8.7361,8.3877,8.1967,7.9257,7.7341,7.7999,7.6642,7.5753,7.563,7.5626,7.4029,7.4367,7.3421,7.7042,7.7268,8.0307,8.2239,8.2407,8.2659,8.3366,8.2761,8.2733,8.4037,8.5326,8.7564,9.1239,9.1079,8.9374,9.0012
20.348,7.0855,11.065,15.316,15.24,14.271,13.58,13.764,15.513,16.053,15.814,17.102,16.915,16.81,15.24,12.936,6.9152,7.0855,7.5598,8.6178,10.096,9.9255,7.0855,6.9152,8.6178,7.0855,6.9152,11.065,9.9255,13.467,14.075,11.569,11.628,11.569,13.189,11.569,11.628,11.261,12.478,11.065,9.8378,9.4679,10.789,8.9564,7.5598,1.9667,4.0752,5.9461,7.5598,10.998,9.0636,10.179,8.9564,10.096,12.478,7.5598,8.2506,10.179,10.096,13.58,12.979,22.804,22.875,25.442,25.933,25.108,25.24,25.147,26.29,25.682,24.145,24.486,24.325,23.114,21.818,19.22,17.035,17.779,17.56,17.779,17.086,17.793,17.102,16.534,15.489,12.43,11.569,15.88,14.579,18.924,18.16,10.126,10.003,9.3925,9.1346,8.6209,8.5644,8.7774,8.638,8.6046,8.6197,8.3901,8.2812,8.3204,8.1423,8.169,8.4787,8.626,9.4026,9.4504,9.621,9.3735,9.6277,9.4912,9.6063,9.8372,9.9845,10.17,10.386,9.9856,10.126,8.5538,8.4948,8.0485,7.8763,7.5431,7.4841,7.6415,7.6075,7.4103,7.4239,7.493,7.6133,7.773,7.6035,7.7313,8.4614,9.1185,8.9246,9.0768,8.7134,8.8497,8.7824,8.6541,8.9205,8.751,8.6338,8.9044,8.5709,8.5013,8.5538,9.2153,8.9349,8.5898,8.3965,8.1731,8.0018,8.061,7.9151,7.8341,7.7868,7.8148,7.6871,7.7035,7.6172,7.9019,7.9849,8.179,8.4332,8.521,8.5283,8.6563,8.5504,8.5814,8.7943,8.7898,9.134,9.3905,9.4366,9.1423,9.2153
20.368,7.1275,11.611,14.117,15.019,14.117,13.622,13.509,15.282,15.282,16.798,16.869,17.144,15.649,15.833,12.116,9.5099,6.9571,5.5305,8.2925,10.22,9.9674,8.6598,7.6017,9.1056,5.2822,7.1275,8.2925,11.107,14.345,13.509,10.612,8.9983,11.611,12.272,10.138,12.116,11.67,10.612,12.272,10.831,11.107,9.5099,5.5305,7.1275,-0.03256,-0.03256,5.2822,10.138,8.9983,8.9983,8.2925,8.6598,8.9983,10.831,9.8797,8.2925,12.472,11.107,13.509,11.611,22.442,23.098,25.126,25.833,25.244,25.358,25.192,26.158,25.638,23.985,24.573,24.313,22.625,22.184,19.461,18.097,18.293,17.646,17.988,16.633,18.097,17.403,16.095,14.825,12.472,11.67,14.621,14.591,18.648,17.72,10.707,10.311,9.6609,9.2965,8.932,8.9037,9.0506,9.0269,9.0018,8.8768,8.7709,8.6626,8.602,8.4762,8.6772,8.7213,8.876,9.6363,10.01,9.8094,9.9207,9.9188,9.9915,10.094,10.283,10.459,10.734,10.842,10.592,10.707,8.7235,8.5401,8.193,8.1588,7.938,7.7825,7.8162,7.8138,7.7335,7.6193,7.5922,7.5474,7.7689,7.7242,8.5337,9.0769,8.9115,9.1117,8.9939,8.8937,8.7283,8.8963,8.9526,9.1229,8.7901,8.7929,8.8644,8.7246,8.5403,8.7235,9.473,9.2338,8.8608,8.6413,8.4326,8.2298,8.3312,8.2165,8.079,8.0662,8.0627,7.9152,7.915,7.9302,8.1877,8.3145,8.5062,8.7315,8.7437,8.8049,9.0165,8.9508,8.9448,8.8285,9.0759,9.2451,9.6125,9.6638,9.412,9.473
20.388,9.0699,11.575,12.985,14.674,14.082,13.624,14.556,15.091,15.82,16.06,16.597,16.921,15.247,16.205,12.942,8.6241,5.2466,8.6241,9.4742,9.4742,7.566,9.0699,7.0918,8.6241,5.9524,7.566,8.5051,10.102,13.911,13.587,9.844,10.795,11.267,13.473,11.071,12.854,10.185,11.575,12.236,10.185,11.071,11.071,7.0918,6.9215,1.973,1.973,5.4948,8.6241,11.071,7.566,4.9833,9.0699,10.576,11.071,10.102,7.0918,11.071,10.102,13.316,11.634,21.973,23.26,24.994,25.64,24.986,25.784,25.198,26.376,26.131,24.187,24.603,24.775,22.236,21.978,19.337,18.37,17.799,17.655,18.624,17.429,16.616,17.551,14.901,15.247,13.911,12.08,15.798,14.901,18.808,17.536,10.847,10.446,9.9655,9.538,9.2932,9.2089,9.1699,9.2106,9.3139,9.1465,9.0452,8.9508,8.9007,8.6879,8.9549,8.8249,9.047,9.759,10.093,10.081,9.8695,10.207,10.141,10.411,10.744,10.65,10.902,10.946,10.775,10.847,9.1458,8.8328,8.4561,8.4122,8.132,8.034,8.09,8.0159,8.0756,7.6517,7.9739,8.0044,7.8509,7.9679,8.389,8.952,9.5151,9.4579,9.3366,9.2285,9.4111,9.2994,9.3712,9.405,9.1096,9.2821,9.1286,9.228,8.9115,9.1458,9.6572,9.4332,9.0418,8.8636,8.6432,8.4887,8.466,8.3546,8.324,8.2296,8.2569,8.2038,8.158,8.1063,8.4128,8.424,8.7281,8.8916,9.0016,9.1158,8.9731,8.9951,9.0694,9.1383,9.3251,9.6082,9.7644,9.7947,9.6116,9.6572
20.408,9.3528,11.186,13.977,15.713,14.404,13.332,13.2,15.291,16.45,16.854,17.024,17.63,15.611,16.386,12.875,9.8643,7.3116,7.3116,8.647,10.322,9.8643,9.0142,7.4819,8.647,7.4819,5.6367,7.3116,9.3528,14.946,13.2,12.363,10.966,12.025,13.706,10.966,11.657,13.2,12.363,11.461,9.46,9.8643,10.322,9.46,7.9562,5.3734,3.3322,7.4819,9.8643,10.575,9.3528,9.46,10.234,9.0142,12.025,10.322,10.322,11.657,10.322,13.977,13.375,22.762,23.128,25.72,26.004,25.335,25.409,25.486,26.439,26.237,24.329,25.277,24.734,23.177,22.601,20.365,18.288,18.621,18.451,18.451,17.224,17.956,17.206,15.836,15.836,13.332,12.025,15.836,15.611,19.049,17.941,11.1,10.731,10.121,9.7297,9.4383,9.2995,9.528,9.5214,9.4576,9.3881,9.1938,9.1228,9.1137,8.8753,9.158,9.0193,9.4861,10.133,10.393,10.357,10.038,10.056,10.671,10.484,10.788,10.992,11.24,11.281,10.88,11.1,9.3608,9.2349,8.7862,8.7035,8.5835,8.239,8.1522,8.0397,8.2768,8.0541,8.1981,8.4527,8.2125,8.2733,8.4692,8.7238,9.4246,9.7347,9.4823,9.4586,9.4607,9.3624,9.7736,9.5646,9.3789,9.3118,9.3477,9.5372,9.0652,9.3608,9.968,9.6971,9.3582,9.1038,8.8882,8.7332,8.7174,8.6229,8.5085,8.4823,8.4877,8.3792,8.3917,8.3326,8.6263,8.7537,8.9876,9.1303,9.1866,9.2562,9.3226,9.2754,9.2149,9.3501,9.5222,9.8039,9.9993,9.9665,9.7501,9.968
20.428,6.9252,10.189,13.809,15.094,13.59,12.814,12.946,14.018,15.45,16.126,16.766,16.925,14.987,15.618,13.199,8.6278,8.2606,9.4779,9.0736,8.5088,7.9973,8.9664,7.5698,9.0736,6.9252,2.9458,7.9973,10.189,13.628,13.59,11.008,11.638,12.084,12.946,12.084,13.477,13.116,11.977,11.075,11.075,9.9355,7.0955,5.9561,7.5698,-0.064497,2.9458,5.2503,10.189,11.075,8.5088,7.9973,10.189,10.189,10.799,9.8478,10.106,11.075,10.189,11.977,11.008,21.939,23.023,25.011,25.643,25.472,25.225,25.566,26.322,25.868,24.604,24.813,24.568,22.607,22.025,19.936,16.925,18.222,17.614,18.509,16.82,17.178,17.096,16.33,15.89,11.977,11.519,14.313,14.793,18.222,18.051,11.207,10.944,10.401,10.074,9.6776,9.5646,9.8054,9.6791,9.7795,9.6238,9.5606,9.3536,9.3691,9.0776,9.3018,9.2886,9.5724,10.308,10.535,10.519,10.393,10.588,10.545,10.688,10.673,11.01,11.206,11.357,11.15,11.207,9.5548,9.5303,9.065,8.8441,8.6858,8.6734,8.6147,8.5495,8.5573,8.5096,8.4444,8.4522,8.387,8.2562,8.9351,9.389,9.9081,9.9806,9.8031,9.8798,9.6902,9.7789,9.8181,9.8162,9.7173,9.7251,9.8573,9.6556,9.4226,9.5548,10.199,9.9544,9.6261,9.3552,9.0734,8.9434,9.0209,8.898,8.7951,8.7326,8.7729,8.641,8.5634,8.5372,8.7864,8.9665,9.1194,9.3298,9.4967,9.5482,9.6445,9.5458,9.5938,9.6343,9.8478,10.132,10.301,10.313,10.105,10.199
20.448,7.9413,10.477,15.02,13.692,13.848,14.181,13.962,14.653,16.581,17.297,16.435,16.991,16.262,16.435,12.455,9.4452,7.2967,6.3276,8.9993,8.6321,9.8494,8.9993,7.2967,9.3379,5.6218,4.4567,8.9993,10.56,13.962,13.692,10.56,11.446,11.951,12.811,11.171,11.951,11.446,11.891,11.642,10.952,10.952,10.952,8.6321,5.3585,3.3173,5.6218,9.3379,10.307,8.8803,9.4452,9.3379,9.8494,10.307,10.219,8.6321,8.6321,11.379,10.477,12.612,12.01,22.26,23.595,25.204,26.244,25.426,25.894,25.698,26.761,26.581,24.633,25.204,24.816,22.193,22.884,19.801,17.742,18.999,18.436,18.632,18.16,17.695,17.695,14.931,13.999,12.348,12.612,15.359,15.466,18.632,18.988,11.389,11.094,10.619,10.178,9.8412,9.753,9.955,9.9783,9.8327,9.8189,9.6755,9.5406,9.5908,9.1968,9.5482,9.436,10.14,10.35,10.725,10.692,10.799,10.843,10.754,11.105,11.212,11.147,11.397,11.627,11.388,11.389,9.7647,9.599,9.3287,9.2829,8.6372,8.7275,8.852,8.7985,8.8657,8.8235,8.6701,8.4679,8.94,8.5172,8.8031,9.4875,10.018,10.162,9.9845,9.9173,9.9506,9.7729,10.059,9.8809,9.9481,10.066,10.133,9.7578,9.5587,9.7647,10.378,10.125,9.7881,9.5876,9.3046,9.1721,9.2111,9.0932,9.0041,8.9197,8.9722,8.8942,8.9104,8.7322,9.0719,9.2401,9.4444,9.5676,9.6638,9.8054,9.7568,9.6783,9.7776,9.8918,9.9918,10.366,10.445,10.489,10.215,10.378
20.468,8.3509,10.201,14.269,15.971,14.883,14.439,13.552,15.604,15.876,16.31,16.821,17.12,15.971,16.417,13.343,9.4273,7.2788,5.8522,11.933,9.32,9.4273,8.9814,7.4492,9.4273,8.6142,5.3406,9.32,11.153,14.439,13.299,11.429,11.992,13.343,13.299,12.594,12.842,12.594,11.429,11.933,10.459,10.289,9.8316,8.6142,7.4492,2.8419,0.28913,5.3406,8.3509,11.625,11.625,10.289,10.934,9.32,10.289,10.289,8.9814,11.153,9.32,13.981,11.429,22.438,23.733,25.777,26.4,25.376,25.796,25.563,26.606,25.627,24.296,24.776,24.943,23.216,21.992,19.573,17.908,18.042,17.968,19.063,17.908,17.923,18.418,16.954,15.578,11.933,12.33,15.448,15.68,18.69,18.142,10.155,9.9607,9.4445,8.943,8.5919,8.5218,8.7101,8.7171,8.5468,8.5468,8.3524,8.2766,8.3084,8.0595,8.3176,8.1342,8.4725,9.2054,9.3697,9.2801,9.518,9.378,9.6064,9.72,9.9553,10.006,10.275,10.312,9.9415,10.155,8.4981,8.2816,7.9587,7.7436,7.563,7.5506,7.6918,7.482,7.5269,7.431,7.5129,7.4354,7.3967,7.5817,7.9124,7.9767,8.9684,8.7111,8.6987,8.7368,8.7244,8.8719,8.6733,8.7377,8.6223,8.8433,8.6604,8.8154,8.4337,8.4981,9.1686,8.9092,8.5643,8.3585,8.0936,7.917,8.0288,7.9285,7.8014,7.7094,7.7157,7.6704,7.6818,7.6342,7.9679,7.9365,8.1636,8.4141,8.4713,8.5351,8.6462,8.5418,8.5063,8.6437,8.8273,9.2647,9.3747,9.3949,9.1519,9.1686
20.488,8.6394,9.9471,14.325,15.462,13.926,13.128,13.602,15.262,16.479,16.011,16.65,17.107,15.629,15.51,12.87,9.9471,6.9368,6.9368,8.2722,8.2722,8.6394,9.0852,8.2722,5.2619,5.9677,5.9677,9.9471,10.117,12.825,13.128,9.4895,11.282,12.252,12.5,12.825,11.988,12.042,10.811,11.591,10.2,10.117,11.591,7.5814,5.9677,2.9574,4.0968,6.9368,8.5204,9.0852,9.4895,8.978,8.0089,8.978,11.087,9.0852,8.978,12.5,11.087,13.821,12.451,22.451,23.469,25.182,25.793,25.236,25.285,25.042,26.231,25.662,23.954,24.689,24.565,22.803,21.867,19.412,17.444,18.272,17.566,18.639,17.611,16.937,17.581,15.813,14.689,12.096,12.096,15.236,14.293,18.639,18.348,10.424,10.082,9.5559,9.169,9.0868,8.7854,8.8158,8.8006,8.8422,8.7648,8.6854,8.5772,8.4324,8.2785,8.5651,8.5299,8.9964,9.6047,9.6726,9.7909,9.6937,9.5711,10.045,9.868,10.258,10.223,10.509,10.387,10.431,10.424,8.8237,8.5064,8.0977,8.1023,7.9072,7.7632,7.8445,7.6947,7.7223,7.6302,7.8654,7.7863,7.592,7.4103,7.8133,9.0193,9.2249,9.1263,8.9965,9.109,8.8686,8.9498,9.0311,9.1299,8.9032,9.0951,8.9965,8.8116,8.7467,8.8237,9.4004,9.0854,8.8011,8.6354,8.3951,8.2626,8.157,8.1034,8.0303,7.9765,7.9746,7.9442,7.8679,7.6851,8.0343,8.2392,8.3887,8.5718,8.7938,8.8337,8.7825,8.6735,8.7595,8.8828,8.9381,9.2721,9.5432,9.463,9.3212,9.4004
20.508,9.4485,10.563,14.934,15.992,12.863,14.002,14.934,15.28,15.362,16.199,17.3,17.3,15.625,15.825,13.321,7.4704,5.3618,7.3,7.9446,10.481,10.223,9.4485,8.6354,10.223,5.8734,6.3309,9.0027,9.8528,13.695,12.863,11.45,10.481,12.405,13.851,13.364,12.615,11.646,12.352,11.174,10.563,11.45,11.45,7.3,7.3,2.3515,-3.6691,5.8734,9.3412,11.45,7.9446,9.0027,10.31,10.955,12.459,7.3,7.4704,10.955,11.174,13.364,13.321,22.751,23.478,25.795,26.298,25.579,25.758,25.933,26.518,25.514,24.46,25.13,25.061,23.508,22.77,19.843,17.553,17.745,17.945,18.635,16.765,17.945,16.919,15.992,15.052,11.646,12.405,15.28,15.052,18.635,18.034,10.78,10.457,9.8779,9.483,9.1626,9.1317,9.0908,9.3047,9.1852,9.1265,8.8748,8.8615,8.8093,8.646,8.8595,8.7598,9.1925,9.8227,10.072,10.1,10.142,10.098,10.372,10.462,10.307,10.615,10.947,10.948,10.763,10.78,8.9761,8.6772,8.6488,8.3563,8.2967,8.048,7.9904,7.8413,7.9884,8.1316,7.8937,7.9207,7.9611,7.8772,8.2948,8.8544,9.4139,9.5099,9.2285,9.1169,9.1308,9.0701,9.2492,9.2932,9.0361,9.1496,9.1068,9.1952,8.9604,8.9761,9.6596,9.3946,9.0726,8.8255,8.57,8.4636,8.4484,8.3289,8.2187,8.2476,8.1423,8.0547,8.0621,8.0112,8.3486,8.3967,8.5807,8.8536,8.9401,8.9485,8.993,8.9934,9.1324,9.041,9.2453,9.5704,9.6411,9.7505,9.4911,9.6596
20.528,8.5806,10.533,14.512,15.279,16.016,15.403,15.047,15.279,17.323,17.386,18.973,17.386,15.177,17.552,15.203,10.752,7.9501,8.2134,9.8883,9.4307,10.752,9.8883,8.2134,8.9192,8.5806,8.2134,10.059,11.028,15.047,14.512,11.472,9.8006,12.393,12.037,12.899,13.762,12.899,13.543,11.224,13.429,11.224,11.532,9.0264,7.0483,4.9398,4.9398,7.5226,10.752,12.037,11.591,11.532,10.141,10.752,11.224,10.141,9.0264,12.942,11.93,14.746,12.441,23.123,24.186,26.279,26.703,26.434,26.531,26.115,27.252,26.935,25.403,25.965,25.471,23.65,23.188,20.357,18.616,19.353,19.564,19.182,18.327,18.887,18.289,16.42,16.283,12.766,12.766,15.203,15.203,19.582,19.293,10.906,10.547,10.057,9.7014,9.3571,9.3393,9.3115,9.4308,9.3483,9.2931,9.168,9.0052,8.9489,8.7731,8.979,9.0024,9.5532,9.9497,10.193,10.228,10.457,10.262,10.505,10.438,10.592,10.859,11.058,11.235,10.856,10.906,9.3047,9.0992,8.6668,8.5774,8.3406,8.1862,8.2132,8.2463,8.2006,8.1735,8.2795,8.2555,8.2981,8.4006,8.783,9.3628,9.5622,9.8278,9.6422,9.4911,9.4792,9.4219,9.404,9.5341,9.5906,9.5527,9.5575,9.574,9.2916,9.3047,9.8766,9.6714,9.2796,9.0798,8.8055,8.6385,8.7141,8.6326,8.5004,8.4295,8.4443,8.3333,8.3612,8.2436,8.6031,8.6238,8.8861,9.0436,9.1212,9.2954,9.3042,9.2576,9.2105,9.3021,9.2291,9.8147,9.9053,10.001,9.8162,9.8766
20.548,9.0023,11.174,14.46,14.46,14.656,13.695,14.184,15.625,17.3,17.14,16.994,17.989,15.469,15.701,13.491,8.3718,7.2997,6.3306,10.31,7.9443,9.4482,7.4701,8.8833,9.4482,8.3718,5.6248,7.4701,10.48,14.934,14.289,10.48,10.563,12.013,12.615,12.863,12.615,11.449,13.188,12.615,11.645,12.351,10.31,7.9443,9.8524,-0.65908,0.31002,5.6248,10.31,10.563,9.3409,12.013,11.449,9.0023,12.013,9.8524,9.0023,11.174,10.955,13.188,13.32,22.69,23.233,25.229,26.067,25.678,25.95,25.64,26.588,26.073,24.684,25.049,24.713,22.906,22.589,20.48,17.807,18.907,18.749,18.943,18.439,17.403,18.033,15.873,14.934,13.188,9.8524,14.934,15.362,19.002,18.635,9.4079,9.2489,8.8399,8.3535,8.0988,7.9118,8.0817,8.1575,8.0272,7.9968,7.7902,7.6734,7.6677,7.4762,7.6781,7.6421,8.0521,8.4242,8.6544,8.6839,8.7203,8.7949,9.1495,9.0267,9.468,9.4795,9.5891,9.7504,9.4027,9.4079,8.0113,7.806,7.4066,7.1739,7.1327,7.0915,7.0064,6.963,7.0182,7.0538,6.8443,7.0218,7.1161,6.7711,7.734,7.7695,8.4874,8.4461,8.4382,8.3373,8.2077,8.211,8.4207,8.1345,8.4771,8.3475,8.3171,8.3451,8.0212,8.0113,8.6613,8.3716,7.9963,7.8035,7.5883,7.4452,7.4202,7.332,7.2459,7.2476,7.2092,7.1654,7.0966,6.9904,7.2995,7.4478,7.704,7.887,7.916,7.9394,8.1066,7.9928,8.0124,8.1384,8.1436,8.6046,8.7306,8.8322,8.5301,8.6613
20.568,8.6248,12.237,16.06,16.206,13.196,14.984,14.645,15.52,16.387,16.598,18.421,18.506,16.817,17.042,14.278,9.4749,7.5668,7.5668,9.9325,11.576,11.576,11.268,8.2576,10.103,8.6248,5.2473,10.103,10.577,15.222,14.082,11.635,12.811,13.912,14.586,12.237,12.437,12.237,13.196,12.943,11.072,11.635,10.577,8.5058,6.9222,2.9428,2.9428,5.2473,8.2576,9.8448,11.635,10.577,11.072,10.103,11.072,9.8448,9.4749,12.237,9.8448,13.474,12.485,23.771,24.24,26.586,27.094,26.075,26.361,26.06,27.258,26.703,24.79,25.572,25.615,23.561,22.604,20.111,18.706,18.706,17.994,19.071,18.167,18.931,18.963,17.289,16.206,12.437,12.237,16.598,17.093,19.764,18.506,9.963,9.668,9.1734,8.6707,8.464,8.3008,8.3926,8.4037,8.4875,8.3183,8.1709,7.988,8.0125,7.9589,7.9347,7.9467,8.4423,9.021,9.3611,9.4392,9.1647,9.1396,9.4229,9.5592,9.7151,9.8837,10.119,10.12,9.8993,9.963,8.1451,8.122,7.7493,7.5779,7.4418,7.1575,7.3267,7.1101,7.1991,7.1891,6.9537,6.9172,7.0215,6.8871,7.7181,8.2272,8.8132,8.5369,8.5057,8.3946,8.3581,8.5868,8.3836,8.4291,8.4191,8.4647,8.5753,8.3758,8.0331,8.1451,8.829,8.6118,8.2577,8.0575,7.842,7.6237,7.6658,7.5507,7.4686,7.466,7.4094,7.3179,7.2925,7.2411,7.5013,7.7254,7.8299,8.0932,8.0798,8.1901,8.2386,8.1366,8.2576,8.2538,8.4929,8.7088,8.9245,8.9148,8.7409,8.829
20.588,8.6105,11.425,14.663,15.391,15.143,14.368,13.67,15.337,15.967,16.24,17.89,17.92,16.476,15.967,14.265,8.3473,7.2752,7.2752,8.9778,9.8279,10.285,7.4455,9.3164,8.3473,8.9778,7.4455,9.8279,9.4236,14.663,13.827,10.198,11.149,12.381,11.988,10.285,12.79,11.149,13.339,11.929,10.93,10.285,9.4236,8.6105,7.4455,5.337,0.28546,7.4455,9.4236,10.285,9.4236,10.93,8.9778,10.539,10.285,8.9778,9.8279,11.869,10.539,14.368,11.621,23.009,23.373,26.023,26.712,25.593,25.562,25.694,26.833,25.554,24.286,25.241,24.831,23.437,22.439,19.539,17.673,17.964,18.139,19.229,17.783,17.92,16.74,16.174,16.306,12.79,12.59,15.967,14.909,19.539,18.415,10.062,9.987,9.479,8.9345,8.4938,8.5431,8.6388,8.6152,8.5847,8.4742,8.3498,8.0953,8.1557,8.0611,8.1724,8.1565,8.6043,9.4778,9.3053,9.2662,9.5341,9.5357,9.6063,9.7323,9.7017,9.9288,10.252,10.409,9.9757,10.062,8.5039,8.3424,7.9995,7.9125,7.6371,7.4698,7.6855,7.6237,7.6984,7.4245,7.4109,7.4113,7.5888,7.3842,8.1148,8.1844,8.9839,9.0397,8.8188,8.5353,8.5774,8.8708,8.9606,8.9867,8.8997,8.8041,9.0155,9.0416,8.5111,8.5039,9.0956,8.8731,8.5167,8.243,8.0009,7.8457,7.9345,7.7953,7.6945,7.732,7.6209,7.5072,7.5789,7.5117,7.808,7.9615,8.1787,8.3673,8.3498,8.404,8.5791,8.4368,8.5078,8.5355,8.6555,9.0423,9.3457,9.3368,9.0394,9.0956
20.608,9.494,11.078,15.176,15.768,14.809,13.872,13.872,15.558,16.604,16.802,16.85,17.113,16.671,15.889,13.644,9.4063,6.4837,6.4837,9.494,9.0364,9.7471,8.6322,7.8191,9.4063,6.4837,7.5558,8.1863,9.7471,15.382,13.644,11.197,11.138,13.473,14.463,12.675,12.757,12.548,13.035,12.372,12.047,11.078,11.138,9.494,8.6322,3.6438,3.6438,8.5249,8.1863,10.633,9.6644,10.139,9.6644,10.633,11.799,8.6322,10.829,12.372,10.358,14.118,12.504,23.256,23.576,26.213,26.89,25.851,26.04,25.978,26.644,25.96,24.529,24.844,24.979,23.303,22.595,19.747,17.474,17.895,18.404,18.568,17.158,17.895,17.128,16.882,15.685,12.675,12.548,15.622,16.026,19.036,18.632,10.389,10.072,9.5976,9.2135,8.9784,8.933,8.8453,8.9189,8.9055,8.7973,8.7371,8.612,8.5216,8.257,8.4511,8.4,9.0099,9.6197,9.4442,9.7324,9.6003,9.5925,10.068,10.138,10.104,10.572,10.562,10.728,10.413,10.389,8.6264,8.577,8.2971,8.2317,8.0774,7.7536,7.6893,7.6126,7.7213,7.5238,7.6026,7.7184,7.7602,7.5485,8.0042,8.5467,8.8229,9.2087,9.0669,9.1457,8.6953,9.0546,9.1334,8.9381,9.0244,8.9158,8.7951,8.8797,8.6443,8.6264,9.3296,9.068,8.7752,8.5486,8.359,8.1976,8.1344,8.013,7.9652,7.9173,7.9313,7.8819,7.8056,7.7176,7.9609,8.1827,8.3873,8.5323,8.6516,8.7444,8.7165,8.5763,8.7497,8.7549,8.9156,9.1698,9.3884,9.4448,9.2107,9.3296
20.628,7.9071,11.345,13.928,14.252,14.986,13.965,13.657,15.787,17.157,17.366,17.907,16.881,15.015,15.787,14.423,9.411,6.2934,9.8153,10.273,10.443,10.443,8.9651,9.411,7.2625,7.4329,6.2934,10.443,10.273,13.814,13.657,9.8153,10.917,12.577,13.151,11.412,12.826,11.856,12.421,12.777,10.443,11.345,10.443,8.3346,7.2625,4.4226,3.2831,4.4226,10.443,10.185,9.411,10.917,9.3037,8.3346,10.526,9.8153,10.443,8.9651,10.917,13.657,12.421,22.159,23.965,25.021,25.969,25.508,26.154,25.324,26.727,26.872,24.443,25.33,24.797,22.232,22.484,20.443,19.271,18.906,18.335,19.047,17.952,17.661,17.892,15.588,15.836,12.577,11.412,14.867,16.464,18.711,17.516,10.835,10.271,9.7078,9.4905,9.1753,9.049,8.9844,9.093,9.0706,9.0026,8.9272,8.818,8.7016,8.5951,8.7289,8.9472,9.1416,9.7684,10.073,9.9704,10.202,10.076,10.193,10.568,10.353,10.714,10.822,10.719,10.635,10.835,9.1271,8.8201,8.4343,8.3588,8.2869,8.0074,8.1052,7.992,7.8842,8.0214,7.9949,7.9683,8.3324,8.1085,8.0819,8.9096,8.81,9.3715,9.3449,9.2317,9.302,9.1368,9.2346,9.2889,9.1085,9.1508,9.2894,9.2808,8.9678,9.1271,9.5657,9.3376,8.9702,8.785,8.537,8.3552,8.3662,8.2677,8.2034,8.1024,8.1901,8.1037,8.0144,7.9569,8.2014,8.4125,8.568,8.7755,8.8369,8.918,8.9305,8.8525,9.0056,9.0314,9.1992,9.5759,9.623,9.6013,9.4557,9.5657
20.648,8.2301,11.549,14.499,16.3,15.194,14.957,14.055,16.753,17.148,16.895,17.885,18.192,15.587,16.589,13.446,9.8173,5.2198,8.5973,10.769,11.24,9.4474,11.044,8.9359,11.044,6.8947,8.5973,9.905,10.769,15.296,15.064,10.977,10.769,12.458,13.446,12.21,12.21,12.053,12.783,13.168,11.044,11.044,10.158,8.5973,6.8947,2.9153,-1.0641,7.5393,9.905,12.21,11.044,10.55,10.769,10.977,11.946,11.044,9.905,11.608,11.24,14.647,13.884,23.321,24.071,26.056,26.589,26.427,26.332,26.389,27.307,26.609,25.331,25.793,25.587,23.14,23.094,20.158,19.043,18.538,19.199,19.399,18.43,18.632,17.758,17.148,16.895,13.086,13.168,15.926,15.926,19.844,19.189,10.892,10.63,10.056,9.6169,9.3659,9.1494,9.1991,9.3177,9.3554,9.2022,9.1607,9,8.8778,8.6654,9.0028,8.9217,9.3144,10.032,10.14,10.147,10.076,10.126,10.566,10.363,10.876,10.752,11.082,10.986,10.776,10.892,9.3624,9.0661,8.6295,8.6791,8.3214,8.4113,8.2396,8.2906,8.2249,8.1733,8.3583,8.1648,8.3012,8.4027,8.377,8.635,9.5954,9.6528,9.6659,9.5079,9.5585,9.6672,9.5523,9.6685,9.6603,9.5791,9.6806,9.5548,9.2789,9.3624,9.8214,9.5856,9.1903,9.0309,8.788,8.6204,8.592,8.4794,8.4145,8.3892,8.3803,8.2961,8.2663,8.1475,8.4899,8.6749,8.7869,9.0185,9.1065,9.2243,9.1645,9.1439,9.2145,9.2889,9.3512,9.623,9.9261,9.8641,9.6782,9.8214
20.668,10.297,10.942,15.039,15.01,13.989,13.175,14.921,15.612,16.163,16.185,16.488,18.049,16.425,15.979,12.445,9.4351,5.6117,7.9312,10.55,8.3587,9.3278,9.3278,8.3587,7.9312,7.2866,7.2866,10.942,9.8394,14.674,13.35,11.161,11.436,13.307,12.445,12.601,12.445,12.601,12.601,11.632,11.161,10.209,10.467,10.467,7.457,4.4467,2.8497,4.4467,7.9312,10.297,9.4351,11.436,9.8394,9.8394,12.445,9.8394,9.3278,12.338,11.881,15.01,12,22.917,23.515,26.014,26.374,25.879,25.566,25.647,26.542,25.208,24.396,24.977,25.571,23.515,22.601,19.55,16.999,17.407,17.916,18.822,17.931,18.584,17.474,16.318,15.884,11.94,11.632,15.811,14.921,19.371,18.02,11.095,10.719,10.352,9.8753,9.7062,9.3485,9.5711,9.5697,9.6134,9.5864,9.2797,9.1201,9.1616,8.9702,9.2096,9.0727,9.2915,10.076,10.065,10.207,10.392,10.397,10.582,10.825,10.45,10.814,11.224,11.004,10.894,11.095,9.4014,9.1693,8.9534,9.0075,8.6217,8.3894,8.3784,8.3219,8.4453,8.5825,8.2935,8.2925,8.4847,8.2863,8.4827,9.6577,9.6566,9.6414,9.706,9.7601,9.5754,9.5744,9.5179,9.7519,9.7646,9.5662,9.3678,9.633,9.2695,9.4014,10.01,9.7875,9.4929,9.2328,8.9996,8.853,8.8257,8.6972,8.6214,8.6483,8.5881,8.4956,8.4963,8.3975,8.7147,8.7578,9.0946,9.2636,9.338,9.4348,9.4603,9.379,9.4532,9.4589,9.5763,10.059,10.184,10.163,9.9335,10.01
20.688,10.47,11.439,15.814,15.887,14.138,13.992,13.563,15.69,15.887,14.924,16.491,17.687,16.965,16.165,13.353,6.3202,7.2893,4.4493,9.4377,10.212,9.842,7.9339,7.4596,10.553,7.2893,6.3202,8.8729,10.944,15.157,12.604,12.395,11.163,12.395,14.449,12.604,11.439,12.002,11.372,11.439,10.47,10.212,10.47,8.3614,7.9339,5.3511,0.2996,7.9339,9.3305,12.002,8.9919,11.163,8.6247,10.212,12.341,7.2893,8.9919,11.943,12.002,14.279,13.31,23.023,23.387,26.288,26.728,25.867,25.97,25.817,26.754,25.4,23.468,24.489,24.645,23.652,22.876,19.384,18.023,17.476,16.851,18.599,17.934,17.656,17.797,15.887,16.188,12.448,12.448,15.982,15.042,19.176,18.023,9.7822,9.6393,8.9891,8.599,8.3305,8.312,8.4057,8.3155,8.1996,8.1194,8.0177,8.041,7.769,7.7006,7.8417,7.8478,8.2374,8.8624,9.1238,9.0186,9.1244,8.9672,9.3536,9.4473,9.6516,9.7574,9.8633,10.028,9.6764,9.7822,8.1993,8.0143,7.6479,7.4965,7.3151,7.087,7.1653,7.0547,7.0452,7.0913,7.0129,6.9346,7.2469,7.3517,7.4809,8.4542,8.8807,8.6881,8.569,8.2933,8.2734,8.4474,8.4167,8.4627,8.5088,8.5401,8.5258,8.4437,8.1533,8.1993,8.7781,8.5345,8.1991,7.969,7.764,7.5852,7.5965,7.4994,7.3851,7.3885,7.3437,7.2614,7.2559,7.1615,7.4827,7.5115,7.7874,7.9891,8.0477,8.0854,8.1438,8.1116,8.1974,8.2423,8.5014,8.7958,8.7933,8.9777,8.6254,8.7781
20.708,10.075,11.24,14.647,16.033,14.762,14.282,12.915,16.033,17.772,17.293,18.204,17.524,16.456,17.148,12.783,11.24,8.2299,5.9254,10.768,10.977,10.158,10.549,8.5971,8.9357,7.9666,7.0649,11.044,10.075,14.618,14.282,11.548,12.458,14.282,12.783,13.597,13.085,12.783,13.56,13.085,10.768,11.24,11.24,8.2299,7.0649,4.0546,5.9254,7.0649,10.549,11.044,11.044,11.044,11.044,10.158,11.548,10.549,10.977,13.56,10.075,13.289,14.055,23.233,24.392,25.936,26.803,26.197,26.631,26.437,27.269,26.891,25.255,26.083,25.064,23.221,23.285,20.534,19.158,19.189,19.106,19.438,18.538,18.632,17.657,15.925,16.359,13.779,12.053,16.096,16.3,19.7,19.158,10.057,9.9072,9.2898,8.8342,8.5283,8.5222,8.5312,8.6864,8.5224,8.5163,8.2766,8.1739,8.205,8.0303,8.2941,8.2185,8.5106,9.1749,9.3501,9.2429,9.5522,9.2522,9.6,9.7007,9.8246,9.8242,10.339,10.214,9.9838,10.057,8.4305,8.2726,7.895,7.6507,7.6088,7.346,7.6478,7.3984,7.3432,7.1872,7.2601,7.2928,7.52,7.2097,8.1229,8.5212,8.7776,8.698,8.5739,8.453,8.5809,8.571,8.8529,8.7384,8.454,8.5717,8.7139,8.6342,8.2774,8.4305,9.1038,8.8233,8.4629,8.2403,7.9723,7.8417,7.9169,7.7791,7.6766,7.6372,7.6792,7.4865,7.5717,7.562,7.8026,7.8831,8.1063,8.3326,8.3345,8.4588,8.5433,8.5337,8.459,8.5526,8.6549,9.1709,9.2296,9.2767,9.0404,9.1038
20.729,8.3447,11.618,13.938,15.025,14.157,14.433,14.66,15.572,16.815,16.238,17.917,17.962,15.598,15.14,13.336,10.453,5.8459,8.608,9.3138,9.8253,9.8253,8.9752,7.9171,9.421,7.4429,8.9752,10.453,10.927,13.975,13.293,11.355,10.283,11.618,13.293,11.618,13.161,12.787,12.587,11.985,11.422,10.283,10.453,9.8253,7.4429,6.3035,0.28287,6.3035,10.283,11.422,9.8253,10.453,8.9752,9.8253,12.787,8.8562,11.422,11.422,8.9752,13.293,12.587,22.663,23.695,25.711,26.347,25.851,25.768,25.87,26.493,25.851,24.515,25.092,25.16,23.125,22.903,19.825,17.78,18.412,18.412,18.916,17.273,17.78,17.167,16.171,15.797,12.787,13.205,14.937,14.262,18.684,18.608,10.336,9.9066,9.562,9.1715,8.9028,8.7518,8.7916,8.6487,8.7169,8.7454,8.5726,8.4219,8.3387,8.1804,8.4364,8.154,8.9521,9.3079,9.6899,9.5052,9.4624,9.4343,9.8197,9.9049,10.028,10.266,10.444,10.467,10.075,10.336,8.547,8.2957,8.2894,7.935,7.7868,7.6577,7.5979,7.3547,7.4873,7.59,7.463,7.5511,7.566,7.4391,7.7069,9.1684,8.7752,8.9875,8.8606,8.8067,8.8217,8.9329,8.8383,8.8238,8.7993,8.8143,8.8159,8.6657,8.4377,8.547,9.2478,8.9775,8.6484,8.4373,8.2367,8.0771,8.0097,7.8624,7.8311,7.8355,7.7884,7.7349,7.6532,7.5686,7.9252,7.9875,8.285,8.435,8.5708,8.6149,8.5351,8.5068,8.7241,8.6749,8.888,9.206,9.3921,9.3304,9.1171,9.2478
20.749,8.4539,12.891,14.85,15.17,15.563,14.505,12.759,16.546,17.734,16.413,18.01,18.206,15.17,16.335,13.265,11.216,8.2056,5.1953,10.744,10.953,9.0187,11.02,9.8805,9.423,9.0187,6.8702,8.5729,12.803,15.271,14.505,10.744,12.934,12.185,13.754,12.185,13.754,11.216,13.573,13.754,12.385,12.185,11.216,10.525,8.2056,2.8908,5.9011,6.8702,8.9114,11.02,11.02,8.2056,11.02,8.5729,12.891,10.051,8.9114,12.185,11.216,14.03,12.759,23.52,24.561,26.109,26.635,26.449,26.839,26.237,27.237,27.401,25.17,25.877,25.563,22.998,23.261,21.273,19.442,19.345,18.573,19.019,18.206,17.734,18.608,16.335,15.271,12.934,12.385,16.413,15.901,18.911,18.167,10.601,10.295,9.7727,9.3222,9.001,8.91,9.1958,9.069,9.0539,8.9785,8.9004,8.7146,8.6269,8.5099,8.5893,8.6737,8.9991,9.9155,9.9053,9.8314,9.7775,10.022,9.9813,10.28,10.469,10.415,10.871,10.871,10.554,10.601,8.7318,8.688,8.2773,8.2105,7.9624,7.7421,7.9577,7.771,7.8249,7.7268,7.9744,7.572,7.9633,7.889,8.2215,8.9146,9.0021,9.2316,9.0529,9.2093,9.0957,9.1356,9.3328,9.0754,9.2873,8.9287,9.093,9.027,8.6722,8.7318,9.5081,9.2525,8.9194,8.7054,8.4202,8.2736,8.3247,8.2104,8.1296,8.0496,8.0997,8.0109,7.9831,7.8696,8.1212,8.2733,8.425,8.7004,8.7521,8.8042,8.8879,8.8472,8.9463,8.9224,9.2314,9.3337,9.5263,9.5859,9.3618,9.5081
20.768,8.364,10.302,14.452,14.926,14.282,14.926,13.356,14.956,16.697,16.576,17.204,17.658,15.889,16.43,13.312,9.3331,7.2919,5.617,8.6273,8.6273,8.9945,8.364,7.4622,10.302,6.3228,8.364,10.302,8.6273,14.282,13.957,8.9945,11.166,12.397,12.005,11.638,13.994,13.18,11.946,13.225,10.555,11.442,10.302,7.2919,7.2919,2.3434,4.4519,8.364,10.555,10.947,9.8446,8.9945,9.4403,9.3331,11.442,10.302,8.9945,11.442,9.4403,12.607,13.225,22.777,23.247,25.205,25.942,25.839,25.868,25.733,26.659,26.419,24.911,25.402,25.111,22.96,22.086,19.596,18.431,18.364,17.936,18.627,17.8,17.151,17.412,16.191,15.408,13.483,12.451,15.271,14.452,18.876,18.935,10.837,10.546,10.019,9.5447,9.2742,9.246,9.255,9.3647,9.3505,9.2143,9.0215,8.9489,8.9919,8.684,8.8876,8.9181,9.2324,10.113,9.964,10.11,10.041,10.056,10.104,10.685,10.715,11.03,11.022,10.976,10.761,10.837,9.2257,8.9402,8.6386,8.5928,8.4616,8.2031,8.2129,8.0104,8.1582,8.2255,8.0025,8.3107,8.0997,8.0306,8.4632,8.8402,9.612,9.6794,9.5706,9.4428,9.3884,9.4533,9.4534,9.8304,9.4951,9.4493,9.3394,9.5369,9.218,9.2257,9.7629,9.4642,9.1351,8.9341,8.7139,8.5736,8.5504,8.4339,8.3835,8.3766,8.3209,8.2517,8.2164,8.1037,8.3501,8.6289,8.8,8.9744,9.0701,9.1279,9.2246,9.081,9.2307,9.3917,9.383,9.6542,9.8448,10.014,9.6102,9.7629
20.789,7.4364,10.921,14.87,16.34,14.15,13.199,14.256,15.566,17.125,16.231,16.809,17.774,16.404,15.839,12.372,9.8188,7.2661,7.2661,9.4145,9.3073,7.9107,9.4145,7.9107,7.4364,7.2661,7.2661,9.3073,10.529,14.256,13.33,10.529,11.416,12.425,12.581,12.581,12.781,12.318,13.287,12.318,11.14,8.8497,7.9107,8.6015,7.4364,2.8291,-6.7133,7.4364,7.9107,10.447,9.3073,10.921,9.4145,8.9687,10.921,11.14,9.8188,11.92,11.86,14.15,12.829,22.872,23.736,26.191,26.667,25.566,25.672,25.483,26.521,25.859,24.196,24.803,25.097,23.203,22.657,20.276,17.519,18.13,18.029,18.601,17.911,17.266,17.519,16.467,14.622,12.581,11.348,15.566,14.9,19.318,17.941,9.3656,9.3083,8.6875,8.3474,8.1161,7.9663,7.9058,7.8762,8.0306,7.8615,7.6918,7.6124,7.4221,7.2924,7.3738,7.4551,7.8203,8.3653,8.8791,8.8498,8.6926,8.7221,8.9729,8.94,9.0389,9.3001,9.5234,9.4684,9.1846,9.3656,7.8842,7.5998,7.459,7.1965,7.1955,6.9073,6.8477,6.873,6.8984,6.9749,6.7692,6.8777,6.7168,6.8628,7.1543,7.6433,8.3297,8.2408,8.1275,8.3502,8.1126,8.1104,8.0898,8.0087,8.2079,8.2845,7.951,8.0134,7.8076,7.8842,8.4581,8.205,7.8891,7.6908,7.4749,7.2836,7.2546,7.1229,7.0979,7.0911,7.0518,7.0043,6.9523,6.8463,7.19,7.4082,7.4882,7.7468,7.8499,7.8628,7.8124,7.8017,7.8955,7.9495,8.1242,8.402,8.5036,8.5506,8.3704,8.4581
20.809,10.566,11.061,14.267,15.942,15.08,15.236,14.973,15.236,17.556,17.229,18.495,18.208,16.049,15.604,14.267,10.092,7.5558,10.175,8.6139,10.785,10.175,10.175,9.9215,6.9112,7.0816,8.6139,9.0597,11.565,15.485,14.071,12.426,10.175,12.844,12.474,14.071,13.576,11.963,12.226,12.8,11.565,12.226,10.566,7.0816,10.785,4.0713,2.9318,9.0597,8.9524,11.565,9.0597,9.464,9.9215,12.226,11.565,6.9112,7.9833,12.8,12.07,13.185,12.975,22.704,23.984,25.81,26.388,26.504,26.626,26.073,27.43,27.154,25.618,26.112,25.458,22.971,23.81,20.452,18.519,19.753,18.952,19.386,18.952,17.541,17.541,15.942,16.049,12.932,12.226,15.81,15.436,19.297,19.216,9.5374,9.4497,8.9492,8.6197,8.3622,8.102,8.2625,8.1392,8.1903,8.0349,8.0007,7.7256,7.6586,7.4868,7.8039,7.9206,8.2722,8.729,8.8447,8.8741,8.8354,8.8379,8.8899,9.307,9.42,9.6165,9.4447,9.6878,9.4244,9.5374,8.4303,8.2153,7.6706,7.7259,7.262,7.2518,6.9266,7.2005,7.2755,7.0175,7.0331,7.2483,7.5597,7.0052,7.8122,8.5975,8.5421,8.7081,8.5465,8.5282,8.836,8.7494,8.7017,8.7172,8.8774,8.611,8.7627,8.7528,8.3187,8.4303,8.7226,8.4849,8.1103,7.9542,7.6754,7.5079,7.5718,7.4707,7.3925,7.2881,7.2706,7.2397,7.1411,7.1142,7.4738,7.5446,7.686,7.9771,8.0038,8.0731,8.0949,8.0157,8.1793,8.1167,8.1335,8.7103,8.8805,8.7983,8.5806,8.7226
20.829,10.168,11.395,15.819,16.211,13.266,14.405,14.633,15.57,16.807,15.938,17.612,17.416,16.384,15.938,12.56,9.7981,7.2454,7.89,8.948,10.256,10.256,8.5808,7.2454,10.509,8.948,6.2763,8.5808,8.948,14.338,13.436,11.839,8.948,14.601,13.436,13.134,13.266,12.56,12.56,10.509,10.256,11.839,9.7981,8.948,10.256,2.2969,2.2969,4.4054,9.2866,10.509,8.3175,11.395,8.5808,11.119,12.56,9.3938,7.89,12.56,10.9,13.911,14.094,23.2,23.183,26.117,27.028,25.57,25.56,25.684,26.523,25.189,24.018,24.54,25.35,24.018,22.676,19.457,17.498,17.416,17.86,18.318,17.875,18.277,17.245,16.788,14.998,11.839,12.76,15.646,14.91,19.931,17.498,10.076,9.6134,9.2196,8.7728,8.647,8.575,8.549,8.4827,8.5715,8.4652,8.3572,8.1821,8.1518,8.01,8.1888,8.3793,8.5047,9.4742,9.5176,9.4863,9.4318,9.3385,9.5407,9.7645,9.9101,10.201,10.223,10.106,10.075,10.076,8.299,8.1933,8.0023,7.6839,7.5828,7.5883,7.2407,7.2654,7.1961,7.2904,7.1615,7.3543,7.2401,7.1344,7.649,8.1636,8.4807,8.7291,8.6436,8.6511,8.2559,8.3544,8.7146,8.5718,8.193,8.192,8.5447,8.4357,8.1649,8.299,8.8922,8.6774,8.3907,8.1442,8.0054,7.8698,7.6996,7.5904,7.5334,7.6161,7.4799,7.4984,7.4128,7.3054,7.6141,7.761,7.9568,8.2201,8.428,8.4939,8.3576,8.3041,8.5119,8.4308,8.7857,9.0885,9.2122,9.1625,8.9284,8.8922
20.849,9.8054,11.966,14.137,14.609,14.641,14.413,13.444,15.422,16.717,16.717,17.882,16.391,15.945,15.578,13.526,9.8054,7.423,7.423,8.9553,10.263,10.908,9.2939,8.5881,9.2939,5.5778,6.2836,9.8054,11.402,14.345,14.242,11.907,10.908,12.567,13.955,12.411,12.567,11.907,13.141,13.186,10.263,10.908,10.433,8.8363,7.2527,6.2836,5.5778,6.2836,9.8054,10.175,10.433,8.9553,7.8973,10.263,10.908,10.516,10.433,11.598,10.433,13.918,12.358,22.835,23.591,25.446,26.303,25.799,25.971,25.857,26.791,26.284,24.429,25.241,24.787,23.114,22.583,20.45,18.392,17.76,18.284,18.55,17.373,17.986,18.116,15.552,15.552,11.847,13.141,15.578,15.578,18.99,18.432,10.369,9.8908,9.6365,9.1211,8.8375,8.8821,8.6293,8.7575,8.8101,8.7297,8.5975,8.502,8.3767,8.2768,8.452,8.4576,8.7969,9.4026,9.6456,9.631,9.8561,9.735,10.122,10.019,10.058,10.445,10.407,10.424,10.369,10.369,8.5079,8.2301,8.1358,7.9009,7.7316,7.6629,7.6888,7.4411,7.6032,7.4889,7.4714,7.4228,7.3641,7.2499,7.959,8.707,9.0176,8.9034,8.969,8.5155,8.6219,8.6055,8.7299,8.8787,8.7248,8.5496,8.7358,8.4322,8.3591,8.5079,9.1946,8.8892,8.6035,8.4238,8.1738,8.0337,7.973,7.8685,7.787,7.7834,7.8217,7.6787,7.6647,7.5617,7.8457,8.0395,8.2243,8.4044,8.5551,8.6483,8.5088,8.5139,8.6446,8.793,8.9456,9.1216,9.3233,9.223,9.133,9.1946
20.869,7.9244,10.543,15.877,15.805,13.168,13.675,14.44,15.805,15.259,16.418,16.955,17.192,15.805,16.974,12.595,9.4283,6.3107,5.8532,9.8326,8.9824,9.4283,9.321,8.9824,8.6152,6.3107,6.3107,9.8326,10.46,14.668,13.213,11.43,10.543,13.982,13.471,12.595,13.3,11.934,13.168,11.626,11.154,11.626,10.935,8.6152,7.2798,0.29013,2.8429,5.3416,8.6152,10.543,8.9824,10.46,8.9824,8.8635,11.874,10.29,9.321,10.29,11.362,13.3,11.934,23.168,23.408,26.156,27.133,25.579,25.556,26.023,26.469,25.377,23.945,24.923,25.147,23.831,22.676,19.189,17.533,17.28,17.383,18.577,17.45,17.4,17.28,16.156,16.245,12.843,11.993,16.156,14.884,19.543,17.787,10.445,10.143,9.6364,9.2865,8.9706,8.8707,8.8621,9.0377,8.9213,8.892,8.6645,8.5721,8.4914,8.3088,8.5856,8.302,9.1229,9.4109,9.6989,9.6799,9.7801,9.8156,9.9385,10.173,10.216,9.8985,10.508,10.599,10.272,10.445,8.7473,8.497,8.3397,8.1015,7.9839,7.8224,8.0109,7.7642,7.6482,7.7456,7.6617,7.5591,7.9707,7.4875,8.4984,8.5819,9.1291,9.1358,8.9309,9.0347,9.159,8.8886,9.2706,9.0324,8.9361,9.0196,9.1031,8.8649,8.7686,8.7473,9.4471,9.2074,8.8862,8.6436,8.4307,8.274,8.2458,8.1585,8.0531,8.0741,8.0105,7.9248,7.8777,7.8697,8.1821,8.3313,8.471,8.7091,8.7566,8.7772,8.8803,8.7722,8.8949,8.8554,9.1648,9.4261,9.5635,9.5953,9.4042,9.4471
20.889,9.0499,12.007,13.567,15.499,13.891,12.922,13.296,15.594,15.071,15.932,16.366,16.463,15.932,15.845,13.891,9.0499,5.9324,5.2266,8.6041,9.0499,8.6041,9.4542,6.9015,8.6041,7.0718,4.0615,10.556,10.165,13.891,12.06,9.9118,11.051,11.247,12.416,11.953,12.464,12.416,12.965,12.216,10.165,11.555,9.9118,6.9015,7.546,-0.088237,2.9221,6.9015,10.165,11.051,6.9015,8.6041,10.556,10.775,11.051,7.546,9.4542,12.216,10.775,13.786,11.051,22.455,23.012,25.338,26.277,25.27,25.419,25.399,26.121,25.48,23.786,24.42,24.889,22.79,22.377,19.406,17.591,17.891,17.635,18.685,16.444,18.313,17.409,16.04,15.976,11.614,11.555,14.625,15.017,18.986,17.531,10.712,10.446,9.8863,9.4036,9.376,9.1831,9.1778,9.2184,9.2514,9.0653,9.0047,8.964,8.7426,8.5877,8.7546,8.9527,9.3722,9.784,10.004,10.125,10.025,10.027,10.194,10.346,10.614,10.854,10.906,10.854,10.655,10.712,9.0041,8.9075,8.6653,8.4262,8.4421,8.2211,8.0951,8.0013,7.9568,7.9374,7.8647,8.0026,8.4251,7.9655,8.4469,8.2259,9.3959,9.3113,9.4731,9.2347,9.3207,9.3152,9.5898,9.1538,9.4621,9.2999,9.182,9.0891,9.0495,9.0041,9.6344,9.4083,9.0544,8.8445,8.6848,8.5249,8.413,8.3155,8.3134,8.2998,8.2029,8.234,8.1235,8.0086,8.3458,8.4884,8.6592,8.899,9.1248,9.0965,9.0378,8.9767,9.0367,9.1361,9.4453,9.7579,9.808,9.7617,9.65,9.6344
20.909,8.6068,11.421,14.659,15.44,14.12,14.364,14.431,15.571,17.442,16.736,17.717,17.442,15.44,16.41,12.786,10.535,8.855,7.2714,9.8241,10.282,9.3126,9.4199,7.2714,8.855,8.6068,7.916,8.974,11.145,14.12,13.545,10.926,10.926,11.617,13.545,11.617,13.974,11.421,13.462,12.586,11.617,10.926,9.4199,7.916,7.2714,0.28172,0.28172,8.6068,8.974,10.452,9.8241,10.282,10.452,10.926,8.974,10.452,8.855,9.4199,11.421,13.462,11.145,22.561,23.966,25.125,25.869,25.446,26.045,25.579,26.966,26.689,25.116,25.401,24.694,22.129,22.493,20.325,18.451,18.411,18.915,18.516,17.271,18.005,17.442,15.251,15.251,11.617,11.421,14.627,16.17,18.135,18.607,11.08,10.822,10.125,9.7501,9.5029,9.3663,9.496,9.4838,9.4758,9.2625,9.2549,9.208,9.0851,8.8481,9.1495,9.0644,9.4349,10.084,10.269,10.596,10.138,10.434,10.83,10.835,10.944,10.943,11.046,11.165,10.938,11.08,9.4299,9.1997,8.8584,8.6858,8.4467,8.1933,8.3092,8.1722,8.2406,8.203,8.1327,8.2211,8.5064,8.062,8.8214,9.401,9.4138,9.6181,9.4445,9.505,9.479,9.6125,9.6141,9.6237,9.3856,9.3772,9.282,9.4847,9.3477,9.4299,9.883,9.648,9.2559,9.0945,8.9022,8.7098,8.684,8.5887,8.56,8.4482,8.4908,8.442,8.3952,8.2184,8.5818,8.6945,8.8045,9.1575,9.1616,9.2621,9.2207,9.3122,9.2758,9.2911,9.6241,9.8421,10.013,9.9376,9.7454,9.883
20.929,10.943,11.634,15.041,15.689,13.839,13.352,13.562,14.952,15.613,15.98,17.408,17.458,15.588,16.187,13.309,9.3293,7.2881,7.4584,8.8717,9.4365,8.6235,9.8408,8.6235,9.3293,7.4584,6.319,10.469,8.9907,14.644,12.603,11.438,10.211,13.309,12.447,11.438,13.176,13.176,13.309,12.603,11.942,11.438,9.8408,7.9327,5.8614,2.3396,0.2984,6.319,7.4584,9.8408,10.298,10.298,10.551,9.4365,13.176,10.298,9.4365,10.943,9.3293,13.221,12.603,22.97,23.679,25.866,26.407,25.694,25.523,25.852,26.572,25.784,24.618,24.967,25.141,23.479,22.447,19.841,17.541,17.686,18.264,18.991,16.85,18.166,17.475,16.253,15.861,12.001,12.603,15.588,15.011,19.329,18.051,9.6375,9.274,8.9757,8.4204,8.2785,8.0174,8.1674,8.0878,8.1418,8.1472,7.825,7.8009,7.7015,7.4969,7.778,7.7299,7.9656,8.7204,9.0804,8.9631,9.1649,8.7182,9.1989,9.0477,9.0859,9.3771,9.8102,9.55,9.4018,9.6375,8.0318,8.0105,7.5811,7.5461,7.4141,7.2785,6.9399,6.9287,7.0017,6.9222,6.7271,7.1695,6.8232,6.9161,7.414,7.5901,8.0879,8.3195,8.1563,8.3324,8.1868,8.2644,8.3658,8.3859,8.3236,8.2886,8.2953,8.0665,8.1007,8.0318,8.6415,8.3422,8.0995,7.8788,7.6848,7.5365,7.4107,7.286,7.2428,7.314,7.2239,7.2037,7.1427,7.0328,7.2517,7.4338,7.6918,7.8924,8.0633,8.1523,8.0546,7.9141,8.1143,8.0887,8.4414,8.7088,8.9044,8.8538,8.601,8.6415
20.949,10.456,11.426,15.445,16.174,15.338,13.941,14.436,15.601,15.255,15.849,17.642,17.721,16.837,15.445,13.549,9.317,7.9204,7.9204,9.4242,10.456,10.931,9.4242,7.4461,10.198,6.3067,6.3067,10.286,9.8285,14.94,13.34,10.931,10.931,13.164,13.671,12.591,11.426,12.79,13.164,10.286,9.8285,10.931,10.286,10.539,7.4461,5.6009,3.2964,5.6009,7.9204,9.4242,9.317,10.539,9.4242,9.317,11.621,10.456,10.931,12.591,9.4242,13.34,11.15,23.374,23.009,26.049,26.793,25.682,25.575,25.852,26.529,25.45,24.092,24.859,25.321,23.823,22.262,19.414,17.594,17.721,17.95,17.92,16.681,17.446,17.92,16.681,15.968,12.839,13.296,16.56,15.392,19.78,17.674,9.9359,9.6564,9.215,8.7521,8.4492,8.3259,8.3756,8.3703,8.3732,8.3444,8.2147,8.0392,7.9803,7.9511,8.1411,7.8913,8.4115,8.9905,9.2752,9.5462,9.1322,9.4414,9.3217,9.7033,9.8186,9.7541,10.011,9.9848,9.8832,9.9359,8.3544,8.07,7.8477,7.6635,7.7717,7.3106,7.4017,7.3332,7.2985,7.5021,7.3253,7.3039,7.6929,7.1232,7.6962,8.2984,8.747,8.6469,8.8781,8.8292,8.7545,8.6622,8.8346,8.7933,8.9757,8.9232,8.825,8.673,8.424,8.3544,8.857,8.6196,8.273,8.0554,7.8559,7.6901,7.684,7.5924,7.4832,7.4742,7.4441,7.3679,7.3417,7.2974,7.5991,7.6143,7.7924,8.1018,8.2062,8.2929,8.2571,8.2011,8.2879,8.3617,8.5766,8.7768,9.0204,9.0352,8.6768,8.857
20.969,8.2804,11.095,14.301,14.925,14.668,14.301,13.648,14.579,16.487,16.786,17.115,16.945,15.245,15.245,13.829,7.5896,8.0172,5.5184,9.4978,11.095,10.126,8.9863,8.6477,10.126,8.9863,6.9451,8.6477,11.095,13.935,14.105,11.291,8.9863,12.833,11.997,11.997,11.291,11.539,12.833,12.508,10.126,10.208,9.4978,8.0172,7.1154,2.5081,2.9657,6.9451,9.0935,11.095,8.9863,9.0935,8.9863,8.6477,11.658,10.6,10.208,10.819,11.095,12.46,11.997,22.627,23.223,25.114,25.767,25.354,25.443,25.374,26.439,25.987,24.038,25.018,24.776,22.336,22.151,19.668,18.084,17.809,17.115,17.679,17.39,17.59,17.39,15.27,14.668,12.26,11.599,15.542,14.668,18.48,18.017,10.343,9.7886,9.4826,9.0428,8.7365,8.6309,8.7885,8.7173,8.7569,8.6902,8.5105,8.3805,8.264,8.0827,8.3786,8.5074,8.7025,9.3025,9.5807,9.5927,9.729,9.6679,9.781,9.9581,9.8971,10.175,10.61,10.324,10.225,10.343,8.5587,8.5261,8.2294,7.8816,7.7722,7.5977,7.5914,7.7583,7.5525,7.4255,7.65,7.4421,7.6545,7.2058,7.9373,8.1497,9.0055,8.8649,9.0221,8.7153,8.6751,8.8563,8.9035,8.9825,8.971,8.8219,8.7582,8.722,8.5731,8.5587,9.1634,8.9152,8.5516,8.39,8.1328,7.9401,7.9941,7.8527,7.7964,7.745,7.7736,7.6348,7.648,7.5245,7.8334,7.9807,8.166,8.3527,8.399,8.5619,8.5915,8.5036,8.613,8.7536,8.9119,9.314,9.3769,9.3514,9.1698,9.1634
20.989,10.157,11.828,15.214,15.635,13.786,14.119,13.9,15.559,16.265,16.308,17.405,16.929,16.518,15.559,14.327,8.818,7.2344,7.8789,9.3828,8.5697,9.2756,9.3828,7.4047,10.498,7.2344,8.3065,10.498,11.108,14.224,13.9,10.415,10.498,12.749,12.797,13.508,13.123,11.58,11.947,11.888,10.889,10.245,9.2756,7.8789,8.3065,0.24466,4.3944,6.2653,8.818,10.415,8.937,9.7871,10.245,7.8789,11.58,10.415,10.245,11.384,10.415,13.629,12.549,22.821,23.689,25.832,26.304,25.549,25.941,25.635,26.79,25.962,24.669,24.984,24.878,23.149,22.165,19.699,18.733,17.879,17.909,18.842,17.405,17.405,17.879,14.987,15.808,13.298,11.58,15.214,15.808,18.683,18.544,10.351,10.175,9.4992,9.1893,8.9268,8.7744,8.9122,8.8976,8.7979,8.6637,8.7112,8.6442,8.5123,8.2762,8.6665,8.49,9.0989,9.3274,9.6421,9.8954,9.6421,9.6768,9.8084,9.9416,10.185,10.652,10.754,10.39,10.303,10.351,8.7628,8.6042,8.3131,8.1684,7.8854,7.7857,7.6684,7.8389,7.7929,7.5751,7.7404,7.8226,7.6661,7.807,8.0311,8.7013,9.1227,9.2049,9.1627,8.8909,8.8079,9.032,9.1729,9.0932,8.9012,9.0009,8.8857,8.9678,8.6342,8.7628,9.3813,9.11,8.7803,8.5751,8.3303,8.2029,8.2091,8.0742,8.0118,7.9391,8.0048,7.937,7.8769,7.8103,8.1125,8.2284,8.3556,8.5679,8.7124,8.8017,8.825,8.8029,8.8068,8.8662,9.058,9.2692,9.5707,9.5187,9.3399,9.3813
21.009,11.244,10.553,15.068,15.3,14.651,15.3,14.533,16.611,17.297,17.085,18.636,18.195,16.037,15.775,13.783,10.553,7.9706,9.0469,10.553,9.9088,10.772,9.821,8.9397,9.9088,7.0688,7.543,10.772,11.048,15.224,13.888,11.492,12.057,13.45,12.962,13.45,13.747,13.172,12.787,12.213,12.413,12.057,11.95,7.9706,9.9088,4.0585,-1.0603,5.2236,10.772,9.9088,10.162,10.079,11.048,11.244,11.048,8.9397,10.553,11.95,10.162,14.254,12.057,23.8,24.075,26.3,26.725,26.168,26.379,26.182,27.322,26.837,25.357,25.808,25.598,23.685,23.026,20.162,19.047,19.11,18.601,19.284,18.195,18.506,18.208,16.363,15.864,13.564,13.45,16.574,16.611,19.528,18.601,10.633,10.338,9.8836,9.4604,9.2785,9.1407,9.0748,9.1711,9.1626,9.0345,8.9086,8.8467,8.7487,8.5427,8.7308,8.8608,9.1058,9.842,9.9764,10.055,9.9466,9.8774,10.181,10.343,10.381,10.428,10.74,11.008,10.548,10.633,9.1494,8.8183,8.6419,8.3883,8.3341,8.047,8.1049,8.0243,7.9523,8.1773,7.8407,7.8313,8.0745,7.7121,7.8309,8.9839,9.3038,9.419,9.2497,9.3945,9.2549,9.3562,9.5517,9.31,9.6775,9.5158,9.3785,9.2014,9.0143,9.1494,9.6117,9.3358,9.0355,8.8387,8.6165,8.4477,8.3521,8.2593,8.1897,8.2161,8.1516,8.1153,8.0351,7.9648,8.1856,8.3574,8.5487,8.7629,8.8731,8.9976,9.0008,8.8362,8.9621,9.116,9.375,9.4718,9.7261,9.692,9.5397,9.6117
21.029,9.4497,11.047,15.222,15.773,14.057,13.887,14.057,15.066,15.222,15.222,16.61,17.775,15.796,15.773,12.212,8.5996,5.2221,7.0673,11.61,10.16,9.4497,9.4497,7.0673,10.552,8.2324,7.0673,9.9073,9.4497,14.764,13.448,10.16,10.771,13.292,12.918,9.8195,11.61,12.002,12.918,11.047,9.9073,10.771,11.243,9.9073,5.9279,-7.0824,-0.09273,1.9485,8.5996,9.9073,8.9382,8.9382,9.4497,9.9073,11.047,10.771,8.5996,11.491,10.16,12.918,10.552,23.059,23.351,25.842,26.098,24.764,25.196,25.385,26.248,25.275,23.827,24.14,24.961,22.918,22.484,18.949,17.527,17.15,17.571,18.54,16.897,16.897,17.084,15.928,15.589,10.979,11.047,15.066,15.422,19.526,17.761,10.84,10.493,10.002,9.6723,9.5145,9.3102,9.2169,9.2237,9.2624,9.2554,9.0854,8.9842,8.9575,8.6989,9.0014,9.0945,9.321,10.005,10.219,10.183,10.078,10.071,10.441,10.476,10.487,10.78,11.078,10.749,10.677,10.84,9.11,9.0846,8.6706,8.607,8.5358,8.1575,8.1095,8.0383,8.2024,8.1136,7.9517,8.0742,8.2596,7.8666,7.9752,9.0111,9.9051,9.5269,9.4789,9.5875,9.5162,9.3031,9.5536,9.4648,9.6802,9.3926,9.3446,9.4097,9.0602,9.11,9.8561,9.5408,9.2484,9.0366,8.8836,8.6909,8.583,8.4962,8.4264,8.3941,8.4059,8.3667,8.321,8.2097,8.4754,8.6202,8.8662,9.0678,9.189,9.2731,9.2145,9.097,9.277,9.3749,9.6612,9.7269,9.9348,10.072,9.7768,9.8561
21.049,9.8134,11.41,15.013,16.159,13.534,14.421,14.895,15.322,16.545,16.725,17.381,17.155,16.399,16.137,13.281,8.9633,9.3018,7.2606,9.3018,8.3327,10.271,8.596,7.2606,10.271,7.431,8.596,9.4091,10.524,14.617,13.149,10.916,10.916,12.824,14.421,13.194,13.324,11.914,12.312,11.41,10.524,11.41,10.524,8.9633,7.2606,0.27094,2.3121,5.834,8.9633,9.8134,9.8134,8.8443,7.9052,10.271,10.524,10.916,9.4091,10.916,11.606,13.534,12.419,23.281,23.22,26.117,26.636,25.586,25.768,25.759,26.549,25.366,24.36,24.895,25.24,23.388,22.366,19.735,17.448,17.994,17.155,17.627,17.431,17.994,16.936,16.226,15.834,11.855,12.775,15.953,15.128,19.765,18.506,9.753,9.3356,8.8166,8.4041,8.273,8.065,8.17,8.2131,8.1784,8.1891,7.9543,7.8874,7.7878,7.6141,7.7803,7.8673,7.9458,8.833,9.0767,9.1784,9.1003,8.9834,9.4458,9.2258,9.4519,9.6743,10.105,10.053,9.7997,9.753,8.0128,7.7007,7.3542,7.2638,7.2423,7.0542,7.0934,6.8426,7.001,7.0959,6.8202,7.077,7.1312,7.1505,7.1845,8.0039,8.5015,8.3789,8.2477,8.1019,8.1358,8.253,8.3457,8.3362,8.1507,8.3785,8.3849,8.2327,7.9116,8.0128,8.5812,8.3185,8.0172,7.7619,7.5271,7.4188,7.3546,7.2554,7.185,7.1606,7.1241,7.0443,7.0499,6.9782,7.2067,7.2813,7.5443,7.7911,7.844,7.9774,7.9842,7.9412,7.9677,8.078,8.2589,8.5348,8.7774,8.7366,8.462,8.5812
21.069,8.5226,11.194,14.349,15.38,14.461,14.205,14.146,15.887,16.734,17.111,18.265,17.778,16.194,15.887,14.116,9.0341,6.4814,8.6298,10.827,10.136,11.135,8.184,8.6298,9.7448,4.8065,8.6298,8.5226,11.533,14.146,14.205,11.796,11.194,12.876,12.755,11.533,13.471,12.672,13.574,12.044,12.755,12.755,10.631,8.6298,8.065,2.502,4.5432,2.0444,10.355,10.631,9.662,8.184,9.4917,7.5535,12.672,9.662,10.136,11.796,11.796,13.366,11.996,22.609,23.837,25.776,26.264,25.91,25.855,25.958,26.721,26.483,24.969,25.447,25.427,23.243,22.868,19.332,18.265,18.265,18.265,19.323,17.93,18.065,18.184,16.043,16.176,12.502,12.876,15.62,15.512,18.956,18.265,11.286,11.011,10.482,10.19,9.9904,9.7509,9.8259,9.8425,9.8299,9.6012,9.5706,9.3864,9.3434,9.1307,9.3867,9.5067,9.9936,10.408,10.645,10.662,10.521,10.664,10.821,10.87,11.014,11.251,11.343,11.225,11.211,11.286,9.7652,9.6408,9.3367,9.172,8.8088,8.7728,8.7193,8.7388,8.8827,8.6614,8.7124,8.6885,8.7456,8.4571,8.7429,9.6722,10.28,10.011,10.048,9.9435,9.7334,10.034,9.998,10.018,9.8397,9.8693,9.8533,9.9709,9.6256,9.7652,10.292,10.076,9.7647,9.5193,9.2948,9.1327,9.0898,8.9959,8.9441,8.9123,8.8747,8.7963,8.7352,8.655,8.9907,9.1625,9.3832,9.5838,9.6536,9.7224,9.7452,9.5986,9.7938,9.7911,10.031,10.294,10.407,10.449,10.231,10.292
21.089,7.2389,11.389,13.634,14.873,14.843,14.873,13.904,15.764,17.133,16.801,17.883,17.492,15.301,16.138,14.087,10.42,9.3873,5.8122,9.2801,10.502,10.249,7.4092,7.4092,8.5743,7.8835,7.4092,7.8835,11.113,14.399,14.332,10.161,12.554,13.303,11.389,12.554,13.941,11.952,12.344,13.513,10.42,11.389,9.3873,6.2698,8.8225,3.2595,5.564,5.3007,10.249,11.321,10.894,11.113,10.249,10.249,10.249,10.502,9.2801,11.113,10.249,13.172,13.127,22.466,23.79,25.218,25.7,25.677,26.111,25.525,26.901,26.818,24.991,25.515,24.95,22.589,22.67,20.894,18.737,18.484,18.688,18.93,17.637,17.359,16.933,14.903,15.538,11.893,12.753,14.595,15.64,18.574,18.311,10.074,9.8967,9.3326,8.9054,8.6522,8.399,8.6438,8.6274,8.5691,8.5318,8.3539,8.2616,8.3455,8.0545,8.2783,8.2812,8.5641,9.2657,9.3929,9.3838,9.4676,9.4706,9.6667,9.9146,9.8557,9.8687,10.277,10.372,10.002,10.074,8.4513,8.2699,8.0347,7.9431,7.6373,7.3579,7.5226,7.4296,7.4497,7.5012,7.3161,7.0716,7.3878,7.4514,7.6568,8.7508,9.0331,8.7749,8.5167,8.6391,8.8765,8.6695,8.913,8.7967,8.8168,8.744,8.7169,8.6913,8.2913,8.4513,9.062,8.8209,8.492,8.2672,8.0046,7.8212,7.904,7.781,7.6962,7.6298,7.6536,7.513,7.5094,7.4883,7.714,7.8438,8.1032,8.2012,8.3315,8.4062,8.5661,8.4862,8.4278,8.5352,8.7106,9.0449,9.1072,9.2535,8.9264,9.062
21.109,8.9651,10.443,15.015,15.562,13.965,14.867,13.965,15.562,16.881,15.432,17.907,17.121,16.293,16.337,13.536,10.273,4.4226,7.9071,9.411,10.273,10.917,10.443,8.8461,8.9651,7.2625,7.4329,11.412,10.443,14.147,13.928,10.273,10.185,11.856,13.453,12.577,12.577,13.151,12.777,13.453,10.526,10.443,10.273,7.9071,6.2934,3.2831,2.314,8.9651,7.9071,10.443,10.273,9.8152,9.8152,8.9651,10.917,9.411,10.273,12.777,9.8152,13.151,11.136,23.217,23.536,26.192,26.638,25.623,25.588,25.896,26.499,26.161,24.362,25.021,24.797,23.339,22.552,19.882,17.708,17.907,17.263,18.965,17.263,17.45,16.975,16.337,14.927,13.326,12.421,16.464,15.242,19,18.239,10.353,10.139,9.5432,9.1864,8.8068,8.8221,8.8373,8.8525,8.9285,8.7682,8.6379,8.5145,8.4743,8.2499,8.4752,8.4294,8.5866,9.3973,9.485,9.5554,9.6119,9.6372,9.6525,10.091,9.9317,10.089,10.37,10.51,10.221,10.353,8.719,8.4784,8.2377,8.1945,7.8333,7.7345,7.6424,7.5932,7.7768,7.8459,7.6862,7.7849,7.8072,7.6254,8.0283,9.0367,8.9612,8.9603,8.9028,9.0015,8.9407,8.842,9.0883,9.063,9.1167,9.1286,8.9729,8.9691,8.632,8.719,9.3167,9.0151,8.7216,8.5078,8.2574,8.1288,8.0739,7.9625,7.9143,7.8819,7.8577,7.7391,7.777,7.6316,7.9234,8.0892,8.3409,8.5093,8.5799,8.6798,8.644,8.615,8.6756,8.7661,8.988,9.3266,9.3982,9.4636,9.1423,9.3167
21.129,8.618,11.569,12.848,14.639,13.189,14.783,14.075,14.55,17.313,16.915,17.313,17.313,14.639,15.489,12.979,10.57,6.9153,7.9874,10.57,11.065,7.9874,9.8379,4.0754,8.2507,7.0857,7.0857,9.0638,9.4681,13.905,12.804,10.789,11.065,11.628,12.074,12.23,13.8,11.065,12.804,12.979,10.789,9.4681,10.179,6.9153,8.618,5.2404,-0.074355,7.0857,10.096,10.57,8.9565,9.9256,10.179,10.57,9.9256,8.618,8.2507,10.096,9.9256,12.848,11.569,21.978,23.581,24.486,25.194,25.374,26.019,24.969,26.517,26.868,24.72,25.233,24.55,21.368,21.773,20.292,18.327,18.699,18.095,18.699,17.779,17.018,17.233,14.303,14.55,11.065,12.936,14.271,15.316,18.251,18.618,10.738,10.321,9.8071,9.4864,9.2177,9.0955,9.0606,9.1125,9.2226,9.0401,8.9116,8.8439,8.872,8.5599,8.8258,8.9511,9.0585,9.8303,10.08,10.18,10.149,9.9936,10.035,10.713,10.51,10.745,10.897,11.095,10.797,10.738,9.0065,8.7407,8.4677,8.29,8.0918,7.8457,7.9705,7.8903,7.9256,7.7025,8.0246,7.8359,7.7402,7.815,7.9582,8.2927,9.1122,9.2748,9.2502,9.0768,9.1664,9.2125,9.0826,9.2553,9.1883,9.036,9.1468,8.9702,8.8799,9.0065,9.5096,9.298,8.8876,8.7742,8.4937,8.2913,8.3697,8.2589,8.2178,8.0788,8.1389,8.0843,8.0307,7.9473,8.1906,8.3581,8.4979,8.7448,8.8182,8.8272,8.9798,8.8892,8.8879,9.0211,9.1501,9.5908,9.769,9.641,9.4965,9.5096
21.149,8.9969,10.998,13.838,15.174,13.733,14.204,14.236,14.91,15.541,16.41,16.743,17.493,15.541,16.41,13.243,6.8484,7.493,7.0188,9.8587,9.8587,9.771,10.112,7.9205,9.8587,2.869,6.8484,8.8896,10.503,14.513,12.912,11.502,10.998,12.411,13.514,13.243,11.9,12.363,12.007,11.561,10.112,9.771,10.029,7.0188,7.493,5.4218,4.0085,6.8484,8.1838,10.998,10.029,8.5511,8.9969,8.1838,9.8587,10.029,9.4012,12.007,10.029,12.869,12.737,22.416,23.303,25.217,25.993,25.482,25.482,25.255,26.329,25.855,24.386,24.607,24.902,22.416,22.334,19.798,18.093,17.712,17.582,18.551,17.493,16.848,17.838,15.25,15.017,10.998,12.411,14.572,15.879,18.456,17.478,10.72,10.33,9.9771,9.5769,9.2937,9.2927,9.2413,9.2009,9.2108,9.1456,8.9663,8.9604,8.903,8.6578,8.9299,8.9242,9.2914,9.7384,10.029,10.016,9.8607,10.213,10.336,10.322,10.489,10.513,10.822,10.725,10.616,10.72,9.2057,8.8963,8.7348,8.601,8.2706,8.084,8.1039,8.2244,8.0619,7.9581,8.2482,8.2287,8.0117,8.0023,8.1658,8.9317,9.4446,9.6262,9.5299,9.2399,9.3855,9.114,9.3268,9.4968,9.3353,9.3846,9.3788,9.0751,9.0555,9.2057,9.691,9.4701,9.0947,8.9421,8.6913,8.5503,8.5295,8.4277,8.3302,8.2608,8.2796,8.2095,8.1995,8.0716,8.4407,8.557,8.7373,8.9248,9.0377,9.1862,9.0984,8.9958,9.1337,9.1882,9.3879,9.7671,9.8568,9.8132,9.5518,9.691
21.169,7.6031,10.832,13.843,15.651,14.346,12.979,14.593,15.835,16.653,15.902,16.423,17.212,16.653,16.242,13.149,7.6031,6.9585,5.5318,7.6031,8.5421,9.5112,9.5112,7.1288,10.222,6.9585,5.9894,9.9688,10.139,13.624,13.948,11.108,10.139,12.117,11.671,12.064,11.671,12.273,11.304,9.9688,11.108,11.108,9.107,9.5112,7.1288,2.9791,2.9791,5.2836,7.6031,10.613,8.6611,9.9688,9.5112,9.8811,12.01,8.0306,8.6611,11.304,9.9688,12.117,12.847,22.473,23.137,25.928,26.13,25.447,24.982,25.592,26.326,25.12,23.903,24.637,24.846,23.149,22.123,19.263,17.404,17.325,17.588,18.031,15.989,17.212,16.871,15.989,15.258,12.522,12.117,15.835,15.284,19.096,17.836,9.7049,9.1907,8.9663,8.4946,8.078,8.0604,8.0611,8.0108,8.0807,8.09,7.9132,7.8265,7.6505,7.4707,7.5559,7.9338,8.2318,8.6509,8.807,8.9874,9.0847,9.0022,9.2969,9.3822,9.578,9.6753,9.9146,9.7456,9.7043,9.7049,7.7913,7.8117,7.5971,7.2412,7.1049,6.9687,6.7208,6.7412,6.6848,6.9025,6.743,6.6767,6.7283,6.5512,6.9109,8.0384,7.9557,8.3042,8.0028,8.247,7.7805,7.9427,7.9631,7.9835,8.1457,8.0095,8.0834,8.027,7.6149,7.7913,8.4655,8.2606,7.992,7.7466,7.5764,7.3719,7.2625,7.1471,7.1008,7.1596,7.0522,6.9847,6.9482,6.8114,7.1375,7.3183,7.4899,7.7429,7.7772,7.9534,7.8513,7.7003,7.8765,7.9838,8.4087,8.4743,8.5548,8.5768,8.3591,8.4655
21.189,9.2775,12.751,14.226,14.871,13.939,14.121,14.871,15.637,16.931,16.52,17.407,18.376,16.374,15.929,12.342,11.11,5.2981,6.2672,10.159,8.5717,9.2775,9.7891,5.8097,8.939,8.5717,9.3848,10.5,10.417,14.226,13.631,10.417,11.386,13.257,13.3,12.751,12.551,13.125,11.386,12.551,10.247,11.386,11.386,9.7891,7.2363,2.7994,0.24665,7.8809,9.7891,10.247,8.5717,8.939,10.417,8.5717,10.159,10.417,10.5,11.582,9.3848,12.551,11.11,23.089,24.023,26.206,26.612,25.397,25.985,25.734,26.603,26.058,24.264,24.634,24.918,23.364,22.662,19.808,17.911,17.407,18.308,18.771,17.339,17.236,17.911,16.374,15.405,11.386,12.395,15.536,14.989,19.123,17.489,11.54,10.878,10.527,10.007,9.7788,9.7713,9.689,9.7861,9.7529,9.6832,9.5569,9.5157,9.4151,9.2463,9.619,9.5954,9.3904,10.525,10.733,10.863,10.826,10.712,11.061,11.112,11.077,11.393,11.668,11.472,11.341,11.54,9.6356,9.3767,9.2083,8.9802,8.9215,8.7274,8.69,8.6561,8.5178,8.5506,8.489,8.445,8.4565,8.5924,9.1919,9.3277,10.01,9.8832,9.8772,9.5882,9.8124,9.6588,9.8159,9.875,9.8865,9.7815,9.8577,9.8061,9.5122,9.6356,10.217,10.003,9.6008,9.4154,9.1754,9.0272,9.0248,8.887,8.8166,8.77,8.7603,8.7118,8.7139,8.5763,8.8272,9.076,9.2018,9.4714,9.5318,9.5821,9.5854,9.5878,9.6269,9.7721,10.004,10.205,10.308,10.352,10.092,10.217
21.209,8.5623,10.237,14.387,15.919,13.892,13.622,14.32,15.552,16.103,17.139,17.593,17.672,16.789,15.824,13.115,8.9295,8.9295,7.8715,8.299,8.9295,7.8715,10.408,7.8715,8.9295,7.2269,7.3972,10.237,8.5623,14.387,12.542,11.377,10.882,13.115,13.622,12.741,13.291,11.881,12.278,11.309,11.377,10.882,9.2681,8.5623,7.8715,2.7899,0.23719,5.552,7.3972,11.821,8.9295,9.2681,9.3753,8.9295,11.881,9.3753,7.3972,9.7796,11.101,14.217,12.542,22.965,23.681,25.688,26.416,25.462,25.735,25.803,26.48,25.462,24.724,25.294,24.953,23.472,22.795,19.531,17.871,18.258,17.735,18.562,16.301,17.139,17.871,16.301,15.552,12.542,11.377,15.8,14.387,19.113,17.672,10.032,9.7287,9.2618,8.887,8.5799,8.4926,8.5834,8.4595,8.4394,8.4451,8.3212,8.1514,8.0982,8.0167,8.1817,8.183,8.7677,9.1371,9.3169,9.2814,9.3205,9.3029,9.6801,9.7192,9.5418,9.6804,10.21,10.112,9.9326,10.032,8.5133,8.119,7.9012,7.7213,7.5304,7.402,7.6727,7.4541,7.5203,7.531,7.4141,7.2173,7.5284,7.4084,7.5577,8.5512,8.8623,8.9498,8.8916,8.8012,8.8441,8.7996,8.8198,8.8258,9.0396,8.8708,8.7396,8.857,8.5122,8.5133,9.0201,8.7601,8.4216,8.2162,7.9588,7.789,7.7895,7.7063,7.5818,7.6441,7.5969,7.4716,7.4479,7.3568,7.6755,7.7485,8.0762,8.2434,8.2521,8.3153,8.4242,8.4321,8.3354,8.5473,8.7295,8.9168,9.1078,9.1919,8.8039,9.0201
21.229,9.4188,10.129,14.619,15.391,14.222,14.026,12.799,14.734,16.004,15.742,16.866,17.744,15.191,15.191,13.261,8.5687,7.5106,5.897,8.2015,9.8764,9.0145,8.2015,9.8764,10.521,6.8661,7.0364,9.8764,9.8764,14.47,13.14,11.016,9.8764,12.754,13.057,12.181,12.887,11.016,12.754,11.016,10.047,10.129,10.129,9.4188,8.2015,2.8867,-0.12363,4.9279,10.129,9.8764,8.4497,9.4188,9.4188,9.8764,11.016,8.2015,9.8764,11.579,10.521,12.754,10.74,22.745,23.261,25.64,26.399,25.191,25.558,25.499,26.233,25.444,23.863,24.363,24.89,22.964,22.181,19.672,17.511,17.496,17.232,18.201,16.331,17.232,16.707,15.94,15.391,11.972,12.429,15.94,14.928,18.604,17.842,10.206,9.9744,9.3333,9.0931,8.8868,8.6775,8.7556,8.8125,8.7325,8.7195,8.467,8.3557,8.3358,8.0058,8.3279,8.4686,8.8505,9.3647,9.3953,9.5941,9.3748,9.6165,9.5315,9.8658,9.9407,10.092,10.35,10.304,10.116,10.206,8.5941,8.4686,7.9936,7.9135,7.7844,7.6113,7.6278,7.53,7.523,7.5949,7.426,7.405,7.7553,7.7242,7.3976,8.7186,8.7905,9.0478,9.0763,8.8265,8.8985,8.7906,9.0044,8.879,8.9034,9.0404,8.8139,8.8038,8.5163,8.5941,9.2236,8.9509,8.6246,8.3695,8.151,7.9885,7.9862,7.8556,7.8079,7.7877,7.7461,7.631,7.6625,7.5405,7.9083,8.0274,8.1919,8.4899,8.5693,8.5932,8.5482,8.5857,8.7036,8.5883,8.9046,9.1259,9.3049,9.2846,9.135,9.2236
21.249,9.4339,9.8914,14.237,14.545,13.546,13.155,13.584,15.282,16.424,16.594,17.051,16.881,15.181,16.793,13.765,8.2165,7.9532,8.2165,9.4339,10.144,9.8914,9.8914,7.5257,7.9532,7.0515,7.5257,10.755,11.031,13.584,14.041,9.4339,11.535,12.444,12.444,11.594,9.8914,11.475,11.227,11.227,11.594,11.227,10.536,6.8811,4.9429,1.9326,2.9017,7.0515,9.0296,8.5837,8.2165,9.0296,8.4648,7.5257,11.594,9.8914,9.4339,11.031,9.8914,13.584,12.196,22.444,23.072,25.01,25.459,25.3,25.521,25.32,26.286,26.169,24.515,24.509,24.391,22.549,22.733,20.062,17.953,18.217,17.745,18.292,17.745,17.001,17.526,15.181,15.282,11.933,11.475,15.78,14.604,18.572,18.217,10.519,10.165,9.6036,9.2478,9.0953,8.8189,8.9544,8.825,8.9453,8.8266,8.7213,8.6026,8.4973,8.3961,8.453,8.6144,8.9807,9.3469,9.8813,9.7506,9.8547,9.8224,9.9112,10.117,10.141,10.174,10.471,10.725,10.229,10.519,8.8784,8.6061,8.2659,8.1725,8.0938,7.8818,7.7884,7.798,7.8582,7.7027,7.8775,7.7778,7.8055,7.7121,7.4768,9.134,9.165,9.2377,9.0569,8.9015,9.0959,8.9713,9.1409,9.121,9.1927,9.1373,9.0994,9.2722,8.6976,8.8784,9.4128,9.2013,8.8303,8.6053,8.381,8.221,8.231,8.1233,8.034,8.0153,7.9966,7.8766,7.8919,7.7848,8.0426,8.1528,8.4641,8.5706,8.7253,8.7559,8.8374,8.7539,8.8364,8.8453,9.0906,9.3251,9.4632,9.4872,9.3126,9.4128
21.269,7.8717,10.491,14.387,15.289,13.892,13.501,14.98,15.552,17.122,16.846,18.367,18.091,15.207,16.365,14.217,10.408,7.8717,6.2581,8.8108,9.7799,10.882,10.491,7.2272,9.2684,7.2272,7.8717,8.5626,11.31,13.248,14.111,11.94,11.573,10.882,12.542,12.742,12.386,12.542,13.248,13.501,11.94,11.377,12.279,7.2272,8.8108,4.3872,0.23747,6.2581,9.3756,11.31,11.101,8.9298,10.491,9.3756,11.573,10.15,9.3756,11.377,9.7799,13.418,12.386,22.712,23.654,25.281,25.754,25.86,26.065,25.367,26.739,26.94,25.069,25.568,25.046,22.578,22.542,20.612,17.902,18.353,18.537,18.563,17.48,17.625,17.961,15.552,14.217,12.542,12.742,15.527,15.552,19.011,18.563,10.786,10.508,9.9534,9.6043,9.3695,9.1157,9.2964,9.2427,9.2584,9.1487,9.0618,8.9439,8.8472,8.6206,8.8633,9.0889,9.1204,9.8373,10.007,10.177,10.109,10.059,10.328,10.356,10.668,10.921,10.905,10.999,10.705,10.786,9.2419,8.9436,8.5895,8.5328,8.3061,8.2037,8.0191,7.8773,7.937,8.0605,8.1314,8.1103,8.2135,8.1368,8.1157,8.8069,9.3738,9.5082,9.4003,9.2725,9.1284,9.2518,9.2009,9.338,9.6599,9.3307,9.3472,9.326,8.9831,9.2419,9.6919,9.4381,9.0858,8.868,8.6796,8.5017,8.4223,8.3701,8.3196,8.2374,8.2959,8.2247,8.1328,8.0299,8.3899,8.5076,8.7235,8.9075,9.0106,9.0619,9.0146,9.0753,9.1065,9.1407,9.4703,9.7414,9.7574,9.7654,9.5434,9.6919
21.289,8.5711,11.018,15.194,16.007,14.503,12.932,13.263,15.561,16.007,16.007,16.781,17.376,15.943,15.812,12.431,9.0169,4.0285,8.2038,8.5711,8.9096,9.0169,9.8787,8.5711,8.2038,6.8684,7.0388,10.132,9.8787,13.717,13.858,11.462,12.932,12.183,12.183,12.757,11.92,11.018,12.383,12.383,9.8787,10.049,11.581,4.0285,6.8684,5.8993,2.889,6.8684,8.2038,10.132,8.2038,9.0169,8.5711,8.9096,10.742,8.9096,8.9096,11.462,8.9096,13.534,12.183,22.383,23.195,25.396,26.205,25.366,25.635,25.186,26.333,25.624,24.134,24.722,24.403,22.662,21.92,19.592,17.235,17.122,17.732,18.178,17.055,17.039,17.9,16.274,15.194,12.932,11.018,15.466,15.767,19.343,17.844,9.5137,9.1791,8.6452,8.4042,8.0184,7.8258,7.9867,7.8881,8.0223,7.9307,7.808,7.5934,7.5631,7.4293,7.6595,7.6372,8.1024,8.6068,8.7834,8.8485,8.8261,8.8452,9.0901,9.2668,9.4319,9.5377,9.614,9.6588,9.4254,9.5137,7.8989,7.7033,7.3851,7.2317,7.085,6.8862,7.037,6.8442,6.8808,6.9542,6.7144,6.842,7.2999,6.5585,7.2285,7.8606,8.0289,8.1322,8.3602,8.0316,8.1661,8.1467,8.1499,8.2671,8.2029,8.0495,8.076,8.1025,7.8904,7.8989,8.3647,8.1919,7.8347,7.6298,7.3866,7.2568,7.1984,7.123,7.0382,7.0361,6.9987,6.9113,6.8777,6.8136,7.1084,7.2575,7.3193,7.5844,7.7036,7.7908,7.7781,7.7286,7.8099,7.8848,8.2005,8.2732,8.5517,8.573,8.2556,8.3647
21.309,10.225,11.365,14.879,15.54,13.917,13.406,14.205,15.384,16.928,16.353,17.402,18.205,15.907,15.616,12.73,8.5504,7.8596,6.2459,10.138,9.7677,9.3635,11.297,8.5504,10.225,7.3853,7.3853,9.7677,10.396,14.603,13.148,10.396,12.374,12.53,13.61,13.88,11.365,12.32,13.766,12.53,11.365,9.7677,10.396,8.7986,7.8596,2.2665,2.2665,7.215,9.3635,11.365,9.7677,9.2562,10.138,10.396,9.3635,11.365,9.7677,10.396,12.374,11.928,13.489,22.783,23.578,25.634,26.404,25.26,26.246,25.703,26.566,26.468,24.523,24.926,24.906,22.972,22.31,19.69,16.834,19.101,17.845,18.999,17.468,17.581,17.83,16.353,16.246,12.267,11.928,15.788,15.514,19.168,17.889,9.665,9.3191,8.9372,8.4336,8.3327,8.1111,8.2977,8.1454,8.2319,8.1659,7.9719,7.8691,7.777,7.5594,7.7173,7.8094,8.2133,8.8603,8.9605,9.0607,9.1921,9.0812,9.1047,9.4235,9.3994,9.5684,9.866,9.9107,9.5378,9.665,8.2237,7.8555,7.5401,7.4732,7.3052,7.1379,7.1227,6.9077,7.2683,6.9392,7.1038,7.0885,7.0044,7.1278,7.2268,7.7307,8.3765,8.6278,8.3326,8.4972,8.2157,8.3979,8.3137,8.5096,8.4631,8.379,8.3637,8.3903,8.1633,8.2237,8.6501,8.4548,8.097,7.9011,7.6916,7.4808,7.5046,7.3918,7.3363,7.2993,7.3278,7.207,7.1222,7.0804,7.3483,7.5497,7.6711,7.9497,7.9824,8.0767,8.1576,8.1284,8.0653,8.2236,8.4131,8.7677,8.7921,8.8396,8.5655,8.6501
21.329,7.912,11.186,14.228,15.413,14.444,14.592,14.592,16.382,17.871,17.703,18.338,18.338,15.871,15.914,12.904,9.8502,10.714,7.4845,9.8502,9.8502,10.99,11.553,8.5425,7.4845,8.9883,7.4845,9.7625,10.99,14.902,14.707,11.186,11.553,13.031,13.235,12.728,14.707,13.114,13.235,14,12.155,11.186,9.8502,7.912,8.8811,7.0102,2.8605,7.4845,8.8811,12.86,10.99,9.3926,11.434,9.8502,12.155,11.891,9.7625,11.494,11.553,13.724,14.196,23.15,24.519,25.91,26.442,26.093,26.943,26.257,27.338,27.462,25.258,26.124,25.584,23.018,23.068,20.381,19.393,19.315,18.483,19.255,18.175,17.514,18.085,16.304,15.139,11.999,13.83,15.413,16.534,19.393,19.469,9.9141,9.4609,9.0611,8.8258,8.2959,8.2623,8.4902,8.4566,8.3678,8.2713,8.1775,8.0636,8.0591,7.8931,7.8842,8.2198,8.2442,9.1356,9.3079,9.2416,9.1577,9.3035,9.4256,9.4571,9.74,9.8017,9.9983,10.056,9.9037,9.9141,8.3179,7.9673,7.7287,7.7544,7.4079,7.2593,7.5117,7.254,7.2109,7.2831,7.1805,7.3082,7.1792,7.2302,7.2256,8.2593,8.8326,8.6449,8.554,8.5494,8.476,8.6688,8.5399,8.6939,8.32,8.3709,8.5267,8.4495,8.2531,8.3179,8.893,8.6617,8.2551,8.144,7.7952,7.6413,7.7623,7.6304,7.5425,7.4459,7.4854,7.3781,7.3691,7.2885,7.5792,7.7063,7.8873,8.0739,8.2017,8.3086,8.3293,8.3295,8.281,8.3669,8.6068,8.8404,9.0807,9.0493,8.8799,8.893
21.349,8.4511,10.741,14.223,15.268,14.502,13.752,13.533,15.193,15.833,15.465,17.12,17.601,15.56,16.006,12.888,7.0378,6.8674,6.8674,9.4202,9.4202,8.4511,10.741,7.9395,8.5701,6.8674,6.8674,8.5701,9.8777,14.223,12.931,9.8777,11.213,12.182,13.058,11.017,12.756,12.026,11.58,12.756,11.213,11.461,9.8777,7.0378,8.2028,2.888,-0.12227,6.8674,7.512,11.017,8.9086,10.131,9.0159,10.522,11.017,10.048,10.131,12.026,10.741,13.058,13.262,22.679,23.23,25.567,26.02,25.182,25.431,25.508,26.4,25.414,23.96,24.735,24.735,22.888,21.679,19.42,17.375,17.899,17.601,18.047,16.332,17.12,17.12,16.332,14.983,11.919,12.026,15.56,15.465,19.342,18.177,10.222,9.9387,9.2959,9.0106,8.6062,8.5626,8.6838,8.6526,8.6069,8.5378,8.4776,8.2643,8.2047,8.0662,8.1637,8.3099,8.7049,9.2973,9.426,9.3749,9.5037,9.4013,9.903,9.8752,9.6589,9.9675,10.082,10.367,10.071,10.222,8.4168,8.401,7.9721,7.8319,7.64,7.5312,7.5269,7.5419,7.5342,7.3957,7.3799,7.261,7.4463,7.6279,7.4439,8.7539,8.8149,9.0765,8.7015,8.4962,8.4208,8.549,8.5824,8.5778,8.6388,8.4589,8.5946,8.5351,8.3811,8.4168,9.1627,8.9077,8.5704,8.3212,8.1092,7.9224,7.9376,7.8656,7.7538,7.7118,7.7115,7.6081,7.6195,7.5276,7.8764,7.9718,8.1488,8.4044,8.4349,8.5214,8.5757,8.5592,8.571,8.6687,8.8871,9.0743,9.2052,9.3111,9.0608,9.1627
21.369,9.3116,11.144,14.994,15.25,13.159,14.26,14.26,15.868,16.889,16.965,17.27,17.441,16.409,15.332,13.203,9.3116,8.9731,7.4408,9.8232,8.6058,10.193,10.451,8.6058,11.353,8.6058,7.2704,9.3116,9.8232,13.159,12.585,11.616,9.8232,11.42,13.544,12.585,12.785,11.353,11.983,11.42,11.42,10.925,11.924,8.9731,8.3425,3.291,4.4305,7.2704,10.193,11.144,9.4189,7.4408,9.3116,9.4189,12.429,11.144,10.281,11.42,10.281,14.119,12.785,22.91,23.665,25.849,26.345,25.547,25.846,25.557,26.662,26.459,24.74,25.25,24.914,22.838,22.289,19.89,17.441,17.716,17.589,18.515,17.111,17.885,17.441,15.57,15.868,11.924,12.429,15.795,16.345,19.322,18.148,10.476,10.074,9.6469,9.355,9.0519,8.9774,8.9484,8.9047,8.9189,8.8492,8.7662,8.5398,8.535,8.3953,8.5461,8.6969,8.8245,9.4067,9.7549,9.8026,9.8766,9.9031,10.075,10.149,10.223,10.735,10.744,10.573,10.498,10.476,8.8746,8.5649,8.1345,8.1425,7.9692,7.7281,7.722,7.6542,7.7753,7.6842,7.9562,7.7015,7.73,7.6623,8.6784,8.9646,9.1778,9.0867,8.9445,9.2956,9.3707,9.4041,9.3822,9.1493,9.1177,8.936,9.2222,9.1136,8.8807,8.8746,9.3787,9.1094,8.7898,8.6002,8.3713,8.1786,8.182,8.0712,8.0095,7.9586,7.9642,7.849,7.8027,7.7904,8.0548,8.2979,8.4067,8.6186,8.6838,8.8138,8.8447,8.7394,8.7759,8.8885,9.0701,9.3777,9.596,9.4935,9.3135,9.3787
21.389,6.2622,11.885,14.115,15.211,14.221,15.531,14.221,16.305,17.484,17.144,17.231,17.629,15.211,16.515,13.164,10.495,7.4016,7.2313,10.412,10.412,10.242,9.3797,6.2622,9.2725,5.8046,8.5667,10.242,9.3797,14.221,13.626,11.577,11.105,12.39,13.252,13.422,12.546,11.381,13.505,13.505,11.381,10.412,7.8759,8.9339,7.2313,0.24158,4.3913,3.2519,11.381,11.105,10.886,10.495,10.242,9.784,10.242,11.944,8.9339,10.886,9.784,13.422,11.105,22.794,23.685,25.632,26.433,25.67,26.161,25.836,26.787,26.622,24.304,25.05,25.099,22.785,22.39,19.784,18.095,18.371,17.965,18.839,17.418,17.549,17.921,15.805,14.984,12.546,12.39,15.531,16.107,19.118,18.262,10.658,10.457,9.7766,9.4177,9.0766,8.9861,9.0333,9.1493,9.0714,9.0443,8.8807,8.7442,8.7312,8.5755,8.6902,8.805,8.9511,9.7704,9.8042,10.031,9.9233,10.012,10.202,10.038,10.196,10.573,10.797,10.602,10.507,10.658,8.9526,8.8787,8.6305,8.371,8.0873,7.9796,7.9525,7.8782,7.8788,7.8045,7.898,7.8529,7.8644,7.9432,8.6802,8.7183,9.0092,9.3689,9.107,9.193,9.067,9.117,9.3525,9.3041,9.0526,9.1547,9.1418,8.9967,8.8928,8.9526,9.5484,9.3063,8.9377,8.7617,8.4725,8.3161,8.3888,8.2587,8.1786,8.1493,8.1078,7.9819,8.0211,7.896,8.1701,8.3618,8.5695,8.7715,8.7685,8.9,8.93,8.9561,8.9399,9.0081,9.1807,9.416,9.6965,9.6132,9.3924,9.5484
21.409,9.3756,10.49,14.891,15.207,15.552,15.343,13.115,16.126,16.77,16.94,17.48,17.48,14.861,16.192,12.79,10.408,7.3975,8.9297,11.881,10.408,8.9297,10.882,5.5522,10.237,7.2271,8.5625,10.237,9.7798,14.217,14.387,10.408,11.881,12.542,12.742,13.418,12.279,13.16,12.386,13.501,10.882,10.882,11.101,7.3975,7.8717,3.2477,3.2477,7.2271,10.882,10.49,9.7798,10.237,9.7798,8.5625,11.377,10.237,9.2683,12.542,11.101,13.622,11.101,22.375,23.554,25.791,26.09,26.103,26.175,25.919,26.707,26.361,24.724,25.343,25.049,22.578,22.062,20.078,17.857,19.136,18.871,18.563,17.593,17.872,17.593,15.527,14.861,11.881,12.386,15.289,15.919,18.563,18.258,10.828,10.846,10.059,9.7692,9.2568,9.1841,9.4528,9.3033,9.3791,9.1741,9.1786,8.8872,8.8643,8.8448,9.0877,9.0625,9.3078,9.9115,10.023,10.035,10.248,10.314,10.029,10.278,10.413,10.662,10.899,10.929,10.638,10.828,9.5162,9.1553,8.7478,8.5564,8.3275,8.2524,8.5165,8.4276,8.3958,8.3228,8.0989,8.395,8.3022,8.3102,8.0275,9.5407,9.5211,9.8683,9.771,9.5281,9.7922,9.7726,9.7917,9.7128,9.6377,9.7599,9.8054,9.7339,9.3336,9.5162,9.9269,9.6616,9.2294,9.0565,8.7014,8.5877,8.7177,8.6203,8.4852,8.4471,8.4093,8.3408,8.3382,8.3021,8.6024,8.6642,8.8325,9.0889,9.0717,9.1947,9.3239,9.2869,9.2337,9.4885,9.5896,9.7068,10.082,10.049,9.7877,9.9269
21.429,8.1879,12.011,14.24,15.45,13.737,15.022,14.72,15.178,14.914,15.751,17.251,17.251,16.765,15.377,12.167,9.4052,6.8525,8.4361,10.726,9.4052,10.033,9.0009,8.4361,9.4052,8.1879,7.0228,9.4052,10.033,13.518,13.404,10.507,11.506,13.043,13.126,12.011,12.873,11.506,12.415,11.446,11.002,10.507,9.4052,8.4361,5.8834,1.904,5.8834,5.8834,8.5551,10.033,8.8937,7.4971,10.726,8.4361,12.367,8.8937,8.8937,11.446,8.8937,13.945,11.198,23.031,23.404,25.578,26.136,25.221,25.663,25.37,26.454,25.377,23.811,24.706,24.614,22.912,22.142,18.99,17.039,17.497,17.482,18.448,17.023,16.765,17.106,15.45,15.751,12.011,11.904,15.883,15.178,18.828,17.527,11.284,10.804,10.353,9.8273,9.6645,9.5199,9.7508,9.5999,9.5783,9.5501,9.4438,9.2313,9.2215,9.1918,9.3707,9.6329,9.83,10.491,10.457,10.705,10.314,10.667,10.653,10.85,10.944,11.262,11.261,11.403,11.095,11.284,9.653,9.4907,9.0774,8.9742,8.6225,8.4697,8.5025,8.4233,8.561,8.5013,8.5734,8.4724,8.6101,8.7478,9.0274,9.307,9.9083,9.8808,10.059,9.9996,9.8987,10.004,9.9111,9.9538,9.8647,9.8225,9.9602,10.098,9.5921,9.653,10.068,9.8205,9.4795,9.2446,9.0182,8.8329,8.8893,8.7573,8.6756,8.6122,8.6303,8.5353,8.4603,8.4439,8.7281,8.7977,9.0749,9.2953,9.4043,9.4841,9.495,9.445,9.4965,9.6246,9.7457,9.9917,10.269,10.159,9.9673,10.068
21.449,7.2418,11.836,12.756,14.231,14.334,14.09,14.63,15.934,17.362,17.56,19.026,18.12,14.231,16.38,14.598,9.283,7.4121,7.8863,10.252,10.252,7.8863,10.505,7.2418,7.8863,7.2418,8.5772,9.3902,10.505,12.557,15.221,10.422,11.392,11.955,12.557,12.756,11.896,12.401,12.557,12.293,12.557,11.836,11.392,5.3036,8.3139,5.8151,3.2624,8.3139,9.283,10.897,10.252,9.7945,10.505,7.2418,10.897,10.252,11.116,10.897,12.557,12.557,13.433,21.984,24.09,24.537,24.933,25.59,26.249,25.541,26.414,27.15,25.487,26.249,25.129,21.543,22.633,20.422,18.421,19.337,18.885,18.105,17.362,17.871,17.412,14.846,14.63,14.334,12.756,14.63,15.767,18.381,19.026,9.9943,9.7875,9.0221,8.7683,8.3817,8.1749,8.4047,8.3901,8.4023,8.2628,8.1338,7.9645,7.9764,7.8802,8.1295,7.9995,8.4537,9.2154,9.2716,9.2067,9.3804,9.3002,9.5136,9.5454,9.7435,9.7817,10.005,10.187,9.7785,9.9943,8.3744,8.0306,7.8005,7.5832,7.3205,7.1817,7.2268,7.1434,7.2595,7.0917,7.0396,7.2879,7.2833,7.0125,7.527,8.5053,8.5562,8.6071,8.395,8.5291,8.7219,8.4945,8.6439,8.6361,8.6039,8.5656,8.609,8.5,8.3711,8.3744,8.8531,8.6178,8.2027,8.024,7.7163,7.567,7.6683,7.5668,7.4503,7.3468,7.4071,7.2889,7.2232,7.267,7.4343,7.5748,7.7392,7.8978,8.0792,8.1217,8.2116,8.1673,8.1655,8.3341,8.4149,8.7054,9.013,8.9548,8.7162,8.8531
21.469,9.0258,11.223,14.037,15.57,13.867,14.542,14.512,15.908,17.048,16.016,18.326,16.283,15.177,15.908,12.766,8.58,6.8774,5.2025,9.0258,10.141,9.4301,10.058,7.0477,10.141,6.8774,5.2025,7.0477,9.4301,13.068,12.766,10.058,11.223,12.898,12.192,12.392,11.027,12.392,12.44,10.96,11.59,10.532,11.531,6.8774,8.2128,6.8774,1.9289,7.0477,9.8877,10.751,9.7999,9.4301,9.0258,8.9186,11.531,9.4301,9.7999,11.531,10.058,13.543,12.898,21.735,23.587,24.745,25.518,25.164,25.651,25.402,26.306,26.13,24.412,24.639,24.708,22.507,21.863,20.165,17.522,18.412,18.122,17.867,15.908,17.552,17.13,15.57,15.177,12.036,11.027,14.857,15.451,18.326,18.919,9.9394,9.8753,9.3075,8.935,8.7133,8.41,8.5794,8.5817,8.5076,8.4753,8.3589,8.14,8.233,8.0346,8.2544,8.258,8.3666,9.3521,9.5093,9.4786,9.3236,9.3914,9.5878,9.6991,9.637,9.8255,9.9701,10.291,9.968,9.9394,8.5939,8.2909,8.1385,7.8063,7.5428,7.6385,7.4855,7.325,7.5332,7.4429,7.4272,7.1935,7.4387,7.5818,7.5713,8.8867,8.8286,9.0193,8.8151,8.6503,8.7166,8.8141,8.9911,8.8405,8.6221,8.6884,8.8596,8.7655,8.327,8.5939,9.1152,8.8236,8.4707,8.2499,7.9962,7.7969,7.9211,7.7817,7.6798,7.6217,7.6467,7.489,7.5591,7.4247,7.7221,7.862,8.0862,8.2268,8.3098,8.3445,8.452,8.442,8.5327,8.5196,8.7696,9.0687,9.2278,9.1541,8.9536,9.1152
21.489,9.389,10.504,15.566,16.271,14.23,13.943,14.401,16.379,16.117,15.642,17.241,17.411,15.838,16.379,12.555,9.389,8.5759,7.2406,10.163,8.5759,9.7933,8.9432,9.7933,9.7933,7.4109,6.2715,10.251,10.251,14.875,13.635,11.39,10.421,12.399,13.173,11.39,13.792,12.755,12.399,11.114,11.894,10.504,11.834,9.2818,8.9432,5.5656,0.25086,5.8139,8.5759,10.163,9.389,10.895,11.39,11.953,10.895,11.586,9.389,11.894,10.504,13.514,10.504,23.102,23.707,26.166,26.391,25.729,25.987,25.919,26.496,25.857,23.924,24.76,25.17,23.402,22.389,19.282,16.86,18.003,17.153,18.537,17.885,17.241,17.974,16.206,14.905,13.173,12.755,16.953,15.302,19.336,18.367,10.397,10.053,9.4463,9.1931,8.8369,8.643,8.9303,8.8407,8.8394,8.7677,8.5641,8.4433,8.4439,8.426,8.6053,8.5369,9.0116,9.7238,9.6893,9.7579,9.8002,9.7805,10.091,10.057,10.005,10.347,10.635,10.6,10.341,10.397,8.8404,8.6643,8.1072,7.9688,7.5954,7.5373,7.7803,7.6474,7.5996,7.6187,7.518,7.5472,7.6199,7.6694,8.1259,8.4435,8.6581,8.9495,8.9454,8.5857,8.8522,8.8593,8.8998,8.8905,8.7769,8.6622,8.8826,8.7819,8.5328,8.8404,9.3642,9.0829,8.7247,8.4617,8.1884,8.0116,8.1795,8.0483,7.9113,7.8642,7.887,7.7249,7.7638,7.7714,8.0313,8.071,8.3144,8.5761,8.5319,8.6289,8.7991,8.7209,8.7226,8.7753,8.9672,9.291,9.4805,9.512,9.2772,9.3642
21.509,9.8087,12.415,14.246,15.581,14.14,14.416,14.612,14.979,16.287,16.818,17.509,16.875,16.661,15.948,12.415,9.4044,5.5811,7.256,10.266,8.5914,9.8087,8.9586,9.4044,9.8087,6.2869,6.2869,10.437,10.266,14.349,13.921,10.911,11.91,13.651,13.53,12.819,12.819,12.571,12.361,12.308,11.13,11.406,8.5914,9.2972,7.4263,3.2766,0.2663,3.2766,9.4044,10.179,10.437,9.2972,8.9586,10.437,10.911,10.911,9.4044,12.571,9.8087,13.144,12.415,22.971,23.895,26.201,26.33,25.773,25.773,25.834,26.736,25.783,24.186,25.109,25.188,23.384,22.571,19.519,17.256,18.395,17.654,18.287,16.969,17.654,17.151,16.287,15.555,12.571,13.144,15.781,15.829,19.799,17.901,10.737,10.361,9.7641,9.3546,9.062,8.9312,9.1828,9.0981,9.0987,9.0007,8.8131,8.7377,8.7321,8.5746,8.7863,8.8431,8.8129,9.8323,9.6678,9.8901,9.9443,10.267,10.048,10.236,9.9297,10.551,10.652,10.543,10.521,10.737,9.0173,8.8131,8.452,8.2128,8.0303,7.9463,8.1188,7.8161,7.9119,8.0589,7.7992,7.9426,7.7934,7.8337,8.9123,8.6863,9.3876,9.3727,9.2574,9.2289,9.1272,9.1998,9.3364,9.3179,9.0675,9.1358,9.2392,9.1163,8.9868,9.0173,9.5349,9.3082,8.9813,8.7366,8.4818,8.2659,8.3992,8.2736,8.1385,8.1132,8.0946,7.9422,7.913,7.904,8.1873,8.3208,8.5062,8.6878,8.7823,8.8765,8.8051,8.9284,8.9383,8.9643,9.0596,9.3319,9.7032,9.5754,9.3677,9.5349
21.529,9.9015,10.765,14.279,15.292,13.443,14.495,13.165,16.029,17.144,16.434,17.536,17.536,14.525,15.922,12.406,11.041,6.8912,5.9221,9.9015,9.9015,9.0396,8.5938,7.5358,10.072,7.0615,7.0615,10.072,9.4439,13.165,13.594,9.4439,12.206,10.072,12.78,13.165,12.78,12.05,13.443,12.206,10.765,10.072,9.9015,6.8912,7.5358,4.0512,2.9118,4.953,8.9324,11.041,8.9324,9.0396,8.9324,8.5938,9.0396,8.5938,7.5358,11.604,11.041,12.912,13.082,22.196,23.765,25.105,25.646,25.477,26.019,25.216,26.356,26.356,24.603,24.821,24.644,22.039,22.18,19.697,18.227,17.755,18.031,18.201,17.209,17.062,17.337,14.871,15.216,11.237,12.912,14.555,15.856,18.582,18.227,10.834,10.451,10.042,9.6068,9.37,9.1526,9.2801,9.2834,9.3003,9.1929,9.1253,8.9501,8.9656,8.7316,9.1394,9.0911,9.2065,10.021,10.334,10.041,10.143,10.047,10.136,10.563,10.017,10.652,10.896,11.011,10.675,10.834,9.2025,8.887,8.6534,8.6618,8.3095,8.2371,8.2812,8.1129,8.1858,7.8454,8.1304,7.9735,8.0449,8.0712,8.8517,9.1585,9.4097,9.661,9.5041,9.2363,9.4563,9.455,9.5411,9.6046,9.4467,9.4741,9.4771,9.3055,9.0756,9.2025,9.7532,9.5159,9.1325,8.955,8.741,8.5273,8.5462,8.4639,8.3991,8.2817,8.3826,8.2541,8.1874,8.1985,8.43,8.5783,8.7073,8.929,9.0616,9.1158,9.1632,9.0461,9.1247,9.2808,9.5377,9.7179,9.7959,9.8767,9.6306,9.7532
21.549,10.462,10.291,14.637,14.945,13.345,14.441,14.669,15.581,16.482,16.9,17.599,16.9,16.312,15.606,13.555,8.6165,7.9257,9.3223,10.544,9.4296,10.291,9.4296,8.6165,8.9837,8.6165,7.2811,8.8648,10.291,14.915,13.169,12.333,9.3223,12.844,13.984,13.169,11.935,13.984,13.302,12.796,11.627,10.291,10.291,7.4515,7.9257,2.3326,3.3017,8.6165,9.3223,10.936,9.8339,8.8648,10.291,10.936,10.544,9.4296,10.544,11.431,10.936,14.271,11.994,22.844,23.668,25.777,26.173,25.879,25.799,25.518,26.656,25.859,24.818,25.007,24.694,23.074,22.796,19.967,17.401,18.145,17.926,18.421,17.534,17.281,16.9,15.854,16.355,13.345,12.44,15.854,15.581,19.019,18.617,10.933,10.736,10.208,9.8851,9.4848,9.3682,9.4513,9.3519,9.408,9.3316,9.1932,9.0491,9.0403,8.8223,9.0361,9.157,9.6412,10.227,10.271,10.297,10.125,10.236,10.524,10.463,10.732,10.989,10.99,10.848,10.79,10.933,9.4567,9.2617,8.9248,8.6055,8.6313,8.4448,8.4111,8.4136,8.4454,8.2686,8.4721,8.419,8.4215,8.434,8.6195,9.6736,9.5554,9.9271,9.7909,9.6791,9.8058,9.6108,9.8208,9.728,9.7007,9.8946,9.6876,9.6313,9.3531,9.4567,9.9947,9.6998,9.4099,9.189,8.9949,8.7881,8.7407,8.6428,8.5687,8.5971,8.575,8.5022,8.3909,8.3333,8.6169,8.7676,9.0112,9.1486,9.3792,9.4482,9.2618,9.3824,9.3798,9.5519,9.5595,9.9427,10.183,10.064,9.8924,9.9947
21.569,11.513,13.41,15.824,17.305,14.727,14.612,15.997,15.997,17.305,17.029,17.835,18.038,16.771,17.257,13.708,10.733,7.9312,7.9312,10.514,11.009,11.572,8.9003,9.8694,9.0075,7.5037,7.5037,7.0294,11.009,14.493,14.523,10.122,12.374,14.247,13.41,12.88,14.493,12.374,13.849,14.019,11.911,9.8694,12.174,9.8694,7.5037,2.8797,2.4221,7.5037,9.0075,11.205,11.009,9.8694,8.9003,12.018,11.572,11.009,9.7817,11.572,11.009,14.839,13.41,23.543,24.369,26.572,26.902,25.751,26.553,26.25,27.143,26.655,24.664,25.866,25.633,23.849,23.157,20.04,19.363,18.194,18.562,19.363,17.931,18.467,17.723,16.754,16.143,12.923,13.254,15.933,15.758,20.056,18.813,9.7758,9.2669,8.9124,8.553,8.3054,8.159,8.3282,8.2534,8.2551,8.1281,7.9958,7.9298,7.9242,7.8225,7.9546,7.8286,8.3066,8.8754,9.0636,9.1031,9.1759,9.1159,9.5048,9.2569,9.31,9.8788,9.8696,10.117,9.7168,9.7758,8.1435,7.9122,7.5076,7.507,7.2909,7.0669,7.284,7.0483,7.0698,7.1263,7.0235,6.8059,7.3853,6.7221,7.2835,8.108,8.2301,8.4386,8.2902,8.4235,8.2652,8.3042,8.5958,8.3676,8.4388,8.4224,8.3048,8.3761,7.8603,8.1435,8.6897,8.4473,8.1056,7.9139,7.6595,7.4964,7.5309,7.3917,7.3287,7.3058,7.2668,7.2217,7.204,7.0963,7.4242,7.5745,7.7562,7.8924,8.012,7.9649,8.0654,8.112,8.1598,8.2549,8.3885,8.7083,8.8255,8.8192,8.5586,8.6897
21.589,10.507,12.167,14.968,15.99,14.012,15.377,15.883,16.136,17.36,17.586,18.555,17.828,17.023,16.747,14.208,8.5549,7.0227,7.4969,11.002,9.405,8.8935,9.8626,9.405,11.002,8.1877,7.9244,8.8935,11.002,13.842,13.737,10.507,12.011,14.012,13.842,13.404,12.873,13.126,12.415,11.958,11.565,11.002,10.935,10.033,6.8523,7.0227,4.0124,6.8523,11.002,11.565,10.116,10.507,10.726,10.507,11.958,11.446,10.507,11.198,12.167,14.576,13.518,23.849,24.25,26.528,27.039,25.986,26.706,26.565,27.175,26.589,24.914,25.674,26.054,23.683,23.081,20.544,18.149,18.162,18.761,19.327,18.351,18.894,17.992,16.317,16.395,13.247,13.842,16.693,14.968,20.107,19.157,10.022,9.66,9.2409,8.8294,8.7157,8.4129,8.4392,8.5171,8.5209,8.4582,8.2664,8.1826,8.1465,7.9124,8.1617,8.0412,8.5939,8.9958,9.4421,9.4391,9.2387,9.36,9.6232,9.6202,9.7891,10.129,10.25,9.9946,9.9916,10.022,8.2556,8.2546,7.9701,7.6437,7.4862,7.2819,7.2894,7.062,7.2549,7.1492,7.2324,7.2278,7.1543,7.3296,7.3981,8.3033,8.8733,8.6201,8.6387,8.4811,8.3124,8.5372,8.5806,8.6902,8.4194,8.5535,8.4182,8.3156,8.2867,8.2556,8.9408,8.6683,8.405,8.1466,7.9469,7.7699,7.6962,7.6093,7.5536,7.5819,7.5322,7.4422,7.3888,7.3465,7.5941,7.733,7.9869,8.1467,8.2078,8.3425,8.382,8.3209,8.4493,8.392,8.5669,8.9822,9.0687,9.0708,8.8123,8.9408
21.609,10.753,10.142,14.746,14.995,14.483,14.513,14.746,15.178,16.879,15.844,17.493,17.508,15.204,15.404,12.442,9.0273,6.8789,6.8789,8.5815,8.9201,9.0273,8.5815,7.5234,9.0273,5.204,5.9098,9.0273,7.0492,14.039,14.235,9.8014,10.753,12.899,12.899,12.038,13.153,12.393,12.038,12.194,11.533,11.029,10.753,8.5815,7.5234,2.4419,2.8995,7.0492,10.753,11.029,7.5234,10.059,9.8892,9.4316,11.533,8.5815,9.0273,11.029,9.8892,12.899,12.943,22.466,23.345,25.247,25.689,25.072,25.682,25.476,26.465,26.28,24.462,25.048,24.867,22.447,22.349,20.009,17.553,17.523,18.189,18.214,17.387,17.245,17.523,14.746,14.746,12.393,12.194,14.858,15.28,19.027,18.214,10.31,9.9378,9.4915,9.0622,8.878,8.6349,8.7544,8.7158,8.7465,8.6708,8.5578,8.3736,8.408,8.2318,8.2844,8.5326,8.8812,9.4823,9.6051,9.7193,9.7462,9.5074,9.8932,9.9788,10.15,10.043,10.211,10.335,10.078,10.31,8.6108,8.4543,8.1165,8.0112,7.7327,7.6532,7.6863,7.5553,7.4955,7.5304,7.5854,7.5533,7.3806,7.3731,8.2919,8.5083,9.1709,9.0305,8.9983,9.0317,8.9676,9.0597,8.9924,8.7822,8.7965,8.8251,8.9864,8.8636,8.6164,8.6108,9.2387,8.9415,8.6308,8.39,8.1747,7.9887,8.0337,7.8923,7.8189,7.7898,7.7673,7.6809,7.6696,7.6103,7.8752,8.0544,8.1803,8.3918,8.4636,8.6013,8.5968,8.5167,8.6028,8.6562,8.886,9.1258,9.4599,9.3513,9.0509,9.2387
21.629,10.246,10.246,14.623,15.103,13.787,14.12,14.623,15.928,16.778,16.266,17.925,17.85,15.928,15.215,14.328,8.9381,5.5606,7.4058,11.109,10.499,8.9381,11.109,7.8801,9.7882,4.3955,7.2355,8.9381,10.89,14.225,13.124,11.385,10.89,12.75,12.799,14.225,13.426,13.426,13.256,12.799,11.889,11.829,8.9381,7.8801,6.2664,2.287,4.3955,7.8801,8.8191,10.246,10.158,10.89,11.109,8.9381,11.581,9.7882,10.246,10.89,10.416,12.799,11.948,22.823,23.787,25.731,26.118,25.696,25.869,25.522,26.791,26.205,24.959,25.289,25.215,22.936,22.341,20.114,17.865,18.545,17.634,18.938,17.969,17.969,17.88,15.928,16.112,12.55,12.394,15.561,15.809,19.244,18.212,10.534,10.222,9.7029,9.341,8.8592,8.8461,9.0218,9.0437,9.0301,8.8598,8.8067,8.5193,8.6475,8.4648,8.7939,8.4585,8.9938,9.6565,9.7743,9.7917,9.9633,10.049,10.168,9.9395,10.035,10.063,10.513,10.888,10.517,10.534,8.8655,8.7639,8.3455,8.2002,7.96,7.5953,7.7457,7.8447,7.7843,7.6489,7.7675,7.6923,7.6918,7.5103,8.3772,8.725,9.0626,9.2272,8.987,8.7467,8.887,8.9609,8.9765,9.1115,8.7945,8.7341,9.0162,8.9835,8.6188,8.8655,9.4587,9.2453,8.8308,8.5607,8.2372,8.0906,8.3152,8.2111,8.0448,7.9805,8.0079,7.8351,7.855,7.8798,8.1616,8.1843,8.4469,8.6562,8.621,8.7155,8.9433,8.9398,8.8104,8.9545,9.2032,9.4319,9.5339,9.5516,9.3401,9.4587
21.649,8.9491,12.761,15.114,14.911,14.236,15.308,15.114,16.321,16.789,16.711,17.417,17.565,15.114,16.123,11.959,10.169,7.891,7.4168,11.12,9.2876,7.891,9.3949,6.2773,8.5818,8.5818,7.2464,10.51,11.84,14.97,13.949,11.592,12.298,11.9,13.949,13.135,10.427,12.405,11.396,12.809,11.396,10.257,10.257,9.7992,9.3949,4.4065,5.3082,7.4168,8.9491,10.427,11.592,9.2876,11.396,10.169,10.427,9.7992,11.329,11.12,10.901,13.52,12.761,22.853,23.748,25.481,26.456,25.615,25.844,25.523,26.418,26.355,24.554,25.051,24.937,22.984,22.473,19.288,17.876,18.222,17.433,18.009,16.789,17.645,17.613,15.844,15.546,12.352,11.9,17.105,16.277,19.541,18.782,10.569,10.467,9.8313,9.5539,9.2854,9.1218,9.1769,9.1586,9.0947,8.9786,8.8918,8.7335,8.6852,8.5339,8.7333,8.7348,8.9761,9.781,9.9054,9.9729,9.8925,9.9987,10.409,10.027,10.159,10.24,10.584,10.698,10.37,10.569,9.1822,8.8882,8.6339,8.578,8.1398,8.1434,8.0128,8.1725,8.0107,8.1327,8.0397,7.9643,7.9269,8.2839,8.544,8.5241,9.2896,9.4952,9.2456,9.4707,9.4721,9.3103,9.3593,9.3394,9.3883,9.4928,9.3662,9.4631,9.1192,9.1822,9.6763,9.4577,9.0529,8.8566,8.5822,8.4454,8.5023,8.3835,8.3012,8.1994,8.2555,8.0955,8.1298,8.0468,8.3749,8.4581,8.6958,8.904,8.9219,9.0262,9.1087,9.0002,9.0855,9.2154,9.3937,9.6081,9.7546,9.6842,9.6083,9.6763
21.669,9.0767,11.582,15.253,15.621,14.088,14.284,13.918,15.526,15.959,16.333,16.641,17.374,16.604,15.804,11.641,8.6309,7.0986,7.0986,10.802,10.192,10.583,10.802,8.6309,8.2636,5.9591,7.0986,8.2636,9.9385,14.088,12.861,11.078,9.9385,12.034,12.243,12.992,10.802,13.119,13.202,11.98,12.034,10.109,8.9694,7.5728,5.9591,1.9797,1.9797,5.9591,8.6309,10.802,7.0986,10.583,9.0767,9.9385,12.443,10.583,11.011,12.243,10.192,13.48,12.491,22.888,22.888,26.015,26.333,25.436,25.367,25.569,26.066,24.957,23.759,24.463,24.77,23.612,22.515,18.536,16.841,16.393,17.326,18.536,17.374,17.326,16.212,15.959,14.316,12.243,10.109,16.393,14.651,19.314,17.792,11.032,10.644,10.155,9.7826,9.5337,9.4157,9.3416,9.4348,9.3849,9.3952,9.1619,9.0394,9.091,8.8042,9.0279,9.219,9.5026,10.149,10.298,10.346,10.309,10.484,10.601,10.541,10.621,11.001,10.909,11.31,10.905,11.032,9.4818,9.1611,8.9647,8.8451,8.4723,8.2849,8.3766,8.2611,8.25,8.3754,8.3764,8.3044,8.1911,8.0535,8.9643,9.5533,9.8205,9.7808,9.6589,9.3557,9.7373,9.8351,9.8913,9.7798,9.7615,9.9456,9.6725,9.8311,9.423,9.4818,9.879,9.6563,9.3003,9.0939,8.8546,8.6769,8.7176,8.5837,8.4387,8.5169,8.4276,8.3234,8.355,8.3011,8.5665,8.6374,8.8551,9.1411,9.239,9.3073,9.3316,9.2038,9.2838,9.4343,9.454,9.6717,10.014,10.028,9.8356,9.879
21.689,8.195,11.009,14.494,15.029,14.02,13.411,14.02,15.758,16.402,15.803,17.504,17.113,15.433,15.998,13.708,8.195,6.8596,5.8905,10.734,8.4433,9.8699,9.4124,7.5042,8.9008,6.8596,8.5623,9.7822,10.04,13.255,13.849,10.123,10.734,12.018,12.174,12.923,12.174,11.513,13.051,12.88,12.748,12.018,10.04,8.195,8.4433,1.9111,-0.13005,5.1847,9.0081,9.4124,9.8699,9.0081,7.5042,8.9008,11.009,9.0081,9.8699,11.911,11.573,12.923,12.174,22.423,22.936,25.177,25.718,25.136,25.348,25.445,26.265,25.858,24.55,25.238,24.883,22.21,21.779,19.489,17.305,18.746,18.912,18.358,16.324,17.723,16.86,14.975,14.921,12.018,13.051,15.736,15.736,18.195,17.737,9.8396,9.3465,8.9445,8.5318,8.1573,8.1381,8.252,8.185,8.1914,8.1144,7.9786,7.8619,7.7794,7.6712,7.8053,7.8313,8.2947,9.0411,9.1952,9.0669,8.848,9.0928,9.5761,9.4403,9.4013,9.4894,9.8908,9.8693,9.7444,9.8396,8.055,8.1409,7.6565,7.4074,7.3007,6.9948,6.9937,6.9398,6.9961,6.9893,6.9628,6.9878,7.0477,7.0096,6.7265,8.4779,8.2716,8.3442,8.4141,8.5947,8.2804,8.2671,8.7107,8.3722,8.4976,8.1833,8.3638,8.3793,8.1617,8.055,8.6818,8.3803,8.026,7.844,7.5647,7.4035,7.4698,7.3401,7.2489,7.2177,7.1915,7.0738,7.0384,7.0403,7.2607,7.4202,7.6123,7.8112,7.9274,8.0404,8.0398,7.9931,8.0356,8.078,8.3731,8.5711,8.7466,8.7381,8.4974,8.6818
21.709,8.9557,11.403,14.917,15.778,15.006,15.315,14.413,16.454,16.284,16.947,17.253,17.651,16.327,16.391,12.768,7.8976,6.284,7.2531,10.263,10.434,10.516,10.516,7.2531,9.8058,7.4234,6.284,11.127,10.263,13.956,13.527,11.127,10.263,13.956,14.641,12.305,13.274,13.317,11.966,10.908,11.403,11.403,9.8058,7.2531,7.2531,0.26337,-0.70573,4.4131,8.5885,10.263,10.263,10.263,10.263,9.4015,11.403,8.9557,11.403,10.908,10.516,14.413,11.599,23.186,23.364,26.02,26.682,25.422,25.601,25.761,26.547,25.751,24.084,24.911,25.058,23.461,22.644,18.991,17.898,17.761,17.253,18.393,16.815,17.423,17.698,16.391,15.315,12.768,13.804,16.391,15.315,19.402,18.498,10.096,9.4634,9.1017,8.7683,8.5148,8.4605,8.4566,8.324,8.462,8.3524,8.2391,8.0647,8.2003,7.8875,8.124,8.0764,8.7435,9.5074,9.5899,9.444,9.3235,9.3509,9.286,9.6902,9.6131,9.9309,10.284,10.134,9.9878,10.096,8.0169,7.9671,7.7402,7.6091,7.2997,7.3391,7.2982,7.0813,7.0386,7.0124,7.1206,7.0356,7.0749,6.9344,6.9738,8.5839,8.4989,8.5596,8.3802,8.2397,8.0992,8.3184,8.0673,8.4147,8.5637,8.3824,8.2386,8.0584,7.93,8.0169,8.8081,8.5724,8.2876,8.0389,7.8571,7.7204,7.6079,7.4905,7.4626,7.4653,7.4029,7.345,7.2769,7.2229,7.4975,7.5878,7.8636,8.0809,8.2237,8.2222,8.1565,8.1961,8.3558,8.343,8.6261,8.8527,8.8649,8.8521,8.6973,8.8081
21.729,9.3873,10.249,13.513,14.991,14.229,15.564,14.991,15.64,17.492,16.858,18.378,17.08,15.301,15.538,12.398,9.2801,9.3873,8.5743,8.5743,10.249,9.3873,10.502,8.9415,10.42,9.7916,7.2389,7.8835,9.3873,13.43,12.753,11.585,12.753,11.389,13.127,12.802,12.802,11.113,12.554,13.634,11.389,12.554,11.389,8.311,7.4092,5.3007,5.564,7.4092,10.894,11.893,11.585,9.3873,9.2801,9.2801,11.952,10.249,9.2801,11.833,10.502,13.259,13.259,22.67,23.934,24.93,25.919,25.538,26.204,25.523,26.733,26.733,24.965,25.538,24.773,22.05,22.445,19.624,18.65,18.688,17.928,18.117,17.239,17.409,17.637,14.399,14.962,13.43,12.753,15.355,15.764,18.774,19.159,10.202,10.04,9.4263,8.9003,8.7119,8.5571,8.7556,8.584,8.5865,8.4821,8.3533,8.2229,8.2324,7.97,8.2776,8.437,8.4546,9.402,9.5039,9.4134,9.4723,9.4464,9.5948,9.7637,9.8364,9.9646,10.176,10.252,9.9718,10.202,8.5426,8.267,7.907,7.8924,7.5895,7.4739,7.4475,7.4993,7.5171,7.2848,7.5123,7.3024,7.564,7.5039,7.8344,8.6073,9.0877,9.0133,8.7341,8.6582,8.7564,8.71,8.5944,8.8238,8.5431,8.6073,8.6716,8.6924,8.2985,8.5426,9.1001,8.8608,8.4505,8.2919,8.013,7.8359,7.9469,7.8186,7.7128,7.6671,7.7031,7.6225,7.614,7.4638,7.7416,7.9559,8.1319,8.2816,8.396,8.5089,8.5655,8.5422,8.6068,8.6487,8.8239,9.0004,9.3113,9.2905,9.0428,9.1001
21.749,9.2709,11.104,14.219,14.982,14.39,15.555,14.864,15.399,16.694,17.417,17.859,16.943,16.431,15.755,13.503,9.7825,6.2606,7.2297,10.493,10.24,10.152,9.7825,8.5651,10.493,7.2297,4.3898,9.2709,9.2709,13.503,14.114,11.575,11.104,11.575,13.25,12.545,12.545,10.493,13.895,12.545,11.379,12.744,11.104,8.8134,8.3018,2.2812,4.3898,7.2297,7.8743,9.7825,8.3018,7.4001,10.493,9.3782,12.388,8.5651,8.5651,10.24,11.104,13.294,12.793,22.519,23.684,25.359,25.88,25.755,26.088,25.631,26.694,26.518,24.953,25.423,24.764,22.898,22.452,19.916,18.825,18.967,18.54,18.54,17.4,17.483,17.904,14.953,15.209,13.781,11.379,15.631,16.106,18.873,18.093,10.335,9.9219,9.4698,9.2934,9.0202,8.8862,8.8401,8.8523,8.903,8.7833,8.6867,8.6032,8.4216,8.2105,8.534,8.5378,9.1416,9.2817,9.6072,9.7039,9.5223,9.6624,9.6995,10.041,9.7231,9.9876,10.325,10.285,10.147,10.335,8.7413,8.6545,8.2591,8.1211,7.8032,7.704,7.818,7.7035,7.7661,7.7261,7.5875,7.8143,7.6639,7.4228,7.9671,8.314,9.1976,9.1951,8.8952,9.1178,9.0741,9.1427,9.0692,9.0495,8.9427,8.997,9.1428,8.8505,8.6184,8.7413,9.2599,9.0756,8.7406,8.5006,8.3063,8.1693,8.1065,7.9797,7.947,7.8705,7.9174,7.8599,7.8159,7.6875,8.0335,8.2065,8.3891,8.5281,8.6868,8.7254,8.6613,8.7447,8.7743,8.9936,9.3276,9.5483,9.43,9.6081,9.2237,9.2599
21.769,10.491,11.102,14.388,16.512,15.397,13.623,15.096,15.825,17.348,16.693,17.398,17.481,15.753,16.366,11.822,10.238,7.8727,8.9307,10.409,10.491,10.238,9.3765,9.2693,9.7808,7.2281,5.5532,8.9307,10.409,14.218,13.249,10.883,11.882,12.791,12.791,12.28,11.941,12.387,13.249,11.574,10.491,12.543,11.574,7.8727,8.3002,6.259,0.23839,7.2281,7.2281,11.941,8.9307,9.7808,11.102,8.8117,12.28,9.7808,8.8117,11.102,9.7808,13.502,13.249,22.961,23.776,26.05,26.259,25.553,26.173,25.716,26.506,26.259,24.651,24.907,24.691,23.356,22.334,19.703,17.858,18.538,18.092,18.473,16.771,17.14,16.847,15.92,15.208,12.387,12.543,15.92,15.528,19.148,18.538,10.649,10.303,9.7888,9.3901,9.0647,9.0877,9.1789,9.2135,9.1707,8.9981,8.9171,8.6784,8.7039,8.6723,8.9469,8.931,9.0362,10.209,10.084,10.007,10.214,10.088,10.363,10.205,10.369,10.598,10.815,11.02,10.485,10.649,8.9951,8.7477,8.6268,8.2592,8.0335,8.1062,8.1563,7.9618,7.8392,7.8756,7.8513,7.9474,7.8816,8.0363,8.2742,8.8339,9.5734,9.4896,9.0987,9.2033,9.1342,9.2814,9.1463,9.2424,9.1585,9.2546,9.1195,9.2667,8.8557,8.9951,9.5358,9.3618,8.9355,8.741,8.4408,8.2739,8.3685,8.215,8.1253,8.0918,8.0792,7.9261,7.9476,7.9352,8.223,8.2474,8.5138,8.7028,8.6872,8.7707,8.869,8.8348,8.9004,9.0197,9.193,9.4256,9.5774,9.5921,9.2275,9.5358
21.789,8.9638,11.135,13.964,14.895,15.953,14.895,14.421,15.129,17.261,16.666,17.769,17.432,15.786,15.43,12.824,10.916,8.5966,8.3333,9.8139,10.525,10.271,10.271,9.8139,9.4096,8.8448,5.5863,8.3333,10.271,14.354,13.926,11.855,12.42,11.855,12.576,11.855,13.452,13.149,13.282,11.411,12.576,9.8139,10.525,7.2612,7.4315,0.27147,2.8242,5.323,10.916,9.8139,10.271,9.8139,10.271,10.442,11.135,11.607,11.135,10.916,10.271,11.974,12.42,22.692,23.715,24.88,25.834,25.401,25.989,25.779,26.549,26.555,24.943,25.42,25.249,22.576,22.995,20.271,18.401,18.251,17.95,18.796,16.937,17.381,17.579,15.561,14.984,13.282,12.576,16.399,15.953,19.356,18.401,10.689,10.609,9.9578,9.6893,9.2954,9.2146,9.2679,9.2343,9.2987,9.1748,9.0091,8.8915,8.7767,8.7386,9.0168,8.9213,9.417,9.8032,10.113,10.002,10.126,10.114,10.139,10.338,10.294,10.681,10.771,10.759,10.463,10.689,9.0692,8.9594,8.6282,8.6264,8.1873,8.1642,8.1135,8.1693,8.2151,7.9471,8.1135,7.9364,7.8524,7.9712,8.8023,8.9036,9.4685,9.6286,9.4912,8.8071,9.0503,9.2934,9.1285,9.4053,9.0305,9.1457,9.2394,9.2576,9.0139,9.0692,9.8216,9.5227,9.2108,8.9786,8.6834,8.5176,8.615,8.4864,8.3739,8.3127,8.3296,8.1722,8.1557,8.151,8.4642,8.5245,8.8021,8.9784,9.1164,9.0886,9.2007,9.1869,9.2461,9.2657,9.3668,9.7276,9.8096,9.8794,9.6503,9.8216
21.809,9.0288,11.986,14.268,15.205,14.604,13.583,13.432,15.281,16.082,16.556,16.345,16.88,15.281,15.049,13.154,7.0507,7.0507,8.464,10.535,9.4331,11.03,8.2157,9.0288,8.464,6.8804,6.8804,8.2157,9.8907,14.515,12.769,10.144,12.395,12.195,12.769,11.534,12.195,11.593,12.443,13.071,10.754,10.535,9.8907,5.9113,8.2157,4.0404,-0.10934,7.5249,8.583,11.03,10.144,8.583,10.061,9.0288,12.039,10.061,5.9113,12.039,8.9216,13.275,12.944,22.467,23.667,25.514,26.084,25.126,25.573,25.497,26.133,25.444,23.932,24.642,24.702,22.618,22.195,19.385,17.326,17.525,17.51,18.488,16.793,16.775,16.164,14.748,15.954,13.583,12.443,15.846,16.018,18.767,18.02,9.5128,9.3886,8.7171,8.3521,8.0637,7.861,8.1475,8.1319,7.9417,7.9143,7.7169,7.6452,7.7428,7.4659,7.6274,7.8682,8.0239,8.7718,8.9174,8.7657,8.7282,8.8626,9.0575,8.9332,8.8402,9.1069,9.5543,9.4225,9.3883,9.5128,8.1258,7.7894,7.4964,7.36,7.0667,6.9898,7.0888,6.9605,6.9419,6.945,6.9744,6.9281,7.1069,7.0407,7.5888,7.965,8.3824,8.3372,8.4837,8.2109,8.268,8.3457,8.5381,8.4746,8.2764,8.2578,8.184,8.4734,8.0164,8.1258,8.5871,8.3292,7.9314,7.6951,7.4564,7.2757,7.3993,7.3039,7.1822,7.1164,7.1349,7.0029,7.0562,6.9919,7.2962,7.3221,7.5272,7.8173,7.777,7.8683,8.1395,8.044,8.0231,8.0846,8.2899,8.5259,8.6352,8.7764,8.3976,8.5871
21.829,9.813,11.606,15.013,15.785,14.924,15.128,13.193,16.544,16.725,16.461,17.431,17.513,16.398,16.136,12.775,10.271,7.9048,7.4306,10.915,11.41,10.271,9.813,9.813,10.183,7.4306,6.2911,9.813,10.271,14.42,14.25,9.813,12.419,12.775,14.25,11.973,13.281,11.914,12.823,11.41,9.813,11.973,11.41,6.2911,8.5956,6.2911,2.3117,6.2911,11.41,10.441,7.9048,8.9629,10.441,10.441,11.41,8.5956,9.4087,12.366,11.41,13.655,12.366,22.823,23.75,26.004,26.818,25.748,25.748,25.474,26.879,26.064,24.119,24.723,24.843,23.337,22.117,19.312,17.447,18.236,17.706,18.44,17.447,16.725,18.124,15.953,15.429,13.281,13.655,15.56,15.953,18.596,18.124,9.8674,9.5788,8.9474,8.6835,8.3398,8.2418,8.275,8.3415,8.2939,8.2277,8.089,7.9581,8.0009,7.8354,7.9249,8.0818,8.133,9.2845,9.2559,9.1828,9.3791,9.3472,9.2774,9.3873,9.7636,9.4274,10.001,9.9692,9.7749,9.8674,8.2043,8.1335,7.7354,7.5005,7.2333,7.1165,7.2612,6.8744,6.9318,7.0959,7.1125,6.8714,7.0356,6.9723,7.399,8.2243,8.406,8.5702,8.3613,8.2625,8.2203,8.3009,8.4096,8.4494,8.2881,8.436,8.2647,8.249,7.9923,8.2043,8.7613,8.4851,8.1703,7.9521,7.7141,7.5882,7.5965,7.4832,7.3852,7.3805,7.3667,7.3158,7.2832,7.2119,7.4609,7.648,7.8007,8.0643,8.1213,8.1478,8.213,8.2239,8.2119,8.3534,8.6184,8.784,9.0102,8.8991,8.6934,8.7613
21.849,7.3831,11.087,15.738,15.512,14.877,13.878,14.203,15.329,16.351,16.111,17.213,17.054,16.755,17.383,13.101,10.868,6.2437,8.9154,10.135,11.087,10.476,10.476,9.3612,10.868,8.7964,6.2437,10.393,7.2128,14.965,13.101,11.363,10.868,13.101,13.915,12.264,12.528,12.528,12.727,12.264,11.363,9.7655,10.393,10.223,7.8574,4.3728,0.22311,4.3728,8.5482,11.363,9.3612,10.476,10.476,11.363,12.264,10.476,11.087,10.476,9.7655,13.486,11.558,23.15,23.635,26.22,26.588,25.591,25.701,25.912,26.652,25.81,23.956,25.209,25.179,23.576,22.361,19.517,17.333,18.203,17.946,18.352,17.333,18.076,16.907,16.178,15.512,11.926,12.727,16.244,16.111,19.308,18.392,10.098,9.7938,9.2792,8.9182,8.685,8.5095,8.5373,8.52,8.5339,8.5438,8.2502,8.256,8.1775,7.9979,8.2922,8.1327,8.7797,9.0694,9.4925,9.3859,9.3764,9.408,9.5997,9.6968,9.8801,10.005,10.074,10.074,10.051,10.098,8.3773,8.2458,7.938,7.8888,7.3524,7.4692,7.4945,7.2326,7.1993,7.3753,7.3026,7.2988,7.0842,7.3609,7.2739,7.6649,8.6993,8.7723,8.6228,8.5877,8.4852,8.444,8.7184,8.6457,8.4191,8.5179,8.4355,8.2088,8.1241,8.3773,8.9586,8.7112,8.3918,8.1843,7.9512,7.8439,7.7508,7.6441,7.6002,7.5709,7.5306,7.4835,7.3885,7.323,7.6128,7.8045,7.9838,8.1774,8.3426,8.3448,8.3978,8.3188,8.3663,8.428,8.7303,8.8661,8.9772,8.996,8.7838,8.9586
21.869,8.9242,10.538,14.043,15.848,13.585,13.873,13.434,15.782,16.558,16.577,16.596,17.201,16.445,15.957,12.771,8.9242,5.9139,9.4357,9.8933,8.9242,10.538,8.2184,7.0533,10.146,7.9551,7.5276,9.8933,10.064,12.904,13.548,9.0315,9.8056,13.434,13.767,12.816,12.198,12.446,12.198,10.965,10.064,10.538,9.8933,7.5276,7.5276,5.2081,4.043,8.9242,8.5856,9.0315,10.146,10.146,9.8933,10.146,12.398,10.757,8.5856,11.596,10.538,12.771,10.757,22.446,23.31,25.746,25.976,25.322,25.43,25.746,26.086,25.523,24.086,24.635,24.773,22.621,22.465,19.503,17.528,18.294,17.249,18.128,16.778,17.281,16.596,15.208,15.182,12.198,13.074,15.575,15.782,18.621,18.218,10.232,9.9855,9.5174,9.1342,8.8206,8.6506,8.7094,8.8225,8.6483,8.6318,8.4806,8.3608,8.3695,8.215,8.3461,8.2039,8.6599,9.2577,9.5338,9.668,9.5392,9.5116,9.7664,9.8885,9.9793,10.172,10.248,10.399,10.014,10.232,8.8475,8.5,8.1966,7.9358,7.7896,7.7715,7.7797,7.7878,7.6278,7.5884,7.5591,7.5609,7.8709,7.6097,8.0228,8.9144,9.1967,9.2584,9.0761,9.2283,9.2203,9.2618,9.3033,9.015,9.2461,9.2651,9.0283,9.0312,8.7567,8.8475,9.2648,8.9774,8.6828,8.4587,8.2289,8.0604,8.0683,7.9234,7.8305,7.8802,7.8353,7.7576,7.7435,7.6896,7.9841,8.0192,8.3326,8.494,8.6331,8.6527,8.7625,8.6776,8.8575,8.7974,9.1705,9.3036,9.4214,9.3958,9.2069,9.2648
21.889,8.8137,11.943,15.53,15.098,13.781,14.864,13.118,15.555,16.792,17.089,16.792,17.125,15.922,16.924,13.781,8.9327,7.4004,7.4004,11.104,9.7828,9.2713,8.5655,8.9327,9.7828,6.261,7.2301,8.9327,9.3785,14.864,14.22,10.885,10.885,12.745,12.793,12.745,13.504,11.38,12.745,12.545,10.493,10.411,10.24,10.411,7.2301,-0.72869,4.3901,7.8747,8.9327,12.545,10.153,10.885,10.24,10.493,12.793,9.3785,10.24,12.282,9.2713,13.895,11.943,22.898,23.88,25.728,26.304,25.254,26.237,25.571,26.635,26.349,24.548,25.061,24.921,22.931,22.457,20.108,17.86,18.566,18.094,18.874,17.964,17.4,17.4,15.399,15.21,12.336,12.389,15.827,15.292,18.968,18.566,10.439,10.101,9.6974,9.3782,9.0262,8.8692,8.9796,9.0056,8.9841,8.8771,8.77,8.6205,8.6548,8.4164,8.7279,8.4558,9.0353,9.6471,9.7616,9.961,9.7874,9.6906,9.9271,9.9101,9.8784,10.027,10.473,10.575,10.374,10.439,9.0498,8.8492,8.4462,8.3162,7.9963,8.0517,7.9807,7.6534,7.8739,7.9374,7.7934,7.9077,7.7383,7.9595,7.8765,9.0249,9.3779,9.3927,9.2562,9.108,9.2636,9.4435,9.4969,9.4573,9.4435,9.1873,9.4261,9.2011,9.0593,9.0498,9.4782,9.2593,8.8348,8.6845,8.3842,8.2148,8.3114,8.1781,8.0726,8.0326,8.0448,7.9654,7.9415,7.8924,8.163,8.2795,8.4683,8.7331,8.7768,8.8224,8.952,8.8695,8.8802,9.0445,9.1061,9.5565,9.4953,9.5401,9.4085,9.4782
21.909,10.234,11.374,14.384,16.688,14.108,13.244,15.091,15.797,15.286,15.091,16.918,17.731,16.918,15.749,12.738,9.7765,5.2856,7.3941,9.7765,9.7765,11.374,9.3722,7.8684,8.9264,7.2238,6.2547,10.234,6.2547,14.384,12.539,10.146,10.234,13.288,14.384,13.288,12.738,13.497,13.288,11.098,10.487,11.374,10.879,8.8074,7.2238,6.2547,0.23411,4.3838,8.9264,9.7765,8.2959,10.234,9.7765,11.374,13.288,8.5592,10.146,13.112,9.265,13.619,12.738,23.502,22.792,26.412,27.056,25.541,25.156,26.116,26.477,25.091,23.889,25.111,25.077,23.919,22.193,19.232,16.937,17.136,17.477,17.987,17.224,17.477,16.937,17.065,15.821,13.619,13.415,16.629,15.916,20.234,18.559,10.824,10.545,9.9953,9.6217,9.3285,9.1223,9.3542,9.276,9.1211,9.1848,9.0411,8.817,8.7312,8.5831,8.8818,8.9637,9.1305,9.9583,9.9277,9.9147,10.206,10.037,10.152,10.237,10.389,10.556,10.864,10.889,10.679,10.824,9.0717,8.8472,8.7224,8.5226,8.2734,8.1761,8.2319,8.186,7.9706,8.115,7.8785,7.7927,7.9487,7.8661,7.9634,8.5243,9.2096,9.3476,9.2797,9.5189,9.1525,9.3917,9.3646,9.3067,9.4269,8.9574,9.1001,8.8302,8.7779,9.0717,9.7314,9.473,9.1566,8.8948,8.6824,8.5388,8.5402,8.3887,8.3177,8.3866,8.2459,8.1433,8.1288,8.1014,8.3764,8.4499,8.7605,8.9722,8.9818,9.0622,9.1319,9.1642,9.2831,9.2826,9.4181,9.5061,9.7864,9.9151,9.6833,9.7314
21.929,8.9236,10.146,14.517,14.944,14.042,13.434,14.238,15.407,16.741,15.848,17.497,16.425,14.517,15.284,12.771,7.9545,5.9133,7.527,9.805,9.8927,10.146,10.537,7.9545,8.5851,6.8824,5.2075,8.5851,10.537,13.073,13.073,11.032,9.8927,12.771,13.073,12.397,13.073,12.815,10.146,11.934,11.032,11.228,11.476,7.0528,8.9236,2.903,2.903,6.8824,10.146,10.146,9.0309,9.8927,10.537,8.2178,12.946,6.8824,8.9236,8.9236,9.8927,12.946,12.903,22.564,23.289,25.23,25.656,25.19,25.38,25.601,26.353,25.967,24.352,24.979,24.517,22.465,21.945,19.734,17.053,17.39,17.616,18.022,15.913,17.328,16.558,15.284,14.635,12.197,12.903,15.575,16.084,19.094,18.218,11.047,10.722,10.245,9.8422,9.5051,9.1657,9.4998,9.3783,9.4654,9.397,9.186,9.0463,8.9654,8.9196,8.9944,9.2729,9.5968,10.159,10.425,10.285,10.423,10.386,10.651,10.677,10.514,10.477,11.043,11.119,10.796,11.047,9.3251,9.2458,8.8169,8.783,8.55,8.3757,8.3695,8.4441,8.2839,8.2776,8.0953,8.1366,8.1303,8.1929,8.7747,9.3564,9.6164,9.5492,9.5743,9.5383,9.5872,9.6222,9.5784,9.5201,9.558,9.5342,9.4724,9.5905,9.2872,9.3251,10.002,9.7272,9.3721,9.1487,8.8808,8.7078,8.8142,8.6817,8.5897,8.5273,8.5207,8.3959,8.4009,8.326,8.6094,8.8029,8.9697,9.2463,9.229,9.3418,9.5063,9.5057,9.5422,9.6781,9.5306,9.9059,10.201,10.111,9.9197,10.002
21.949,8.9351,10.243,15.294,14.62,14.897,14.897,14.867,15.925,16.697,17.145,18.305,17.599,15.401,16.263,12.284,9.7852,6.2634,7.2325,10.496,10.496,11.106,10.243,7.877,8.3046,9.2737,5.5575,9.7852,9.3809,13.627,14.392,10.413,12.284,11.886,12.747,11.886,13.506,11.382,13.898,11.106,12.795,9.7852,10.413,10.496,7.2325,4.3925,3.2531,7.4028,10.243,10.155,9.7852,11.382,10.243,10.496,11.106,8.9351,9.7852,11.826,10.243,13.506,12.547,22.82,23.765,25.75,25.999,25.796,25.808,26.006,26.442,26.521,24.63,25.639,24.837,22.872,22.327,19.956,18.096,17.877,18.372,18.568,17.74,17.403,17.551,16.371,14.867,12.391,14.588,15.925,15.757,18.923,18.768,9.8263,9.4459,8.9089,8.5788,8.3735,8.2261,8.2865,8.311,8.2822,8.0456,7.9723,7.8338,7.9742,7.7902,7.7548,8.3249,8.2515,9.0015,9.2065,9.22,9.1924,9.2097,9.2575,9.4227,9.5292,9.5326,9.8841,10.022,9.6258,9.8263,8.0612,8.039,7.7135,7.557,7.1366,6.9286,7.0428,7.0349,7.0363,7.1603,6.8718,6.8496,7.0368,6.612,7.1644,7.9276,8.5489,8.4579,8.1694,8.2027,8.1116,8.2313,8.3081,8.3886,8.1746,8.0428,8.2179,8.0714,7.9193,8.0612,8.6547,8.4314,8.0879,7.8693,7.5888,7.4652,7.5122,7.3802,7.2951,7.2772,7.2261,7.1012,7.1564,7.1127,7.3251,7.4777,7.6973,7.9262,7.9128,8.0166,8.0988,8.077,8.1038,8.0977,8.5797,8.6594,8.7673,8.8748,8.4827,8.6547
21.969,10.512,11.511,15.454,15.888,14.521,16.698,15.454,15.756,17.223,17.997,18.465,17.888,16.698,15.995,13.408,9.7796,7.5017,9.7796,12.372,11.909,9.8674,10.731,9.4098,11.007,10.038,8.1925,11.203,11.203,13.847,15.182,12.372,12.921,13.56,12.921,13.408,14.491,13.048,13.56,13.741,11.007,11.57,11.963,8.1925,9.8674,2.8777,2.8777,8.8983,11.007,11.909,8.8983,11.007,10.731,10.512,10.939,10.731,10.512,12.016,10.512,14.58,13.522,23.123,24.476,26.029,26.857,26.274,26.885,26.248,27.363,27.223,25.315,25.64,25.338,23.131,23.389,20.12,18.595,18.811,19.151,18.941,17.255,17.888,18.102,17.044,15.888,12.878,13.252,16.57,15.931,19.332,18.866,9.9561,9.7282,9.1106,8.8151,8.3921,8.2841,8.3911,8.4995,8.4665,8.3079,8.2465,8.2124,8.1473,8.0335,8.1932,8.0536,8.2523,9.212,9.2326,9.2633,9.2369,9.2633,9.4301,9.67,9.5369,9.6737,9.9575,10.047,9.7638,9.9561,8.3226,8.1842,7.821,7.6532,7.4208,7.3049,7.5443,7.2787,7.3013,7.2113,7.2998,7.1994,7.1789,7.4538,8.4373,8.0299,8.5497,8.6235,8.8041,8.5386,8.6123,8.3805,8.6105,8.7255,8.5506,8.5993,8.6037,8.8293,8.3484,8.3226,8.913,8.6264,8.299,8.1322,7.8113,7.6914,7.7403,7.6476,7.5394,7.4404,7.4975,7.4046,7.4039,7.28,7.5818,7.7795,7.8901,8.1369,8.2546,8.2434,8.3004,8.3247,8.3041,8.4244,8.8076,8.9807,9.0169,9.0537,8.7413,8.913
21.989,9.2955,11.404,15.947,16.719,14.642,14.414,14.889,15.655,15.828,16.66,17.441,17.167,16.967,15.423,12.569,8.5897,7.8989,7.8989,11.128,8.957,9.8071,10.435,8.957,10.435,8.3264,5.5794,8.957,9.4028,14.978,12.817,9.8071,10.265,12.769,14.244,12.569,12.413,12.769,13.143,11.404,10.265,11.908,10.909,8.3264,9.2955,5.5794,-3.7148,5.5794,9.2955,10.435,8.957,10.435,11.128,10.265,13.143,10.909,8.957,11.967,10.909,14.642,11.848,23.214,23.681,25.83,26.909,25.316,25.762,25.947,26.74,25.623,24.418,24.689,25.195,23.314,22.569,19.403,17.507,17.425,18.59,18.394,17.507,17.254,16.967,15.852,15.828,11.404,12.817,16.456,14.918,19.729,17.869,10.341,9.8122,9.3417,8.9657,8.6825,8.6633,8.6812,8.703,8.6825,8.6652,8.3865,8.2557,8.1905,8.0876,8.2274,8.0641,8.8199,9.4157,9.5159,9.5822,9.5492,9.6259,9.7988,9.6415,10.04,10.095,10.281,10.367,10.232,10.341,8.5395,8.4645,8.1248,7.9169,7.7651,7.4764,7.559,7.4956,7.4836,7.3531,7.457,7.2239,7.374,7.4409,7.8947,8.9657,8.9558,8.9196,8.7891,8.5666,8.6743,8.9168,8.8945,8.8649,8.6478,8.6083,8.6838,8.6687,8.4456,8.5395,9.1028,8.8992,8.5572,8.2834,8.1027,7.9249,7.913,7.801,7.6917,7.7683,7.6472,7.5448,7.5345,7.4766,7.7637,7.8248,8.139,8.3755,8.3545,8.4019,8.5187,8.5365,8.4329,8.7007,8.8984,8.9893,9.26,9.2409,8.9088,9.1028
22.009,8.9544,11.126,15.119,16.15,14.916,14.916,14.242,16.326,17.505,17.252,17.618,17.164,15.231,15.551,13.954,7.8964,7.2518,7.4222,9.8045,10.432,10.262,10.432,9.4003,8.9544,7.2518,7.2518,7.4222,11.906,13.647,13.443,10.907,10.907,13.14,13.525,13.647,12.766,11.402,12.766,12.303,12.411,12.567,9.293,8.8354,8.3239,5.5769,2.3033,7.2518,8.9544,10.432,10.907,7.8964,10.432,8.5872,12.567,9.4003,10.262,11.598,11.126,14.136,13.525,22.934,23.86,25.421,26.294,25.487,26.055,25.538,26.643,26.56,24.636,25.105,24.687,22.416,22.683,20.201,18.115,18.391,17.985,18.431,18.242,17.896,17.505,15.551,15.849,13.14,12.357,14.412,15.944,18.895,18.391,10.34,10.089,9.5759,9.2255,9.04,8.9308,8.9327,8.8358,8.9437,8.7611,8.6492,8.5489,8.5494,8.2636,8.2839,8.6847,8.9125,9.3235,9.6655,9.7547,9.9169,9.7953,10.096,9.864,9.994,10.319,10.481,10.533,10.221,10.34,8.7892,8.5733,8.2954,8.1951,7.9417,7.7662,7.8771,7.7393,7.736,7.7068,7.654,7.6588,7.8822,7.642,7.6468,8.7324,9.4194,9.2025,8.9945,8.9618,8.7216,9.0592,9.162,8.9481,9.0372,8.8283,8.9866,8.9007,8.6604,8.7892,9.3812,9.128,8.7351,8.5871,8.3312,8.1713,8.2202,8.1099,8.0211,7.939,7.9495,7.9187,7.8567,7.7709,8.0444,8.234,8.4334,8.6271,8.6737,8.8332,8.807,8.8463,8.8224,8.9354,9.1771,9.3151,9.6051,9.4856,9.3081,9.3812
22.029,10.229,10.4,15.544,15.544,13.77,14.103,14.379,15.518,16.503,16.42,16.838,17.953,16.781,15.335,13.614,7.8636,6.2499,9.7717,11.932,10.229,9.3675,10.482,7.3893,9.3675,9.2602,7.3893,9.7717,10.874,14.883,13.24,10.229,12.378,13.152,14.209,12.534,12.378,10.874,11.932,12.378,10.4,11.093,10.229,9.3675,7.8636,5.2808,2.782,7.3893,10.482,10.4,10.229,10.229,10.874,10.229,12.534,10.874,9.3675,11.932,11.301,14.312,12.782,23.41,23.673,25.869,26.594,25.869,25.944,25.628,26.594,26.189,24.035,24.629,24.977,23.317,22.205,19.228,18.195,17.406,18.398,18.529,17.114,17.472,17.389,16.761,15.544,13.614,12.734,16.095,16.184,19.482,18.529,10.576,10.358,9.8263,9.5219,9.2161,9.0295,9.082,9.1899,9.1397,9.0582,8.9605,8.7654,8.7015,8.6056,8.7345,8.6855,9.2252,9.8481,9.9841,9.8449,9.9349,9.9401,10.087,10.233,10.281,10.385,10.742,10.663,10.454,10.576,8.9259,8.8088,8.4703,8.4224,8.0916,7.8977,7.9398,7.9518,7.9999,7.8588,8.1284,7.8494,7.8742,7.9163,8.0935,8.6511,9.4061,9.4881,9.3412,9.169,9.0831,9.2603,9.2711,9.262,9.3624,8.8404,9.1222,9.0596,8.8319,8.9259,9.5452,9.3321,8.9696,8.7671,8.5277,8.4079,8.318,8.2248,8.1612,8.0962,8.0998,8.0484,7.9749,7.9061,8.236,8.3609,8.4804,8.775,8.8382,8.9172,8.9723,8.8322,8.9885,8.9862,9.1825,9.4798,9.5601,9.5252,9.41,9.5452
22.049,9.3912,11.956,13.307,15.935,14.631,14.232,14.966,16.707,16.862,16.119,17.609,17.243,16.141,16.381,12.558,8.8264,6.2736,5.5678,9.3912,10.506,11.897,9.3912,7.4131,8.5781,6.2736,5.5678,10.898,10.898,14.403,13.794,10.253,10.253,13.638,14.335,12.558,13.945,10.898,13.131,11.956,10.165,11.117,10.506,9.2839,8.5781,4.4028,2.2942,5.5678,7.8873,10.253,8.9454,10.898,11.117,11.392,10.423,9.3912,8.9454,10.253,10.506,13.945,12.757,23.162,23.371,25.97,26.267,25.401,25.893,25.923,26.545,26.065,24.712,25.13,24.859,23.263,22.162,19.718,17.641,17.496,18.106,18.422,16.785,17.872,17.932,15.412,15.542,12.348,12.294,15.84,15.644,19.027,18.945,11.056,10.405,10.198,9.8002,9.4665,9.352,9.367,9.4382,9.3817,9.3649,9.2111,9.0044,9.0502,8.8945,9.1086,9.0439,9.2241,10.087,10.301,10.327,10.334,10.44,10.607,10.513,10.59,11.015,11.009,10.892,10.865,11.056,9.4747,9.1288,8.6334,8.7209,8.2983,8.1156,8.514,8.2723,8.3214,8.2826,7.988,8.153,8.1344,8.4972,8.6363,9.4151,9.4562,9.4121,9.5887,9.5499,9.5613,9.6716,9.6827,9.5517,9.8251,9.5667,9.5279,9.6023,9.3174,9.4747,9.8328,9.6132,9.2079,9.0195,8.7478,8.5622,8.7039,8.5545,8.4397,8.4015,8.3439,8.2685,8.2464,8.2318,8.4957,8.5949,8.8731,9.0401,9.1005,9.1511,9.2972,9.2736,9.2994,9.3816,9.5702,9.6901,9.8992,9.9025,9.731,9.8328
22.069,8.9222,10.536,14.041,15.912,14.633,14.041,14.545,15.206,15.912,15.478,17.134,17.326,15.757,15.573,12.395,10.536,7.0513,7.5255,10.144,9.0294,8.9222,9.8913,7.9531,7.9531,6.881,5.206,12.196,9.4337,13.871,12.814,10.755,11.031,12.395,13.729,12.196,13.072,12.196,12.902,12.196,11.227,10.755,10.536,7.0513,6.881,5.4543,1.9325,7.9531,10.144,12.196,9.0294,9.4337,8.5836,10.062,11.932,9.8913,8.2163,11.031,9.8913,13.974,13.546,22.582,23.308,25.744,26.159,25.599,25.428,25.362,26.298,25.851,24.294,24.369,24.726,22.697,21.938,19.567,17.134,18.379,17.857,17.555,17.526,17.555,16.423,15.846,15.406,13.155,12.196,16.556,15.824,19.185,18.02,9.6751,9.3886,8.8803,8.3863,8.1258,7.8065,8.2037,8.1839,8.0329,7.9997,7.9047,7.7056,7.7919,7.523,7.8205,7.7708,8.121,8.8617,8.7606,8.7005,8.9051,8.9991,8.9132,9.4709,9.2431,9.5558,9.6498,9.8089,9.4392,9.6751,8.1077,7.7869,7.3974,7.3371,7.1268,6.9604,7.0426,7.1161,6.9058,6.9405,6.8077,7.0162,6.9123,6.9645,7.3209,7.8192,8.3176,8.3088,8.3101,8.3524,8.4183,8.2878,8.3633,8.3425,8.2353,8.3351,8.3222,8.4432,8.0143,8.1077,8.6455,8.3864,7.9833,7.7572,7.4717,7.2937,7.4644,7.3398,7.2558,7.1498,7.1554,7.0396,7.0634,7.0636,7.3908,7.3302,7.581,7.7807,7.8194,7.9071,8.1124,8.0491,7.9822,8.1894,8.4143,8.5645,8.7661,8.8665,8.4832,8.6455
22.089,10.019,13.233,15.24,16.303,13.687,15.008,14.706,17.205,17.092,16.4,17.978,17.702,17.513,16.514,13.723,10.019,5.4119,8.174,12.353,10.921,12.153,11.492,9.7611,10.019,8.987,8.5412,11.184,10.712,15.164,14.503,11.944,11.551,13.687,13.999,13.999,13.504,13.504,12.859,12.727,10.988,11.944,12.402,8.174,9.8489,2.4016,2.8592,7.0089,8.174,13.112,9.8489,10.712,10.493,10.921,13.541,10.712,9.7611,10.988,10.493,14.503,11.432,23.522,24.55,26.665,27.181,26.214,26.706,26.303,27.07,26.67,24.936,25.207,25.417,23.911,23.137,20.318,17.87,18.847,17.468,19.524,18.174,18.084,18.422,16.303,16.303,12.902,14.473,16.839,16.679,19.761,18.482,9.9274,9.6246,9.0745,8.7607,8.5044,8.185,8.3318,8.4185,8.4113,8.3126,8.2346,8.0596,8.0464,7.8159,7.8969,7.9762,8.3555,9.1771,9.282,9.3,9.168,9.2413,9.4591,9.4478,9.7164,9.7834,9.9499,9.8955,9.8542,9.9274,8.2703,7.8343,7.7287,7.5822,7.4533,7.3211,7.0259,7.1599,7.2563,7.1374,7.1329,7.3257,7.1316,7.2477,7.6203,8.4567,8.8469,8.6236,8.6149,8.7643,8.4422,8.4856,8.5953,8.5219,8.7484,8.5682,8.5637,8.4315,8.1145,8.2703,8.7541,8.5102,8.1535,7.9892,7.751,7.6098,7.5782,7.4688,7.4205,7.3825,7.4264,7.3385,7.2361,7.0802,7.4414,7.6905,7.8493,8.0623,8.2007,8.2379,8.2133,8.2453,8.3481,8.377,8.6526,8.9886,8.9851,8.7993,8.7359,8.7541
22.109,10.128,11.014,15.19,15.808,14.499,12.885,14.221,14.529,15.266,15.895,16.407,17.183,16.148,15.741,11.458,8.5671,5.1896,7.0349,10.519,9.013,11.014,9.013,9.013,9.8748,8.1999,6.8645,10.128,8.5671,14.617,11.97,11.458,9.7871,12.885,14.499,11.916,11.518,12.428,13.416,12.179,9.8748,11.014,9.8748,8.5671,8.1999,2.8851,4.0246,5.8954,7.0349,10.738,10.045,11.014,10.738,11.577,11.014,10.519,7.5091,12.928,9.013,13.854,11.21,23.473,22.824,26.407,26.974,25.213,25.11,25.557,26.216,24.252,23.283,23.626,24.752,24.068,21.878,19.002,16.54,15.939,16.329,17.118,16.705,18.2,16.483,16.577,15.939,11.577,12.179,16.003,15.895,19.369,16.865,9.9697,9.7826,9.2829,8.8651,8.6071,8.4667,8.5125,8.495,8.5019,8.4554,8.2562,8.1868,8.1362,7.916,8.2449,8.2109,8.387,9.4156,9.3995,9.4946,9.2817,9.3175,9.6825,9.7358,9.6397,10.123,10.06,10.203,9.9942,9.9697,8.4573,8.195,8.0745,7.7533,7.7296,7.5042,7.3467,7.3395,7.3624,7.5248,7.1381,7.2839,7.4998,7.1576,7.462,8.646,8.6499,8.9067,8.5376,8.7725,8.5832,8.5358,8.803,8.5814,8.8239,8.5616,8.6044,8.5523,8.3592,8.4573,9.005,8.7225,8.4893,8.2149,8.0272,7.9257,7.7749,7.6912,7.6026,7.6711,7.5198,7.4991,7.4458,7.383,7.776,7.7544,8.0058,8.3907,8.3704,8.4567,8.3873,8.3434,8.5456,8.5895,8.8569,8.9875,9.0899,9.0478,8.8895,9.005
22.129,8.5945,11.409,14.419,15.321,14.249,14.647,14.352,14.982,17.429,16.724,17.934,17.889,14.893,15.857,12.822,10.914,6.2901,9.4076,10.44,10.269,9.8119,11.409,7.4295,10.44,7.9037,7.4295,9.3004,9.4076,14.249,12.774,11.133,10.914,13.533,13.323,13.962,13.45,12.774,11.972,12.418,10.269,12.822,10.523,9.8119,7.9037,5.5842,-0.69965,8.9618,7.4295,11.409,8.9618,11.133,10.523,8.9618,10.269,10.44,8.9618,11.133,10.523,13.533,10.914,22.528,23.924,25.37,26.033,25.892,26.007,25.951,26.448,26.448,24.554,25.146,25.09,22.813,22.272,19.945,17.904,18.758,18.399,18.399,17.512,17.1,17.446,15.857,15.127,12.418,12.574,16.29,16.397,18.671,18.556,10.204,9.8949,9.4573,9.0709,8.882,8.666,8.8258,8.802,8.7142,8.602,8.4966,8.371,8.3943,8.236,8.4213,8.2911,8.8288,9.2142,9.5026,9.3691,9.6438,9.6523,9.5322,9.738,9.7322,10.145,10.223,10.245,9.9868,10.204,8.8727,8.3247,8.2175,8.1624,7.8309,7.5972,7.7876,7.9473,7.7681,7.645,7.733,7.6846,8.0509,7.8759,7.8021,8.5987,9.3155,9.5046,9.202,9.0693,9.0914,9.0453,9.1535,9.0849,9.4391,9.5679,9.0784,9.2136,8.9798,8.8727,9.2879,9.0183,8.6652,8.4681,8.1547,8.0206,8.0664,8.0017,7.8806,7.8064,7.8481,7.7866,7.7243,7.7191,7.9955,8.0577,8.3456,8.5114,8.6669,8.7275,8.7964,8.7055,8.7983,8.8607,9.0553,9.4975,9.481,9.4569,9.1633,9.2879
22.149,10.423,9.7948,15.643,15.358,15.567,13.794,14.126,15.815,16.38,16.38,18.12,16.955,16.707,16.861,13.263,9.7948,6.273,6.273,10.165,9.3906,10.252,8.5775,9.3906,8.9447,5.5672,9.3906,9.7948,10.505,14.232,13.263,10.252,10.423,13.306,14.335,12.557,12.294,12.805,13.637,11.836,10.505,10.897,11.116,8.9447,7.2421,0.25242,3.2627,4.4022,9.7948,12.557,10.423,10.252,9.7948,11.116,12.348,8.9447,10.423,12.401,9.3906,14.126,12.294,23.035,23.487,25.99,26.414,25.643,25.529,25.806,26.736,25.648,24.402,24.921,24.789,23.37,22.757,19.717,17.345,17.917,17.887,18.539,16.785,17.887,17.242,16.273,15.567,13.263,13.637,16.207,16.273,19.294,18.106,10.473,10.038,9.6993,9.3773,9.1312,9.1053,8.9601,9.0218,8.9632,8.9358,8.7326,8.6109,8.5914,8.3371,8.4423,8.5947,9.2108,9.8269,9.9794,9.9207,9.7826,9.7164,10.198,10.083,10.289,10.476,10.659,10.534,10.321,10.473,8.781,8.8876,8.5572,8.2249,8.2109,8.0814,7.8487,7.7883,7.8471,7.8927,7.7623,7.8439,7.867,7.6111,7.7002,9.0384,8.9301,9.3585,9.2289,9.0175,9.1242,9.0714,9.2117,9.0697,9.4573,9.1924,9.0465,8.8139,8.7825,8.781,9.4979,9.2444,8.9412,8.6973,8.5513,8.3512,8.2756,8.134,8.1104,8.115,8.0425,7.9967,7.9275,7.8634,8.1791,8.3006,8.5056,8.7259,8.9335,8.9849,8.8464,8.8634,8.9635,9.1025,9.3057,9.5174,9.7184,9.5681,9.3965,9.4979
22.169,7.5878,11.093,13.217,13.933,14.103,13.646,14.299,15.344,17.196,16.486,17.677,17.196,14.923,16.081,13.338,8.2786,7.5878,5.5165,9.9535,9.0917,10.598,10.207,6.9432,8.6458,7.1136,7.5878,9.4959,9.8658,13.646,13.007,10.598,11.289,12.832,11.597,11.995,13.338,12.258,13.007,11.597,10.817,12.049,11.093,7.5878,7.1136,2.9638,2.9638,7.5878,9.4959,9.9535,8.2786,6.9432,11.597,9.0917,11.597,9.4959,9.4959,11.093,9.0917,13.007,12.506,22.038,23.727,24.666,25.521,25.25,25.959,25.402,26.591,26.227,24.85,25.062,24.478,21.644,22,20.124,18.392,18.083,18.442,18.727,17.114,16.855,17.821,14.547,14.923,12.258,12.832,15.268,15.268,18.123,17.933,10.83,10.398,9.8431,9.5058,9.2983,9.0775,9.2685,9.2089,9.253,9.0576,9.0708,8.939,8.8877,8.6608,8.7917,9.1761,9.1597,10.198,10.188,10.005,10.147,10.097,10.365,10.237,10.508,10.958,10.865,11.034,10.685,10.83,9.0715,8.9884,8.6475,8.4372,8.2555,8.0671,8.0631,8.0209,8.1292,8.1786,8.0506,8.0981,7.9937,7.9825,8.4249,8.9916,9.4995,9.3396,9.3008,9.4689,9.6488,9.2132,9.464,9.4934,9.2377,9.1609,9.1396,9.1559,8.9262,9.0715,9.7177,9.4324,9.0984,8.9245,8.6438,8.494,8.4714,8.3665,8.3208,8.1826,8.2494,8.1961,8.1906,8.0965,8.3205,8.5056,8.7543,8.9451,8.9916,9.0888,9.076,9.0844,9.1192,9.195,9.4073,9.6921,9.7723,9.8575,9.5392,9.7177
22.189,7.5507,11.252,14.066,15.805,14.066,14.262,14.262,15.307,16.765,16.525,17.159,17.026,15.98,16.468,12.221,9.9165,7.5507,8.6088,9.9165,9.9165,9.9165,9.0546,9.4589,9.9165,5.9371,6.9062,10.17,10.087,14.629,14.066,10.087,10.17,11.958,13.301,12.421,12.221,10.78,12.065,11.958,11.056,10.989,9.9165,7.5507,5.9371,4.0662,2.9268,5.9371,10.087,11.252,7.9783,8.4898,8.2416,10.087,12.927,10.087,8.6088,11.56,9.9165,13.097,12.839,22.588,23.313,25.482,25.825,25.404,25.68,25.19,26.369,25.957,24.149,24.725,24.525,23.034,22.001,19.292,17.669,17.77,17.64,17.77,17.026,16.449,17.414,15.307,15.98,12.421,12.065,15.805,15.598,19.044,18.242,11.002,10.703,10.194,9.8119,9.5206,9.36,9.5161,9.469,9.4823,9.4755,9.2471,9.1267,9.0246,8.8521,9.2129,9.2923,9.5334,9.9641,10.303,10.306,10.308,10.138,10.351,10.676,10.716,10.898,11.179,10.959,10.787,11.002,9.4035,9.1263,8.8864,8.7203,8.5886,8.4003,8.5133,8.3369,8.3516,8.3526,8.4225,8.2261,8.4102,8.1551,8.6197,9.475,9.9221,9.992,9.748,9.7966,9.6002,9.6488,9.7955,9.7965,9.7975,9.5688,9.6339,9.7963,9.4025,9.4035,9.9241,9.6938,9.3769,9.1397,8.8854,8.726,8.7547,8.5961,8.5138,8.5753,8.4888,8.4412,8.3851,8.323,8.645,8.7974,8.984,9.1872,9.2414,9.359,9.3703,9.3382,9.4751,9.5343,9.8002,9.9447,10.059,10.077,9.8914,9.9241
22.209,7.2871,11.633,14.447,15.155,14.951,14.447,14.38,15.979,17.653,16.981,17.407,17.182,15.155,16.692,13.838,10.297,7.4574,8.9897,11.437,11.161,10.297,11.437,6.318,10.297,9.3283,4.4471,9.4355,10.297,13.838,13.952,10.468,11.633,12.339,12.446,13.308,13.308,12.339,13.838,12.446,12,11.161,9.3283,7.9316,8.3592,3.3077,5.8604,4.4471,8.9897,11.437,10.942,11.633,11.437,9.8398,10.55,10.468,9.8398,12.446,10.942,12.85,13.308,22.617,23.997,24.966,25.655,25.648,26.179,25.504,26.752,27.176,24.969,25.612,25.14,22.349,22.592,20.55,18.426,18.622,18.426,17.976,17.287,17.54,17.961,14.277,15.612,12,11.941,14.891,15.86,18.597,18.426,9.6149,9.4931,8.8989,8.5534,8.2147,8.0823,8.1237,8.1973,8.2143,8.0007,7.9471,7.8753,7.8047,7.6263,7.8288,7.8124,8.0336,8.9567,8.8329,9.0365,9.0441,8.9436,8.9161,9.1549,9.2517,9.546,9.7984,9.8261,9.3928,9.6149,8.2957,7.9705,7.6161,7.5496,7.2407,7.105,7.1491,7.2685,7.1681,6.945,7.1969,7.3317,7.1372,7.2401,7.2842,8.2556,8.566,8.6509,8.4744,8.3354,8.1933,8.4269,8.3466,8.669,8.3105,8.2991,8.2326,8.4461,8.1097,8.2957,8.7332,8.4643,8.1037,7.8899,7.6251,7.4663,7.5706,7.4541,7.3333,7.256,7.3075,7.1887,7.1981,7.1534,7.3439,7.5604,7.7033,7.9415,7.9829,8.0563,8.0615,8.1906,8.1643,8.2897,8.4182,8.669,8.8226,8.8712,8.667,8.7332
22.229,9.0049,10.483,15.364,15.025,14.462,13.697,15.364,15.471,16.268,16.178,17.977,17.302,16.504,15.827,11.452,9.4507,5.6274,6.3332,9.0049,8.6377,10.566,9.0049,9.4507,9.0049,7.4726,6.3332,9.4507,11.648,14.462,13.191,12.015,12.461,12.015,14.69,13.191,13.323,12.461,13.323,10.957,11.385,10.483,10.957,9.0049,8.6377,4.4623,2.3538,7.3023,9.855,10.566,8.3744,10.566,9.3435,9.4507,9.3435,10.313,9.4507,10.957,11.648,14.005,12.461,23.613,23.665,25.8,26.491,25.547,25.721,25.798,26.739,25.421,24.247,24.96,24.84,22.998,22.097,19.607,17.405,17.977,17.302,18.374,16.333,17.473,17.748,16.333,15.602,12.015,12.617,16.333,15.995,19.222,18.482,9.7766,9.5347,9.2006,8.6924,8.4419,8.3994,8.3618,8.3632,8.3355,8.3118,8.2036,8.0988,8.0134,7.7743,8.0577,8.2565,8.4024,9.1968,9.1437,9.3441,9.1678,9.3,9.3661,9.2109,9.4241,9.7335,10.098,10.023,9.6924,9.7766,8.3487,8.0329,7.8261,7.7484,7.5055,7.5205,7.5117,7.2816,7.2833,7.4025,7.3386,7.2848,7.2388,7.3876,7.4693,8.1908,8.8568,8.9172,8.6993,8.7163,8.7333,8.6573,8.8284,8.7782,8.8386,8.8299,8.8628,8.737,8.5233,8.3487,8.8869,8.5897,8.2769,8.061,7.8732,7.7301,7.6782,7.5548,7.4535,7.4675,7.4646,7.3899,7.3218,7.2575,7.6018,7.7271,7.892,8.169,8.1911,8.3931,8.2558,8.2992,8.3935,8.3806,8.6789,8.9607,8.9177,9.001,8.7842,8.8869
22.249,8.9733,11.984,13.936,15.795,14.627,14.431,14.26,16.472,16.813,15.963,18.033,17.716,16.147,15.332,11.865,10.926,5.5958,8.8543,8.9733,10.451,11.353,11.145,7.9153,10.281,7.9153,7.2707,8.6061,10.926,13.973,13.335,10.451,10.281,12.785,13.159,12.834,13.544,12.376,12.585,11.925,10.926,11.145,11.42,7.441,8.3428,3.2913,3.2913,6.3016,8.9733,12.322,9.3119,10.281,10.926,9.3119,11.42,9.4191,10.926,11.42,10.281,12.429,11.925,22.967,23.822,25.485,26.093,25.596,25.856,25.817,26.672,26.71,24.734,25.023,24.431,22.985,22.19,19.409,18.134,18.806,17.589,18.606,17.637,17.129,17.637,14.994,15.868,12.785,13.462,15.795,15.868,18.878,18.58,10.346,9.8354,9.4396,9.081,8.9188,8.7596,8.6347,8.7205,8.7374,8.7136,8.5512,8.4101,8.5437,8.2988,8.4401,8.6646,8.6196,9.4696,9.9094,9.6967,9.7136,9.6238,9.7332,9.8158,10.182,10.524,10.742,10.402,10.429,10.346,8.622,8.3149,8.1481,8.0879,7.8817,7.6735,7.7001,7.5252,7.5556,7.3257,7.5696,7.7464,7.5636,7.5094,7.5795,8.1132,8.7889,9.0241,8.9291,8.6774,9.0313,9.0183,8.7079,8.7955,8.7789,8.8215,8.826,8.6987,8.5577,8.622,9.125,8.8973,8.5558,8.3625,8.1544,7.9869,7.946,7.8202,7.7692,7.7615,7.7258,7.6842,7.6182,7.5074,7.8302,7.9914,8.2051,8.3897,8.4939,8.5714,8.5721,8.5729,8.7039,8.6774,8.9392,9.1191,9.2361,9.2712,9.027,9.125
22.269,8.5615,12.174,15.551,15.824,15.028,14.493,14.019,17.046,17.112,18.27,19.324,18.194,15.997,17.503,13.561,12.018,7.0292,8.4425,11.91,11.513,11.513,11.009,8.5615,10.122,9.0073,7.0292,9.8692,9.8692,12.879,14.215,10.514,13.05,12.792,13.05,13.561,13.254,12.422,14.019,13.743,11.91,11.91,10.122,7.5035,8.9001,5.184,-0.13083,7.5035,11.009,12.792,10.122,11.009,11.009,9.7814,11.513,10.04,9.7814,12.879,11.205,14.247,14.493,23.278,24.493,25.551,26.421,25.978,26.855,26.345,27.407,27.367,25.265,26.147,25.586,22.936,22.725,20.514,18.768,19.488,18.442,18.9,18.561,18.357,19.07,15.933,16.264,13.05,13.849,15.735,16.143,19.912,19.163,10.302,10.214,9.485,9.2231,8.8645,8.8817,8.7462,8.8258,8.8687,8.7247,8.7007,8.6009,8.5585,8.254,8.5822,8.7136,9.0143,9.8205,9.9656,9.826,9.7172,9.633,9.8878,10.053,10.044,10.176,10.445,10.41,10.234,10.302,9.098,8.6863,8.2603,8.2291,8.0005,7.866,7.8095,7.7783,7.7648,7.7673,7.6806,8.052,7.95,7.6383,8.1183,8.8938,9.3674,9.4194,9.3151,9.3648,9.1242,9.1485,9.1861,9.3842,9.3169,9.2857,9.199,9.0735,9.0366,9.098,9.3757,9.0374,8.7358,8.5977,8.4163,8.2332,8.1418,8.0282,8.0059,7.9296,8.0041,7.9952,7.882,7.6961,8.1057,8.3279,8.3854,8.6115,8.847,8.9173,8.8305,8.7505,8.8194,8.9855,9.2462,9.4262,9.6352,9.428,9.343,9.3757
22.289,9.0075,10.96,15.474,15.63,15.63,14.465,13.856,16.589,16.203,16.443,17.812,17.475,15.706,16.379,13.496,9.346,6.3357,6.3357,10.96,10.315,11.179,10.315,9.0075,10.315,7.4752,6.3357,9.4533,10.568,14.661,13.578,12.018,9.0075,12.62,12.464,13.238,13.369,13.193,12.356,12.464,10.485,11.651,9.0075,10.485,8.8885,2.8679,3.3254,2.8679,9.8576,9.346,9.0075,10.315,11.651,10.568,12.018,10.315,8.6402,12.356,10.568,12.819,12.868,22.775,23.264,26.023,26.583,25.589,25.622,25.983,26.426,25.832,24.121,24.768,24.924,22.987,22.162,19.609,17.558,17.812,17.949,18.377,17.305,17.425,16.999,16.181,14.909,11.959,12.819,15.878,15.028,19.346,18.295,10.661,10.287,9.8345,9.4885,9.188,8.9818,9.156,9.2092,9.1905,9.0461,8.9376,8.8156,8.7707,8.665,8.8035,8.9112,9.3961,10.023,9.9474,10.027,10.101,9.994,10.314,10.32,10.359,10.325,10.741,10.75,10.558,10.661,9.2028,8.6504,8.5167,8.4821,8.1494,8.027,8.0724,7.9468,7.9359,8.0218,7.8474,8.0006,8.1411,7.7216,8.2849,9.17,9.4116,9.5113,9.2892,9.3657,9.3088,9.3317,9.3717,9.2628,9.3478,9.2288,9.2254,9.0468,8.8763,9.2028,9.5897,9.3145,8.9519,8.7382,8.5318,8.3755,8.3601,8.2741,8.1672,8.167,8.1026,8.071,8.0085,7.8778,8.2643,8.4003,8.5275,8.7322,8.8937,8.9584,8.9816,8.9338,9.0091,9.0473,9.2549,9.6214,9.6391,9.5767,9.3809,9.5897
22.309,6.9289,11.275,13.813,15.254,14.796,14.285,13.919,16.003,16.642,15.502,16.929,17.327,15.228,15.828,12.244,8.6315,7.0992,7.0992,10.11,10.584,10.192,10.803,8.6315,11.275,8.001,8.5125,8.6315,10.803,13.813,13.631,11.079,11.523,12.088,12.862,12.034,12.862,12.492,12.817,11.642,12.088,10.11,10.192,8.6315,5.5022,-0.060815,4.0889,2.9495,6.9289,10.803,8.9701,10.192,9.0773,10.584,10.11,10.11,8.5125,11.523,10.584,12.443,12.443,22.722,23.174,25.628,25.927,25.628,25.357,25.507,26.217,25.609,24.237,24.908,24.816,22.355,21.553,19.013,17.437,17.96,18.226,17.049,16.841,17.558,17.099,15.621,15.621,12.034,13.324,15.045,14.593,19.077,18.068,10.905,10.654,10.057,9.601,9.4276,9.2805,9.5582,9.3309,9.2815,9.2588,9.1117,8.9916,8.8905,8.7668,9.0636,9.0049,9.2806,9.9189,10.167,10.227,10.182,10.223,10.331,10.559,10.657,10.51,10.983,10.911,10.764,10.905,9.1331,9.0443,8.7205,8.618,8.4049,8.1918,8.3004,8.1327,8.1727,8.014,8.1089,7.9767,8.1055,8.0576,8.9516,9.0047,9.3107,9.5612,9.4388,9.4567,9.4289,9.3835,9.6859,9.2653,9.4427,9.427,9.2139,9.4056,9.0144,9.1331,9.8423,9.6085,9.2557,9.0231,8.7588,8.6203,8.6635,8.5115,8.4299,8.3889,8.3433,8.2792,8.2665,8.1536,8.4562,8.6371,8.8575,9.0485,9.0572,9.2394,9.2056,9.1748,9.2538,9.524,9.4787,9.7707,9.8602,10.085,9.6674,9.8423
22.329,8.5794,10.899,13.946,14.848,14.878,14.878,13.909,14.878,17.874,17.139,18.383,17.414,15.224,16.275,13.909,11.394,7.8886,7.8886,10.254,11.394,10.425,10.254,7.8886,9.7968,8.9467,8.9467,9.7968,10.254,13.639,13.795,8.3161,11.394,11.957,14.092,13.265,13.435,13.308,13.518,13.639,11.59,11.118,10.899,7.244,8.5794,4.4041,-3.7251,8.3161,9.2852,12.559,9.7968,8.5794,10.254,8.5794,12.296,10.167,9.7968,11.394,11.394,12.559,12.296,22.146,23.826,24.908,25.437,25.732,25.969,25.561,26.8,27.074,25.489,25.528,24.657,21.868,22.392,20.441,18.383,18.828,18.383,18.947,17.889,17.497,17.859,14.404,14.234,12.296,13.177,15.544,15.569,18.579,18.947,9.3332,9.2555,8.8104,8.3754,8.0791,7.8171,8.0675,8.1517,7.9729,7.8259,7.837,7.5263,7.5218,7.4284,7.7376,7.6142,8.0234,8.5712,8.5966,8.7672,8.8513,8.6692,8.9784,8.7996,9.0489,9.2664,9.5157,9.7418,9.2127,9.3332,8.1197,7.9573,7.3809,7.2593,7.1143,6.883,7.0846,7.1757,6.902,6.8642,6.913,6.9404,7.0341,6.9923,7.4433,7.7445,8.2431,8.278,8.2362,8.4898,8.4216,8.5217,8.3379,8.2698,8.3047,8.3397,8.2503,8.354,7.8661,8.1197,8.5919,8.3902,7.935,7.788,7.4496,7.282,7.4532,7.3417,7.1894,7.1102,7.1685,7.0007,7.0414,6.9898,7.2604,7.3022,7.5381,7.774,7.7803,7.8544,8.1124,8.0146,7.9976,8.0537,8.272,8.4525,8.564,8.7482,8.465,8.5919
22.349,7.2683,12.32,14.258,16.299,13.82,15.136,14.656,16.342,16.234,16.47,17.776,17.898,16.144,16.406,11.418,10.923,7.9129,7.9129,11.614,11.142,9.821,10.279,8.6037,10.532,7.4386,6.2992,9.4168,11.614,14.258,13.157,11.142,11.418,12.583,13.663,12.32,13.933,12.583,13.289,13.157,10.532,11.862,9.3095,7.2683,6.2992,4.4283,4.4283,4.4283,10.532,10.191,11.142,11.418,9.3095,10.449,10.923,10.532,10.279,10.532,10.279,13.971,11.614,23.459,23.546,26.178,26.47,25.189,25.764,25.776,26.685,25.796,24.213,24.605,25.156,22.964,22.583,19.811,17.898,18.408,17.163,18.146,17.913,17.455,16.962,15.793,15.136,13.201,13.289,15.961,15.793,19.563,18.132,9.9672,9.4415,9.0956,8.7117,8.4324,8.4068,8.3944,8.4395,8.4065,8.3286,8.2301,8.0186,8.0473,7.8895,8.1629,8.0975,8.6545,9.2359,9.1918,9.3235,9.4924,9.4683,9.6512,9.4805,9.5862,9.9013,10.05,10.202,10.075,9.9672,8.2989,8.0565,7.7327,7.6713,7.4254,7.208,7.1181,7.2025,7.2027,7.0154,7.0176,7.0632,7.2507,7.2963,7.2864,7.7956,8.6997,8.5044,8.7354,8.3686,8.3074,8.3706,8.6136,8.5449,8.371,8.3731,8.3753,8.4643,8.1327,8.2989,8.7817,8.5578,8.1862,7.9728,7.7473,7.6097,7.6118,7.474,7.3831,7.4009,7.3516,7.2227,7.2313,7.1216,7.4337,7.6128,7.7893,7.9496,8.1298,8.1639,8.2404,8.1176,8.3085,8.3525,8.3279,8.7017,8.8725,8.863,8.5419,8.7817
22.369,11.085,9.4879,14.599,15.336,15.051,13.925,13.6,15.628,15.9,16.009,17.188,17.106,16.073,15.235,12.25,9.4879,4.997,7.1055,10.59,9.0836,9.8578,10.116,9.0836,9.8578,7.5798,5.9661,10.59,9.9455,13.638,13.925,10.809,10.199,13.638,13.126,11.987,12.824,12.094,11.529,12.498,11.281,10.116,10.59,11.085,8.0073,4.0952,-0.054496,9.0836,10.199,10.116,10.809,10.199,10.116,9.0836,12.094,10.59,8.2706,12.041,10.116,13.925,11.281,22.361,23.134,25.679,26.368,25.336,25.26,25.576,26.476,25.709,23.819,24.178,24.777,23.033,22.25,19.24,17.301,17.565,17.188,18.384,17.698,17.188,17.301,14.658,14.688,13.487,12.25,17.055,16.009,19.24,17.799,10.035,9.638,9.3331,8.9269,8.5742,8.5539,8.5789,8.6028,8.6306,8.4589,8.3445,8.2253,8.1914,7.9496,8.221,8.4079,8.5295,9.3123,9.2953,9.3895,9.3001,9.2974,9.5747,9.4852,9.6901,9.5488,10.075,10.114,9.8583,10.035,8.4621,8.3905,8.0504,7.7911,7.6562,7.4934,7.4907,7.3421,7.4046,7.364,7.1523,7.4954,7.4923,7.3574,7.6861,8.0879,8.8252,8.9549,8.6147,8.8528,8.9625,8.6223,8.8404,8.5812,8.8131,8.7137,8.6995,8.6376,8.3608,8.4621,9.0109,8.7492,8.4113,8.2423,8.0193,7.854,7.7998,7.6905,7.6211,7.6026,7.6258,7.5094,7.4801,7.3907,7.7813,7.824,8.1116,8.3053,8.3669,8.4539,8.4192,8.3679,8.4904,8.5774,8.8687,8.9011,9.1526,9.0619,8.9544,9.0109
22.389,9.4254,11.931,14.267,14.37,15.602,14.911,15,16.415,17.277,17.397,17.891,17.397,15.874,15.602,12.592,9.4254,6.3078,8.349,10.287,10.54,9.8296,10.287,9.4254,10.458,7.4473,6.3078,9.4254,10.287,13.298,13.165,11.359,12.592,12.436,12.791,12.592,13.979,13.942,13.468,13.298,10.932,11.623,11.871,7.4473,7.9215,4.437,-0.68188,6.3078,8.6123,10.199,9.4254,6.3078,11.427,10.458,12.328,7.4473,8.6123,10.54,8.9795,13.551,13.298,22.504,23.743,25.617,26.133,25.678,25.976,25.678,26.345,26.415,25.038,25.322,24.833,22.551,22.372,19.662,17.785,17.966,18.141,18.253,17.118,16.952,16.819,15,15.339,13.551,13.298,15.802,14.941,18.98,18.403,10.331,9.9025,9.475,9.1144,9.0104,8.6942,8.7373,8.7444,8.8163,8.753,8.6347,8.5163,8.3258,8.1692,8.4784,8.4057,8.7993,9.7257,9.6869,9.8713,9.6472,9.6463,9.7181,10.015,10.229,10.172,10.566,10.416,10.236,10.331,8.6822,8.5152,8.3053,8.1777,7.9259,7.6608,7.6002,7.564,7.6595,7.6788,7.5705,7.5718,7.5254,7.4892,7.8233,8.953,9.031,9.0059,9.0072,8.8741,8.9833,8.937,9.015,9.0375,8.9181,9.1167,8.9063,9.0045,8.6476,8.6822,9.2837,9.0174,8.6894,8.5112,8.2666,8.1112,8.1013,7.9752,7.9105,7.8886,7.8714,7.7944,7.7514,7.6503,7.93,8.1683,8.2984,8.5532,8.6904,8.7556,8.6402,8.6679,8.7397,8.8029,9.1676,9.2976,9.431,9.3276,9.2205,9.2837
22.409,10.185,11.976,16.139,16.294,13.814,14.867,15.015,15.562,16.547,16.294,16.882,17.877,16.228,15.379,13.928,9.304,9.8155,7.2628,11.137,8.8464,10.443,10.918,8.8464,7.9074,7.9074,7.4331,9.304,10.273,14.867,14.423,10.273,12.368,13.814,14.897,13.536,13.151,12.422,13.283,11.413,10.443,11.917,11.413,9.8155,8.5982,5.5879,0.27308,5.5879,8.9654,9.4112,8.9654,9.8155,9.8155,10.185,13.196,9.8155,10.526,11.857,10.918,13.965,11.976,23.322,23.283,26.066,26.739,25.681,25.498,25.699,26.654,25.542,24.423,25.229,25.015,23.561,21.934,19.149,17.433,17.263,17.104,18.026,17.157,17.263,17.104,16.294,15.325,12.422,11.917,16.294,14.986,19.767,18.56,10.579,10.247,9.7174,9.4352,9.1931,8.9597,8.9676,9.0209,8.9665,9.078,8.7786,8.7444,8.6489,8.4108,8.6246,8.5409,9.0176,10.1,10.024,9.7663,9.7969,9.8377,10.051,10.289,10.098,10.139,10.633,10.788,10.621,10.579,8.7755,8.5374,8.3659,8.1444,8.1016,8.0034,8.0219,7.7526,7.7808,7.6158,7.5391,7.6034,7.8114,7.792,8.0439,8.81,9.1386,9.2759,9.3136,9.1301,9.0486,8.9525,9.0362,8.7981,9.0237,8.8291,8.8694,9.0362,8.5907,8.7755,9.4201,9.2241,8.9073,8.668,8.487,8.304,8.2752,8.1748,8.0939,8.0914,8.0316,7.9421,7.9201,7.8566,8.0865,8.3859,8.5009,8.7172,8.8431,8.8842,8.8911,8.87,8.9064,9.0039,9.1327,9.4458,9.5803,9.5213,9.3688,9.4201
22.429,10.296,12.6,13.951,15.811,14.378,14.134,15.265,15.859,16.317,16.75,18.425,17.144,15.687,16.317,12.337,10.208,7.9303,7.9303,10.466,10.208,11.435,10.941,8.9883,9.4341,8.9883,7.456,7.2857,10.466,14.275,14.446,10.466,10.941,10.466,13.174,13.174,13.951,12.849,12.6,11.435,12.337,12.337,10.296,8.6211,6.3166,5.6108,3.3063,7.2857,9.3269,12.337,7.2857,9.8384,10.941,8.9883,11.999,10.941,9.3269,11.999,8.8693,13.837,12.6,22.676,23.345,25.401,25.784,25.964,25.919,25.813,26.371,26.175,24.581,25.531,24.89,22.8,22.255,19.99,17.286,18.164,18.048,18.869,17.539,17.975,16.424,15.455,15.611,13.35,13.559,15.611,15.585,18.929,18.425,10.774,10.402,9.9452,9.6138,9.2337,9.0803,9.2131,9.2374,9.2639,9.2049,9.0437,8.9459,8.9452,8.6392,8.9496,9.118,9.3696,10.002,10.031,10.076,10.188,10.174,10.236,10.358,10.26,10.529,10.715,11.008,10.588,10.774,9.0476,9.0377,8.6128,8.6162,8.3478,8.1437,8.0094,8.037,7.772,8.0008,7.9253,7.8877,8.0572,8.0585,8.4078,9.0526,9.2988,9.5451,9.3277,9.432,9.5364,9.4021,9.4001,9.513,9.5354,9.3767,9.3159,9.2637,9.1129,9.0476,9.6642,9.4696,9.0876,8.868,8.6427,8.4886,8.464,8.3493,8.2792,8.2419,8.2312,8.1068,8.1216,8.0403,8.3442,8.5458,8.6944,8.902,8.979,9.0453,8.9939,9.0177,9.1275,9.1029,9.4999,9.6658,9.7423,9.7489,9.4999,9.6642
22.449,8.177,11.436,15.366,16.043,15.74,15.534,14.565,16.043,18.437,18.151,18.449,18.253,15.873,15.916,14.506,10.991,7.012,9.3944,10.716,11.947,9.852,11.495,9.3944,9.852,8.4253,7.012,10.991,10.497,14.198,14.821,11.187,12.356,13.507,13.544,13.831,15.167,11.947,14.476,14.229,11.495,11.436,9.852,8.8829,7.4862,5.1667,5.8726,6.8417,10.105,12.156,10.924,10.022,12.405,10.497,10.716,12.156,10.497,12.356,11.947,13.544,12.905,22.965,24.198,25.807,26.682,26.496,26.78,26.126,27.48,27.211,25.52,25.883,25.182,23.107,23.003,21.149,19.227,19.136,18.544,19.257,17.818,18.177,18.579,16.043,15.807,14.229,13.544,16.517,16.682,19.565,19.346,11.132,10.457,10.096,9.9918,9.688,9.4343,9.622,9.4558,9.5192,9.3852,9.3038,9.2698,9.1251,8.9489,9.1418,9.4909,9.8206,10.206,10.445,10.401,10.267,10.492,10.321,10.651,10.517,10.971,11.3,11.305,11.011,11.132,9.3309,9.1476,8.7924,8.7741,8.5901,8.3499,8.3671,8.2244,8.3129,8.1893,8.3466,8.287,8.4073,8.1227,8.5711,9.3737,9.494,9.7997,9.7997,9.675,9.671,9.5939,9.4511,9.7452,9.6718,9.6322,9.6088,9.6341,9.2353,9.3309,9.9413,9.6717,9.3052,9.1597,8.9603,8.7908,8.7407,8.6439,8.6109,8.5066,8.5264,8.484,8.4125,8.3131,8.5392,8.79,8.9336,9.1756,9.3201,9.3787,9.4445,9.4475,9.4281,9.504,9.6765,10.03,10.044,9.9715,9.8418,9.9413
22.469,7.8949,11.4,15.575,15.419,15.312,14.885,14.24,15.943,17.25,16.216,17.503,16.963,15.55,15.312,13.314,9.803,7.2503,8.3224,11.4,10.261,10.431,10.514,7.2503,8.5857,7.2503,7.4206,10.173,10.431,14.24,13.645,11.596,11.963,12.409,13.271,13.314,14.41,12.813,12.409,13.953,10.905,11.4,9.3987,9.803,7.4206,5.3121,2.8133,7.2503,10.431,11.904,10.173,10.431,11.596,10.173,12.565,10.431,8.9529,11.4,9.803,14.638,13.183,22.818,23.705,25.797,26.113,25.527,25.709,25.659,26.505,26.384,24.278,25.279,24.785,22.302,22.676,19.555,18.785,17.503,18.43,18.322,17.25,17.503,17.25,15.848,14.638,12.356,13.441,16.452,15.824,19.259,18.226,9.7448,9.41,8.8464,8.5919,8.1603,8.2027,8.2207,8.3072,8.2053,8.0932,7.9874,7.9208,7.8934,7.604,7.7474,7.9483,8.3332,8.7562,9.0547,8.9585,9.0772,8.9376,9.2241,9.2485,9.4264,9.5452,9.9126,9.8894,9.6513,9.7448,8.1231,7.9237,7.6989,7.3884,7.3507,7.0961,7.0142,7.0879,7.1167,7.0449,7.0218,6.9775,7.0513,7.2911,7.5999,8.106,8.6121,8.5302,8.4123,8.5597,8.4778,8.2461,8.5073,8.3048,8.5367,8.2897,8.4418,8.3599,8.0536,8.1231,8.7002,8.4389,8.0683,7.8812,7.6401,7.4513,7.5141,7.408,7.3321,7.2285,7.2649,7.2034,7.166,7.0422,7.3658,7.548,7.6868,7.9028,8.0619,8.0723,8.1642,8.1691,8.1649,8.2929,8.4562,8.7708,8.8923,8.8852,8.6277,8.7002
22.489,9.6055,11.584,14.594,15.117,15.117,14.95,15.022,16.138,17.099,17.303,18.127,17.401,15.987,16.284,13.415,9.4351,9.3474,9.3474,11.476,9.6055,11.988,9.6055,8.9776,11.74,7.4969,7.7602,9.4351,10.08,14.724,14.029,10.771,11.079,13.127,12.616,13.585,13.309,13.127,12.82,13.309,9.6055,10.08,10.575,8.9776,7.7602,2.4454,1.4763,8.9776,8.1275,11.138,8.9776,8.466,8.5733,9.6882,11.74,9.6055,9.6055,11.988,11.019,14.059,12.313,23.033,23.781,25.443,26.162,25.449,25.919,25.776,26.848,26.63,24.704,25.808,25.368,22.723,23.079,20.313,18.52,18.466,18.729,18.033,18.163,17.722,17.114,16.337,15.967,13.415,13.415,16.425,15.499,19.303,18.729,9.8556,9.559,9.1278,8.7301,8.6621,8.3821,8.3465,8.3866,8.406,8.3099,8.1884,8.0952,7.9919,7.7155,7.9692,8.223,8.6567,9.2322,9.3441,9.4005,9.0663,8.9808,9.432,9.3252,9.334,9.6646,9.8416,9.8704,9.6748,9.8556,8.1088,8.0154,7.9017,7.6267,7.6734,7.3647,7.1964,7.0154,7.1436,7.1566,7.0891,7.0702,7.2413,7.1849,7.4766,8.4506,8.6392,8.5208,8.576,8.5995,8.3244,8.2605,8.3744,8.3878,8.5288,8.6444,8.245,8.2917,8.0998,8.1088,8.8516,8.5585,8.3224,8.1052,7.9072,7.8077,7.5967,7.5053,7.5008,7.4537,7.4507,7.3902,7.3616,7.1553,7.4615,7.7646,7.8228,8.0996,8.2754,8.3737,8.208,8.1003,8.2756,8.3337,8.6756,8.9136,8.9338,8.8923,8.6829,8.8516
22.509,8.9646,11.412,14.618,16.227,14.355,14.11,14.926,16.4,16.293,17.121,17.432,17.907,16.726,16.138,12.577,9.3031,5.3237,7.4323,11.412,10.443,11.412,10.272,8.5973,11.412,7.2619,7.2619,10.272,10.272,15.561,14.252,11.975,10.525,12.577,13.326,11.975,13.657,12.577,13.283,11.608,12.825,11.136,10.525,9.3031,8.5973,4.422,4.422,5.8353,10.272,11.975,9.4104,11.608,11.856,9.8147,12.577,10.272,10.917,11.412,10.443,14.11,11.975,22.83,23.54,26.072,26.37,25.431,25.587,25.789,26.726,25.757,24.034,24.985,25.391,23.356,22.192,19.303,17.449,18.238,17.432,18.401,16.161,17.515,17.432,15.561,15.014,13.536,13.326,16.546,15.859,19.737,17.892,10.131,9.8406,9.3774,9.0146,8.7543,8.5652,8.7349,8.6194,8.6415,8.5943,8.5296,8.2993,8.3701,8.0953,8.3576,8.567,8.8416,9.2405,9.5151,9.6478,9.5317,9.467,9.8184,9.7499,9.8271,10.14,10.234,10.547,10.109,10.131,8.6719,8.5413,8.096,7.8752,7.6969,7.5795,7.611,7.7278,7.5872,7.5621,7.5494,7.6747,7.6163,7.4493,8.0385,8.5802,9.3192,9.2174,8.9969,9.2627,8.8847,8.8859,9.1058,8.9651,8.9401,9.1012,9.1136,8.7968,8.7505,8.6719,9.1416,8.9467,8.5362,8.3683,8.111,7.9,7.9563,7.83,7.7533,7.7307,7.7029,7.6321,7.5782,7.5204,7.8072,7.9672,8.1428,8.3771,8.4539,8.5718,8.6506,8.5735,8.5949,8.5701,9.007,9.14,9.3026,9.2834,9.0435,9.1416
22.529,10.524,11.135,14.984,15.56,14.25,14.648,14.145,15.858,16.973,16.955,17.935,17.89,15.586,16.399,13.963,9.3019,7.9052,8.8443,11.606,11.135,10.271,10.441,9.4091,10.183,7.9052,5.834,8.9633,9.3019,13.926,13.281,10.524,11.135,11.914,12.775,13.452,13.963,12.419,13.149,13.281,10.271,11.855,11.914,8.9633,8.3328,0.27095,3.2813,5.834,10.524,10.916,10.524,10.271,10.441,8.596,12.419,8.3328,10.524,11.606,9.4091,14.145,12.775,22.55,23.599,25.435,26.17,25.788,26.071,25.629,26.658,26.405,25.114,25.39,24.758,22.691,22.157,19.472,18.023,18.138,17.514,18.124,17.768,17.119,17.101,15.128,14.895,12.312,12.419,15.953,15.376,19.302,17.89,10.365,9.9971,9.5614,9.1559,8.9029,8.7499,8.9159,8.8792,8.844,8.7004,8.6454,8.4021,8.4934,8.321,8.5495,8.4939,9.158,9.383,9.7434,9.7177,9.4865,9.6458,9.9432,9.8739,10.099,10.299,10.284,10.403,10.14,10.365,8.8413,8.7949,8.2927,8.1906,7.9859,7.7518,7.8258,7.8482,7.8905,7.6564,7.5642,7.6889,7.7163,7.6474,7.8769,9.2137,9.3013,9.3455,9.2137,8.8774,9.2923,9.1137,9.2227,9.3442,8.9995,9.0437,9.0718,8.972,8.9392,8.8413,9.3972,9.1071,8.7327,8.5684,8.3099,8.1735,8.236,8.1065,8.0169,7.9559,7.9417,7.8908,7.8679,7.7996,8.0251,8.2092,8.3997,8.6674,8.7127,8.7349,8.8086,8.84,8.8905,8.9651,9.1407,9.3439,9.4909,9.5602,9.331,9.3972
22.549,9.9612,10.825,14.339,14.674,14.585,14.555,14.307,15.85,16.235,16.493,17.64,16.81,15.276,16.025,13.346,7.1212,7.5955,8.2863,10.825,9.8735,10.825,9.5036,8.6535,10.606,7.5955,6.9509,8.2863,10.132,14.339,13.502,11.101,12.11,13.502,13.346,12.002,13.346,12.514,10.825,12.11,11.101,10.132,9.8735,8.023,7.5955,5.276,2.9715,6.9509,9.5036,10.132,11.033,6.9509,10.214,10.214,12.266,8.9921,10.214,9.9612,7.1212,14.044,12.266,22.647,23.062,25.369,25.725,25.266,25.387,25.515,26.288,25.861,24.194,25.048,24.262,22.91,21.92,19.655,17.204,18.486,17.714,17.941,17.204,16.664,17.138,16.025,15.013,13.346,13.225,16.025,15.894,19.214,18.261,10.762,10.37,9.9518,9.5204,9.2541,9.0355,9.1206,9.0829,9.0629,9.0394,8.9043,8.8615,8.7784,8.6414,8.6733,8.8099,9.2523,9.7179,10.008,9.9385,9.8693,10.082,10.079,10.465,10.305,10.55,10.635,10.818,10.507,10.762,9.1818,8.8111,8.552,8.5619,8.3772,8.1319,8.089,8.1051,7.8701,8.032,8.1387,8.1211,7.9061,8.0715,8.0164,9.1535,9.4022,9.5089,9.5601,9.5425,9.4694,9.3908,9.4045,9.5446,9.5745,9.5449,9.6082,9.1957,9.1781,9.1818,9.5823,9.3362,9.0251,8.8069,8.6121,8.4082,8.3485,8.2528,8.183,8.1705,8.1467,8.081,8.0329,7.9158,8.2861,8.3463,8.6444,8.8289,8.9366,8.9621,8.986,8.9765,9.0403,9.2447,9.1999,9.5526,9.7431,9.6257,9.4432,9.5823
22.569,8.588,11.402,14.64,15.945,14.857,15.368,14.976,16.658,17.165,17.093,17.698,17.506,14.887,16.965,13.955,10.907,7.2526,10.263,11.598,11.126,10.263,10.433,9.401,8.9552,8.588,6.2835,8.9552,9.401,13.316,13.918,11.402,12.767,13.444,13.273,12.567,13.955,11.906,12.567,12.567,10.516,12.304,11.126,7.4229,8.588,2.3041,4.4126,8.3247,9.2938,11.598,10.433,8.8362,11.847,9.8053,11.598,11.126,9.8053,12.304,11.402,11.598,12.567,22.806,23.551,25.106,25.85,25.631,25.838,25.85,26.38,26.571,25.106,25.671,24.675,22.48,22.474,19.401,18.848,18.325,18.896,18.242,17.619,17.253,16.814,13.918,15.005,12.816,13.316,16.129,15.232,18.836,19.206,11.049,10.539,10.085,9.7523,9.4548,9.3139,9.3381,9.3235,9.3547,9.275,9.1806,9.0684,9.054,8.7745,9.0283,9.0949,9.3345,10.121,10.378,10.392,10.2,10.398,10.734,10.539,10.808,10.886,11.232,11.037,10.885,11.049,9.1445,9.0372,8.7981,8.5329,8.3999,8.1689,8.1206,8.1188,8.051,8.1963,8.03,8.1933,8.2716,8.1095,8.4402,9.2133,9.5915,9.7036,9.7125,9.5504,9.538,9.3283,9.5822,9.4493,9.5752,9.7384,9.3868,9.3745,9.186,9.1445,9.8321,9.4903,9.2136,9.049,8.847,8.6992,8.5873,8.4457,8.452,8.4093,8.4142,8.3712,8.2949,8.1413,8.4905,8.7218,8.8423,9.1418,9.1896,9.2428,9.1068,9.152,9.2891,9.2938,9.589,9.9511,9.9076,9.9484,9.7115,9.8321
22.589,8.3206,11.594,15.65,15.846,14.409,14.605,14.133,15.941,17.615,17.161,17.249,17.878,16.147,16.147,12.563,9.2897,6.2794,7.8931,8.3206,11.594,10.903,10.903,7.4189,7.2485,6.2794,7.8931,9.8012,9.8012,13.914,13.951,10.259,11.961,13.312,12.563,12.407,14.409,12.812,13.522,11.398,11.331,10.429,10.903,8.9511,7.2485,0.25882,2.8115,9.2897,8.9511,11.122,10.171,10.903,12.3,11.398,11.842,8.8321,9.2897,11.842,11.398,12.563,11.594,22.916,23.8,25.976,26.804,25.527,25.967,25.483,26.622,26.279,24.133,24.746,24.662,22.879,22.354,19.333,18.321,17.863,17.647,18.951,17.694,17.756,18.238,16.279,15.31,12.812,11.961,16.943,16.192,19.202,17.923,11.185,10.812,10.295,9.9616,9.6194,9.512,9.7191,9.6564,9.6162,9.5643,9.4357,9.2808,9.2239,9.1464,9.3082,9.5781,9.4495,10.189,10.441,10.558,10.565,10.46,10.515,10.726,10.919,10.731,11.305,11.318,11.131,11.185,9.5511,9.3813,8.9233,8.7531,8.5261,8.5679,8.5722,8.3356,8.3833,8.4564,8.4607,8.4751,8.4973,8.6112,8.7398,8.8684,9.7825,9.8878,9.7692,9.6667,9.8541,9.7441,9.9971,9.6796,9.4864,9.7569,9.8856,9.8168,9.4225,9.5511,10.022,9.7846,9.4306,9.2208,8.9791,8.7795,8.87,8.7209,8.652,8.5511,8.5718,8.48,8.3957,8.3377,8.7094,8.7399,9.012,9.2571,9.2577,9.4367,9.334,9.3389,9.4334,9.5635,9.5139,9.8092,10.004,10.046,9.8547,10.022
22.609,10.156,12.134,16.007,15.874,14.64,15.037,15.573,15.5,16.114,16.381,17.146,17.294,16.007,15.668,11.689,8.6783,7.146,6.9757,10.156,9.5284,8.6783,10.85,8.311,9.986,6.9757,6.0066,10.631,10.239,13.678,13.167,11.629,11.321,12.539,13.641,11.689,11.125,12.864,13.249,11.125,10.631,11.125,11.125,8.311,6.9757,-0.014045,2.5387,4.1357,9.986,9.986,8.6783,9.986,9.1241,10.239,11.058,9.986,11.125,11.125,10.85,13.86,12.539,22.714,23.43,25.675,26.231,25.086,25.275,25.573,26.367,24.997,23.972,24.445,24.734,23.069,21.353,18.619,16.381,16.87,17.605,17.62,16.381,17.294,16.595,16.44,15.573,12.027,12.539,16.688,15.573,19.925,17.966,9.8117,9.5083,9.181,8.5972,8.3889,8.2093,8.3669,8.3245,8.234,8.1583,8.1088,7.8867,7.9417,7.7397,7.9867,8.1003,8.3065,9.0727,9.0534,9.103,9.0429,9.0821,9.3152,9.2016,9.2687,9.3738,9.8838,9.7693,9.6336,9.8117,8.232,8.1392,7.6461,7.4548,7.3957,7.1621,7.3791,7.2446,7.1241,7.3545,7.2187,7.0862,7.1811,7.3052,7.6363,7.6836,8.7825,8.5636,8.431,8.3217,8.5257,8.5038,8.397,8.6296,8.3552,8.5999,8.4673,8.4079,8.1335,8.232,8.8651,8.5952,8.2019,7.9886,7.7443,7.583,7.6603,7.5226,7.4443,7.4216,7.3876,7.2662,7.3056,7.2221,7.5228,7.6541,7.7925,8.1081,8.1974,8.1651,8.2644,8.2617,8.3066,8.4372,8.5833,8.9619,8.9632,8.9482,8.7662,8.8651
22.629,8.997,11.954,16.132,16.254,14.009,15.174,14.205,16.467,17.102,16.689,17.921,18.757,16.689,15.725,13.838,11.194,10.029,8.1839,12.163,12.007,11.442,10.998,10.998,9.8588,8.997,7.4931,9.4012,7.9206,15.174,14.828,11.194,12.869,13.243,14.91,13.122,13.039,12.781,13.733,14.009,12.163,12.007,11.502,7.9206,8.5511,-0.14119,-0.14119,8.5511,10.503,10.998,9.8588,10.029,12.363,10.931,12.869,11.9,10.112,11.561,11.194,14.513,14.483,23.4,24.607,26.278,27.034,26.066,26.41,26.143,27.554,26.869,25.446,25.541,25.622,23.4,23.048,20.366,18.492,17.988,18.094,19.153,17.825,18.094,18.432,16.707,17.036,13.733,13.243,17.102,16.849,20.046,19.112,10.119,9.8129,9.1102,8.9277,8.7068,8.4636,8.5898,8.5066,8.4869,8.5085,8.374,8.2748,8.1858,7.9934,8.235,8.3999,8.6467,9.284,9.552,9.5438,9.2376,9.5611,9.7561,9.4361,9.9152,10.211,9.9563,10.224,10.106,10.119,8.4701,8.1066,7.9958,7.9077,7.6908,7.5113,7.4484,7.2787,7.4468,7.3759,7.303,7.3586,7.457,7.3618,7.2581,8.7104,8.937,8.892,8.7703,8.6343,8.7132,8.8141,8.7805,8.662,8.7234,8.5065,8.6896,8.5091,8.3626,8.4701,8.9661,8.7276,8.4059,8.1843,7.9501,7.8195,7.742,7.6551,7.5929,7.5672,7.5571,7.4387,7.4656,7.3154,7.6449,7.9085,7.9548,8.3101,8.2759,8.3785,8.3277,8.3702,8.436,8.5606,8.8002,8.9475,9.0265,9.0488,8.8516,8.9661
22.649,9.1273,11.325,14.367,14.731,14.613,14.613,13.644,15.671,16.873,15.922,18.314,17.149,16.117,16.443,12.138,9.5316,8.0509,9.1273,8.6815,10.634,10.159,8.5625,10.159,10.159,8.5625,7.6234,6.9788,10.634,12.493,12.867,10.242,11.692,11.325,12.03,13.043,12.03,12.999,13.043,11.129,11.129,9.9891,10.159,6.9788,5.3039,2.0303,2.9994,5.3039,10.853,9.02,10.853,8.3142,9.9014,9.5316,12.493,9.9891,9.1273,10.634,11.129,13.53,12.138,22.185,23.09,25.097,25.576,25.097,25.477,25.265,26.083,26.029,24.363,24.731,24.411,22.03,22.294,19.532,17.842,18.587,17.842,17.955,16.979,16.117,17.232,15.278,14.702,12.03,12.912,15.877,15.38,18.514,18.681,10.451,9.9224,9.5576,9.2104,8.9458,8.7483,8.897,8.8302,8.865,8.7825,8.6862,8.5607,8.6162,8.4332,8.5918,8.8511,9.1416,9.6433,9.746,9.7882,9.8226,9.8469,9.8712,10.089,10.113,10.345,10.694,10.784,10.433,10.451,8.8573,8.5062,8.348,8.1868,7.7268,7.7109,7.7947,7.7983,7.7269,7.7418,7.6282,7.7296,7.9377,7.5967,7.6037,8.6148,9.239,9.1553,9.3298,8.8607,9.0725,9.0795,9.1633,9.1622,9.0091,9.0237,9.08,9.0982,8.918,8.8573,9.2586,9.1009,8.681,8.4623,8.2072,8.0091,8.0771,7.9643,7.9046,7.8873,7.8165,7.716,7.7736,7.6398,7.9433,8.1188,8.3074,8.5722,8.5264,8.6513,8.6669,8.6845,8.7989,8.7875,9.0375,9.2642,9.3945,9.4231,9.1121,9.2586
22.669,9.8178,11.978,15.59,16.466,15.327,14.425,14.899,15.862,16.549,16.403,16.164,17.452,16.466,15.133,11.415,7.9097,5.3269,7.4354,11.611,10.446,12.424,10.446,9.3063,10.275,7.2651,5.8384,9.3063,10.446,13.93,13.456,10.275,11.978,13.456,13.816,13.329,13.198,12.58,13.153,11.415,9.3063,11.978,10.92,10.188,5.8384,2.3166,4.4251,4.4251,7.9097,10.92,11.139,10.275,11.415,11.978,11.415,10.446,9.3063,11.919,9.4135,14.149,12.317,23.117,23.531,26.175,26.844,25.79,25.694,25.946,26.73,25.482,24.255,24.929,25.07,23.329,22.429,18.849,16.978,17.265,17.518,17.106,16.549,16.73,16.978,16.549,16.296,10.92,12.58,15.957,15.862,19.818,18.143,10.56,10.094,9.6856,9.3982,9.107,9.1376,9.0121,8.981,9.0399,8.9478,8.7952,8.6662,8.6825,8.4681,8.8126,8.76,8.9982,9.8142,9.9904,9.8712,9.7912,9.9324,9.89,10.045,10.162,10.639,10.794,10.503,10.519,10.56,8.9406,8.6847,8.4198,8.318,8.0523,7.9193,7.9053,7.8212,7.7405,8.0958,7.7066,7.7137,7.8615,7.6289,8.1816,8.537,9.0897,9.435,9.2023,9.2839,9,9.1755,9.2969,9.105,9.1941,9.0858,8.9581,8.9735,8.7609,8.9406,9.4761,9.2199,8.9278,8.6678,8.453,8.307,8.311,8.1501,8.0826,8.0714,8.0263,7.9728,7.9053,7.8278,8.2005,8.2427,8.396,8.7341,8.8141,8.8366,8.8434,8.8643,8.95,9.0044,9.1852,9.5604,9.6047,9.6266,9.3133,9.4761
22.689,8.9769,10.929,15.967,16.305,14.63,15.142,13.826,16.305,16.679,16.558,17.672,17.672,16.558,16.151,12.433,9.8271,6.3052,7.2743,11.424,11.62,11.424,10.285,7.9189,9.4228,7.4447,6.3052,11.148,10.197,14.434,13.163,11.148,11.357,12.589,14.123,12.589,13.295,12.789,11.928,12.589,10.455,10.538,10.929,8.6097,8.858,-0.68447,5.5994,5.3361,8.6097,8.9769,9.3155,10.455,11.424,10.929,12.789,10.197,9.4228,11.62,9.8271,14.264,12.38,23.068,23.436,26.002,26.552,25.553,25.77,25.735,26.817,25.643,23.822,24.894,24.706,23.729,22.288,18.977,16.968,17.527,17.445,18.686,17.672,17.527,17.133,15.967,14.998,12.789,13.295,15.799,16.173,19.96,18.414,10.782,10.411,10.007,9.553,9.2944,9.1389,9.1618,9.2147,9.2087,9.04,8.955,8.8873,8.8022,8.6677,8.8801,8.9357,9.5656,10.016,10.237,10.103,9.9263,9.8951,10.286,10.401,10.158,10.522,10.739,10.675,10.643,10.782,9.257,8.9528,8.6625,8.5257,8.3889,8.0986,8.1119,8.0303,8.0247,8.2273,8.0946,7.9833,7.9297,7.9611,8.533,8.8599,9.6767,9.7082,9.4148,9.4998,9.4106,9.5188,9.5614,9.526,9.5392,9.4364,9.3571,9.2204,9.1487,9.257,9.6916,9.4145,9.161,8.881,8.6935,8.5319,8.4792,8.3877,8.2975,8.2852,8.2501,8.1673,8.1748,8.0936,8.471,8.515,8.7249,8.9914,9.0592,9.134,9.0882,9.0644,9.1537,9.2663,9.449,9.6566,9.8161,9.7983,9.5514,9.6916
22.709,7.9389,11.64,15.463,15.594,15.356,13.997,13.997,15.695,17.547,16.26,17.547,17.465,15.987,15.695,12.609,9.4428,8.6297,9.8471,10.217,10.305,10.305,11.444,10.475,10.305,8.6297,7.2943,7.9389,8.6297,13.689,13.689,12.007,10.305,13.183,12.857,12.346,14.454,12.609,12.609,12.346,12.346,11.444,10.305,7.9389,9.3355,5.3561,-3.6748,6.3252,7.2943,10.558,10.475,8.878,7.9389,10.475,11.377,9.4428,9.3355,12.609,11.168,13.485,12.809,22.563,23.422,25.642,25.975,25.508,25.872,25.868,26.775,26.038,24.605,25.26,25.047,22.264,22.389,18.985,17.547,17.802,18.434,18.366,17.414,17.465,17.802,14.454,15.463,13.183,13.358,15.594,15.892,19.379,18.434,10.964,10.665,10.171,9.7487,9.5414,9.2785,9.5306,9.4369,9.4945,9.3839,9.2176,9.16,9.0537,8.9113,9.1869,9.1564,9.669,10.239,10.422,10.284,10.287,10.273,10.456,10.657,10.622,10.882,11.266,10.992,10.9,10.964,9.4137,9.2339,8.8055,8.6478,8.4447,8.2971,8.437,8.3759,8.2758,8.2146,8.2089,8.1302,8.3076,8.1877,9.0917,8.8886,9.7927,9.9113,9.5718,9.4496,9.4439,9.6457,9.6258,9.6201,9.5276,9.5356,9.5775,9.5024,9.1926,9.4137,9.9531,9.702,9.3134,9.131,8.8468,8.6889,8.7555,8.6237,8.5618,8.4734,8.4769,8.4161,8.4033,8.2717,8.6513,8.7517,8.8533,9.1581,9.2288,9.2926,9.4257,9.2668,9.2875,9.4689,9.5809,9.8522,9.9476,10.094,9.8516,9.9531
22.729,10.261,11.333,14.915,15.576,14.885,14.885,14.411,16.389,17.163,17.092,17.696,17.504,15.848,15.776,13.802,9.8035,7.4211,8.9534,11.905,11.4,10.906,11.125,8.8344,9.8035,9.3992,5.5758,7.2507,10.431,13.646,13.271,11.4,11.4,13.442,13.524,13.139,13.524,13.139,14.24,12.566,11.905,10.906,11.964,8.8344,7.2507,2.3022,-3.7184,6.2816,7.4211,11.125,10.514,9.2919,10.431,10.173,11.964,11.4,10.514,10.431,10.514,13.271,11.905,22.881,23.315,25.619,26.107,25.687,25.749,25.465,26.588,26.569,24.639,25.239,24.855,22.736,22.415,19.955,18.586,18.282,18.129,18.953,17.163,17.696,16.963,15.42,15.824,12.409,12.814,16.325,16.216,18.894,18.834,10.964,10.833,10.344,10.005,9.7394,9.5845,9.6615,9.6177,9.5979,9.5285,9.4445,9.3427,9.3449,9.0402,9.2031,9.4696,9.8582,10.481,10.612,10.574,10.305,10.488,10.449,10.64,10.862,10.597,10.854,11.169,10.945,10.964,9.715,9.2781,9.0252,8.922,8.8779,8.5539,8.5098,8.5131,8.5857,8.6836,8.5213,8.577,8.5581,8.5159,8.9754,9.5767,9.8563,9.7966,9.9006,9.9042,9.9055,9.8458,9.8592,9.8403,10.01,9.8141,10.106,10.003,9.6822,9.715,10.14,9.926,9.5272,9.314,9.1139,8.9322,8.9479,8.8278,8.7802,8.6804,8.7247,8.669,8.6095,8.4976,8.8261,8.979,9.1371,9.378,9.5995,9.5845,9.654,9.4906,9.6186,9.7915,9.8225,10.217,10.259,10.25,10.035,10.14
22.749,7.2798,10.202,15.259,15.853,14.27,14.636,15.032,16.822,15.972,15.972,17.192,17.192,16.418,15.972,11.934,7.2798,6.3107,7.2798,11.993,10.29,11.993,10.46,10.29,9.8326,7.2798,7.4502,11.362,9.8326,14.164,12.843,11.626,10.46,13.945,13.553,12.843,13.471,12.595,12.439,11.626,11.874,10.29,9.8326,10.29,7.9244,5.3416,3.3004,5.6049,9.321,10.46,10.202,10.46,9.8326,10.29,11.934,9.8326,8.8635,11.43,11.934,13.471,12.331,23.344,23.235,26.287,26.912,25.605,25.858,25.718,26.441,25.409,23.746,24.664,24.712,23.699,22.331,19.189,16.744,17.45,18.043,17.787,16.744,18.419,17.45,16.822,15.853,13.344,12.595,16.685,16.156,19.584,18.691,10.084,9.741,9.2543,8.876,8.5335,8.3979,8.563,8.537,8.4929,8.4341,8.2567,8.1979,8.1079,7.9617,8.2764,7.8589,8.6235,9.0283,9.306,9.4124,9.235,9.4572,9.5958,9.575,9.696,9.8347,10.222,10.343,9.9113,10.084,8.3874,8.0663,7.976,7.6003,7.3703,7.363,7.2102,7.1241,7.2804,7.2519,7.1204,7.0267,7.2169,7.3239,7.4554,8.289,8.7242,8.6694,8.5203,8.4442,8.3681,8.3609,8.5511,8.5623,8.3259,8.3741,8.3669,8.186,8.1417,8.3874,8.9162,8.6263,8.3147,8.0879,7.8471,7.7103,7.66,7.5818,7.454,7.4975,7.45,7.3411,7.3635,7.3088,7.5563,7.6654,7.9706,8.15,8.1962,8.19,8.3153,8.3755,8.3802,8.4404,8.6002,8.8057,9.0543,9.0294,8.7801,8.9162
22.769,8.9526,11.124,15.23,16.215,15.847,15.549,14.606,15.575,16.281,16.281,16.869,17.568,16.149,16.388,12.565,10.513,5.575,7.4203,9.8027,11.124,10.26,9.3984,10.905,8.8336,6.2808,5.575,9.2911,9.2911,14.914,14.134,10.26,11.596,12.565,14.41,12.764,12.813,13.441,13.183,12.565,11.596,11.4,10.172,10.513,7.2499,2.3014,-3.7192,4.41,8.9526,9.8027,9.8027,10.172,11.124,11.4,12.409,8.5853,9.8027,10.26,11.124,14.098,12.301,22.818,23.187,25.994,26.587,25.419,25.748,25.731,26.667,25.797,24.123,24.685,25.137,23.428,22.456,19.803,16.925,17.983,17.42,18.953,17.25,17.503,16.963,15.942,14.884,12.764,13.441,16.534,16.714,19.302,18.56,10.083,9.9593,9.3522,8.9391,8.722,8.471,8.5176,8.6409,8.5193,8.4628,8.3969,8.1957,8.2347,8.0222,8.3329,8.3361,8.8897,9.0344,9.3551,9.5297,9.2801,9.3342,9.4301,9.6122,9.7355,9.4603,10.124,10.068,9.8322,10.083,8.4633,8.4535,8.0304,7.9651,7.6708,7.5109,7.5223,7.4648,7.4287,7.4956,7.2195,7.2309,7.4832,7.3647,8.0372,8.5677,8.9009,8.6783,8.9104,8.7974,8.8643,8.7002,8.8738,8.9959,8.8754,8.8392,8.7642,8.7419,8.3964,8.4633,9.078,8.859,8.5166,8.3106,8.0337,7.8885,7.8952,7.8025,7.7332,7.6753,7.6539,7.5529,7.5611,7.5132,7.8375,7.8278,8.1495,8.2552,8.4297,8.4884,8.5184,8.5109,8.5521,8.661,8.9126,9.0884,9.1498,9.2274,8.9815,9.078
22.789,8.8921,11.001,14.603,16.564,15.749,15.749,14.485,16.47,17.99,17.714,18.76,18.148,15.376,16.052,14.011,11.001,5.8818,8.9993,11.001,10.933,9.8612,12.166,10.114,9.8612,8.8921,8.5535,10.506,11.001,13.516,14.603,11.902,12.166,13.125,13.042,13.553,13.699,13.125,14.207,13.735,11.445,13.841,11.902,6.8509,8.8921,2.8715,5.176,5.176,10.031,12.414,7.4954,9.8612,12.166,8.8921,13.402,11.001,10.506,10.725,11.001,13.944,14.011,23.149,24.314,25.925,26.256,26.345,26.543,26.052,27.296,27.495,25.654,26.321,25.484,23.058,22.915,20.851,18.186,18.999,19.326,19.693,18.635,16.954,18.148,16.763,15.882,14.011,12.871,16.393,16.413,19.404,19.394,10.534,10.027,9.5604,9.3701,8.9817,8.8652,9.006,9.0298,8.9271,8.7932,8.7617,8.7393,8.618,8.4798,8.7759,8.6083,9.2817,9.6884,9.9293,10.028,9.8604,9.9115,10.032,10.143,10.297,10.428,10.806,10.777,10.496,10.534,8.7659,8.6321,8.3355,8.1795,7.9426,7.903,7.9444,7.9696,7.8869,7.7407,7.6836,7.5885,7.6733,7.9001,7.805,8.9202,8.9787,9.1841,9.0716,8.9178,9.0613,9.0431,9.0511,9.0694,9.0233,9.0426,9.1198,9.0979,8.7366,8.7659,9.3415,9.0626,8.7436,8.5623,8.2764,8.1681,8.165,8.059,7.983,7.903,7.9435,7.8866,7.819,7.7705,8.0474,8.2387,8.4372,8.5908,8.7696,8.7781,8.73,8.7717,8.7311,8.9635,9.1095,9.2864,9.5567,9.4008,9.2361,9.3415
22.809,10.533,11.144,15.795,15.569,14.626,14.26,13.461,16.471,16.832,15.962,17.44,17.27,14.993,16.146,14.43,7.4402,7.4402,7.2699,10.28,11.616,10.925,10.451,10.28,10.925,7.2699,7.4402,10.28,11.144,14.154,13.972,12.321,11.42,13.158,13.544,12.833,13.158,12.429,11.983,11.616,10.533,10.451,10.28,9.3111,8.342,-3.6992,0.28017,7.2699,8.9725,11.864,10.28,7.9144,9.4183,10.28,12.833,10.451,10.28,11.983,10.925,13.544,11.983,22.62,23.879,25.638,26.312,25.439,25.855,25.569,26.803,26.459,24.476,25.019,24.683,22.784,22.283,19.745,17.668,18.246,17.944,18.449,17.27,17.44,17.44,15.962,15.332,12.429,13.461,16.344,16.168,19.564,18.301,10.676,10.329,9.8518,9.5283,9.2188,8.994,9.2424,9.0827,9.0538,9.1173,8.9253,8.8211,8.6467,8.5792,8.8232,8.9852,9.2161,10.039,9.8795,9.9648,9.9406,9.9884,10.168,10.247,10.35,10.53,10.816,10.708,10.548,10.676,8.9149,8.8853,8.5064,8.4193,8.1489,7.8766,7.9061,7.955,7.8078,7.843,7.697,7.8093,7.9041,7.9989,8.5573,8.794,9.5323,9.2821,9.2203,9.1353,9.1713,9.4355,9.2398,9.3346,9.232,9.0605,9.1406,9.1534,8.7999,8.9149,9.6164,9.347,8.9743,8.7299,8.5314,8.3454,8.3768,8.2475,8.1696,8.1568,8.1256,8.068,8.0266,8.0024,8.2349,8.414,8.5934,8.7748,8.8735,8.9468,9.0688,8.9934,9.0571,9.005,9.362,9.6221,9.7019,9.7521,9.446,9.6164
22.829,8.8502,10.921,14.901,14.99,14.931,14.99,13.818,15.592,16.961,17.107,17.896,17.179,14.654,15.566,12.372,10.921,5.8399,9.415,11.416,11.416,9.8193,10.53,8.6019,10.921,7.2666,7.9111,9.3078,10.277,13.818,13.457,11.14,13.33,11.979,13.287,13.199,12.425,13.199,13.457,13.457,11.979,10.53,9.8193,9.8193,7.2666,7.2666,4.4266,7.4369,11.14,10.189,9.8193,8.9692,10.53,10.277,9.8193,8.9692,11.14,10.189,10.921,13.457,11.612,22.657,23.673,25.097,25.762,25.551,25.957,25.755,26.375,26.76,25.016,25.328,25.019,22.28,22.425,19.896,18.144,18.406,19.275,17.911,17.665,17.267,17.161,16.232,15.959,13.287,12.781,15.592,15.592,19.275,19.153,11.058,10.535,10.047,9.6805,9.3446,9.396,9.3524,9.3535,9.3682,9.2529,9.1455,9.1715,9.0023,8.8182,9.0666,9.3049,9.5675,10.1,10.193,10.193,10.248,10.149,10.53,10.548,10.786,11.049,10.823,11.003,10.936,11.058,9.2361,9.0158,8.7389,8.6927,8.4814,8.3807,8.0587,8.0448,8.2241,8.045,8.2771,8.1092,8.0397,8.1501,8.7242,8.7103,9.6749,9.5703,9.4496,9.56,9.1921,9.3227,9.3897,9.642,9.5872,9.4504,9.3297,9.4989,9.1044,9.2361,9.7978,9.4873,9.1703,8.9752,8.7864,8.6189,8.535,8.4385,8.4297,8.3559,8.3945,8.3396,8.2787,8.1416,8.5046,8.7106,8.8091,9.0311,9.2182,9.3697,9.1948,9.2239,9.1839,9.3976,9.636,9.8508,9.9524,9.8923,9.7776,9.7978
22.849,8.9879,11.879,14.949,15.61,13.837,14.92,13.306,15.347,17.472,16.69,17.96,17.472,15.686,15.883,12.6,8.6206,7.2852,9.4337,11.631,10.94,10.466,10.296,7.2852,9.838,7.9298,7.2852,10.466,11.435,13.95,14.169,9.838,11.939,12.6,13.68,12.8,13.68,12.848,12.6,13.349,11.159,11.631,10.549,7.2852,5.6103,3.3058,3.3058,5.6103,9.4337,12.444,9.838,11.998,11.435,9.4337,11.631,9.3264,10.466,11.435,8.6206,12.6,13.174,22.512,23.583,25.6,25.966,25.646,25.926,25.382,26.66,26.54,24.622,25.008,24.773,22.32,22.216,19.434,18.163,17.456,18.149,18.595,17.285,17.285,17.93,15.81,16.184,13.218,13.95,16.228,15.978,19.37,18.869,11.149,10.851,10.292,9.8769,9.6007,9.4513,9.5435,9.5905,9.5408,9.497,9.2968,9.1179,9.2373,9.2045,9.3429,9.2364,9.7858,10.186,10.409,10.411,10.486,10.409,10.56,10.748,10.557,10.663,11.26,11.2,10.786,11.149,9.5156,9.3614,8.8883,8.9118,8.656,8.5295,8.5106,8.5644,8.5497,8.3496,8.3127,8.3837,8.329,8.5247,8.5522,9.79,9.8175,9.982,9.7908,9.8108,9.9181,9.7678,9.8117,9.7548,9.7824,9.7156,9.5975,9.7757,9.5582,9.5156,10.098,9.8475,9.4615,9.2074,8.9464,8.8107,8.8913,8.7411,8.6496,8.6217,8.6298,8.4762,8.4996,8.4441,8.7219,8.8643,9.0467,9.2898,9.3339,9.4687,9.4237,9.4754,9.5984,9.6029,9.7831,9.9767,10.195,10.164,9.9205,10.098
22.869,10.275,11.414,15.564,16.67,14.254,13.153,13.967,16.23,16.466,16.94,17.451,17.264,16.295,16.729,12.828,7.9091,9.3057,7.4348,10.275,10.919,10.528,11.138,10.528,11.61,7.2645,6.2954,8.9671,8.9671,14.254,13.328,10.275,11.138,13.659,13.538,11.918,13.328,13.197,13.455,11.918,12.579,10.275,9.3057,7.2645,7.4348,3.2851,5.3263,7.4348,9.3057,10.275,10.528,9.3057,10.445,9.8172,11.61,10.275,9.3057,12.579,9.4129,12.37,12.316,23.117,23.575,25.828,26.729,25.943,25.745,25.838,26.426,25.285,24.652,24.908,25.095,23.455,22.25,19.808,17.264,18.296,17.264,17.909,16.67,16.959,17.435,16.163,15.434,13.153,12.423,16.548,14.899,19.739,18.763,9.8014,9.4638,8.9844,8.6678,8.343,8.3171,8.3247,8.2375,8.293,8.2873,8.0741,8.0615,7.8862,7.7673,7.9234,7.7933,8.4243,9.1208,9.105,9.2966,9.1856,9.16,9.3158,9.3647,9.5383,9.6468,9.9205,10.162,9.7926,9.8014,8.1992,7.8709,7.7947,7.5045,7.3079,7.3578,7.1805,7.1009,7.0531,7.058,6.9997,7.0444,7.231,7.0095,7.6422,7.8288,8.1398,8.5238,8.5685,8.5698,8.4781,8.3254,8.7095,8.5092,8.4772,8.5219,8.4898,8.5421,8.1544,8.1992,8.7134,8.4571,8.147,7.9095,7.7544,7.569,7.5148,7.3771,7.3185,7.3746,7.298,7.2248,7.1979,7.1226,7.3724,7.6187,7.8345,8.0055,8.1401,8.2201,8.2101,8.0492,8.3216,8.3078,8.5665,8.7741,8.9003,8.8496,8.6857,8.7134
22.889,11.028,11.93,15.57,16.998,15.952,15.279,15.047,16.283,16.719,16.773,18.486,18.213,17.244,16.79,13.429,8.9192,7.0483,7.0483,10.533,11.028,10.96,10.752,9.4307,11.028,9.0264,7.9501,11.224,11.224,15.777,14.482,12.193,11.028,12.899,14.482,13.971,13.069,12.766,15.047,12.193,10.059,12.393,10.96,8.5806,7.9501,5.4513,4.038,4.038,9.8006,10.752,11.224,8.5806,9.8883,11.224,13.762,10.752,8.9192,13.069,11.472,15.279,14.266,23.78,24.341,26.542,27.225,26.172,26.253,26.538,27.057,26.525,24.988,25.373,25.559,23.708,23.006,19.747,17.742,18.854,18.798,18.962,17.552,18.213,17.244,16.591,16.773,13.543,12.899,17.048,15.952,20.166,19.026,10.191,9.8001,9.2992,8.8863,8.6552,8.4083,8.4778,8.6672,8.5042,8.4803,8.4296,8.26,8.2343,8.1172,8.3204,8.5149,8.5873,9.1788,9.5628,9.5076,9.58,9.4768,9.6559,9.6594,9.7006,10.181,10.233,10.334,9.967,10.191,8.4816,8.1726,7.8936,7.7741,7.5126,7.4486,7.3569,7.403,7.4709,7.1882,7.2879,7.2533,7.6121,7.5158,8.0397,8.3663,8.8902,8.8262,8.6554,8.5483,8.6621,8.5658,8.5493,8.7376,8.6575,8.6271,8.6319,8.5679,8.4591,8.4816,9.0218,8.7605,8.4018,8.1571,7.9416,7.7621,7.8473,7.7079,7.6144,7.5582,7.5701,7.4482,7.4667,7.4044,7.6835,7.8027,8.0326,8.2393,8.3389,8.4121,8.4403,8.5083,8.5976,8.6318,8.6679,8.8191,9.2263,9.1966,8.9299,9.0218
22.91,8.5768,11.587,14.231,15.839,14.876,14.401,14.629,16.525,17.241,16.803,17.856,16.86,16.118,16.38,14.126,8.3136,7.2415,10.252,11.587,10.896,9.3899,10.164,9.3899,9.3899,8.9441,7.886,9.3899,10.896,13.515,13.944,11.324,11.115,12.347,12.756,11.391,13.515,12.756,14.126,12.556,11.895,11.391,9.3899,8.5768,8.9441,3.2621,4.4015,7.4118,10.252,10.252,11.115,9.7942,11.587,10.422,11.954,10.164,10.422,12.756,11.587,12.556,12.804,22.469,23.85,25.371,26.211,25.518,26.38,25.265,26.68,26.647,24.597,25.132,24.861,22.515,22.632,20.372,17.916,17.886,18.825,18.551,17.428,16.525,17.1,15.303,14.965,13.13,13.174,16.525,16.525,19.283,18.487,10.127,9.9359,9.3841,9.0656,8.7387,8.5062,8.7881,8.7552,8.6625,8.5845,8.4599,8.4012,8.3348,8.0973,8.3897,8.2892,8.7415,9.4775,9.5313,9.4756,9.5786,9.4981,9.4175,9.7904,9.8749,9.9235,10.002,10.326,10.009,10.127,8.5983,8.4341,8.0886,8.0606,7.7033,7.6024,7.6279,7.5092,7.4218,7.4489,7.4964,7.2552,7.6515,7.8067,7.8504,8.1147,9.0359,8.9784,8.8655,8.5594,8.6776,8.4995,8.687,8.855,8.7654,8.7079,8.8143,8.5413,8.4546,8.5983,9.2048,8.908,8.6021,8.3967,8.2171,8.0074,8.0112,7.865,7.8475,7.7949,7.7828,7.7115,7.6731,7.5668,7.8797,8.0599,8.1867,8.4682,8.5489,8.6884,8.574,8.6113,8.6921,8.7496,9.0409,9.2182,9.2555,9.2433,9.1387,9.2048
22.93,8.6169,10.936,15.451,15.581,14.442,14.271,15.034,15.005,16.824,16.565,17.68,17.956,15.974,16.158,11.627,9.3227,7.2815,8.3536,10.936,10.545,10.462,10.204,9.3227,11.155,7.4518,6.3124,9.4299,9.8342,14.271,13.302,11.431,12.596,13.555,13.947,11.994,12.596,12.796,12.845,11.627,11.155,12.44,10.936,10.292,5.6066,7.4518,3.3021,9.3227,8.6169,10.936,9.3227,11.155,8.9841,10.936,11.875,11.431,8.6169,11.155,11.431,13.302,12.596,22.571,23.688,25.335,26.39,25.806,25.72,25.607,26.576,26.137,24.271,25.126,25.135,23.038,22.387,19.667,17.727,18.145,18.044,18.015,17.194,17.384,16.824,14.946,16.843,12.845,13.214,15.581,15.683,19.257,18.617,10.398,10.382,9.6898,9.2294,8.9288,8.8081,8.9208,9.0844,8.8849,8.8451,8.7393,8.5731,8.5249,8.3899,8.7159,8.7584,9.0458,9.513,9.7417,9.6677,9.5723,9.5935,9.8809,9.9358,10.048,9.9957,10.172,10.571,10.252,10.398,8.8863,8.7005,8.4075,8.0719,8.0539,7.767,7.979,7.8406,7.8259,7.7468,7.7148,7.7512,7.9227,7.9343,8.044,8.4716,9.0237,9.357,9.2835,9.1089,9.1066,9.129,9.111,9.2825,9.1735,9.0607,9.2771,9.01,8.7591,8.8863,9.4448,9.2306,8.8323,8.6142,8.3741,8.1915,8.2606,8.1494,8.0156,7.9789,8.0104,7.8999,7.9146,7.8195,8.0852,8.2591,8.4776,8.6305,8.7436,8.8154,8.9104,8.8256,8.8836,8.9491,9.2525,9.3476,9.5157,9.5269,9.3815,9.4448
22.949,9.4238,11.358,15.255,15.028,14.265,15.255,14.663,15.143,15.444,16.818,17.528,17.395,16.477,16.241,13.94,10.286,4.4353,9.3165,10.286,11.149,10.286,10.93,9.4238,11.621,5.6004,6.3062,9.828,10.286,14.631,13.296,10.93,11.929,13.67,13.164,13.164,13.164,13.978,12.434,12.79,10.93,10.286,11.869,7.4456,7.4456,3.2959,3.2959,4.4353,9.828,10.198,10.286,10.539,9.3165,10.286,11.929,10.456,9.4238,11.425,9.4238,13.339,12.327,23.23,23.475,25.982,26.648,25.644,25.644,25.909,26.413,25.575,24.22,25.001,24.91,23.416,22.338,19.059,18.038,18.038,17.721,18.153,17.395,17.721,17.188,15.6,15.028,13.296,13.67,15.676,16.306,19.75,18.139,10.658,10.389,9.9441,9.4608,9.3073,9.2548,9.1588,9.1918,9.1674,9.1194,8.9173,8.8645,8.8408,8.556,8.7309,8.9527,9.3821,9.7425,9.9056,9.9795,9.872,9.952,10.309,10.284,10.421,10.186,10.812,10.834,10.572,10.658,9.166,8.974,8.625,8.4869,8.3242,8.0594,8.0664,7.9393,8.063,8.0273,8.0521,7.9802,7.9638,8.1406,8.5879,9.1595,9.4648,9.5173,9.6252,9.4114,9.476,9.4475,9.5555,9.7004,9.3253,9.5888,9.3613,9.3825,9.1578,9.166,9.6788,9.4356,9.1022,8.8516,8.6442,8.5292,8.4459,8.341,8.3095,8.2883,8.1751,8.1298,8.1193,8.0206,8.3618,8.5085,8.7335,8.9112,9.0264,9.1228,9.0633,9.1018,9.1357,9.1761,9.4339,9.6561,9.7864,9.7279,9.5644,9.6788
22.97,8.6311,11.522,13.594,15.33,14.021,13.777,13.918,15.228,16.067,16.13,17.295,16.928,16.49,15.959,13.323,7.5731,5.9594,8.9697,10.109,10.192,9.9388,8.6311,8.9697,11.641,8.5121,7.5731,9.0769,10.192,14.089,12.491,11.078,10.192,13.202,14.652,12.817,13.594,13.119,12.949,11.078,11.98,11.582,9.9388,9.0769,6.9285,5.2536,2.9491,6.9285,8.2639,10.583,8.9697,9.9388,9.9388,8.9697,10.583,9.9388,9.0769,11.582,9.4812,13.202,11.011,22.79,22.745,25.337,26.056,25.347,25.228,25.507,26.212,25.475,24.463,24.782,24.75,23.255,21.63,19.233,17.247,17.603,17.618,17.806,15.805,17.031,16.623,15.805,15.959,13.202,13.48,15.827,15.228,19.403,18.524,10.956,10.65,10.129,9.7358,9.4424,9.3016,9.4825,9.4147,9.4534,9.3263,9.1379,9.0622,9.0347,8.9605,9.1111,9.0837,9.6452,10.432,10.415,10.193,10.331,10.025,10.513,10.529,10.553,10.817,10.946,11.194,10.9,10.956,9.2972,9.1018,8.8943,8.5737,8.5682,8.3741,8.3741,8.2221,8.2809,8.2708,8.1003,8.1776,8.0014,7.9045,8.2375,9.3821,9.6383,9.6758,9.6282,9.4795,9.5938,9.5282,9.6424,9.3762,9.6911,9.4524,9.493,9.2485,9.2264,9.2972,9.8872,9.671,9.3301,9.0815,8.8255,8.6914,8.6943,8.5725,8.4408,8.4548,8.3948,8.2969,8.3107,8.2412,8.5402,8.6105,8.9004,9.0113,9.1748,9.2594,9.3181,9.3533,9.4491,9.3659,9.5876,9.8295,10.065,9.8896,9.7428,9.8872
22.989,9.3292,12.001,15.041,15.689,14.922,15.011,13.683,15.98,16.907,17.458,17.288,17.686,16.489,16.319,12.34,9.4365,9.3292,7.288,11.37,8.6234,11.438,10.298,7.9326,10.469,7.288,6.3189,9.4365,10.551,13.953,13.839,10.298,12.393,12.603,13.479,12.803,12.34,12.603,13.839,11.942,11.37,11.162,10.943,8.8717,8.3601,6.3189,2.8511,6.3189,9.8408,11.438,9.4365,9.3292,11.438,9.8408,10.469,10.211,8.6234,10.943,10.298,13.839,11.438,22.851,23.615,25.694,26.396,25.417,26.071,25.417,26.558,26.114,24.299,24.618,25.201,22.719,22.436,19.593,17.391,18.152,18.022,18.166,16.907,17.475,17.183,16.187,15.613,12.34,13.221,15.861,16.253,19.551,18.598,9.5535,9.4846,8.8136,8.5661,8.1293,8.1277,8.231,8.1404,8.2041,8.1124,7.9424,7.744,7.7577,7.5878,7.8259,7.9535,8.1604,9.0421,8.9585,8.9781,9.0268,8.9257,9.247,9.2046,9.1766,9.2729,9.6217,9.5639,9.465,9.5535,8.0711,7.7824,7.5704,7.4023,7.143,7.0911,6.9055,6.902,6.9054,7.0433,6.8453,6.8708,6.9626,6.6738,7.4922,8.4526,8.4856,8.3388,8.2474,8.1937,8.1161,8.1666,8.324,8.3015,8.2102,8.1664,8.0376,8.2713,7.9073,8.0711,8.5932,8.3872,8.0632,7.8366,7.5999,7.4561,7.4359,7.2963,7.2798,7.2214,7.2281,7.0762,7.0364,7.0264,7.2944,7.4018,7.6767,7.7936,7.8894,7.9876,7.9805,7.991,8.1694,8.2314,8.3506,8.5348,8.719,8.6901,8.4475,8.5932
23.01,8.969,11.979,14.654,15.328,14.256,14.654,14.256,15.382,16.979,17.665,17.665,18.13,16.297,16.21,12.829,8.6018,7.2664,8.6018,11.416,9.4148,10.921,10.277,9.8191,8.6018,7.4367,7.2664,9.4148,9.3076,14.256,13.287,12.781,11.416,14.622,13.54,12.581,13.287,12.372,12.318,11.979,10.277,12.318,10.447,7.4367,7.911,7.4367,0.2767,7.2664,9.3076,12.425,11.14,9.8191,10.189,10.447,11.979,8.969,10.447,12.318,11.416,13.287,11.92,23.023,23.445,26.088,26.47,25.645,25.959,25.762,26.705,25.784,24.466,24.622,24.736,23.128,22.361,19.362,17.386,17.633,16.961,18.678,16.885,17.941,17.519,15.959,15.667,13.155,12.581,15.84,15.791,19.571,18.13,9.9919,9.4555,9.0658,8.7449,8.5388,8.3598,8.4105,8.3842,8.3756,8.3209,8.2026,8.1143,8.1393,7.9332,8.1908,8.0615,8.7439,9.2201,9.3834,9.1636,9.2518,9.2843,9.5419,9.5545,9.396,9.5292,10.077,10.082,9.8762,9.9919,8.2412,7.8634,7.7086,7.6953,7.4796,7.281,7.1475,7.1939,7.217,7.2487,7.1531,7.144,7.2634,7.1956,7.8887,8.1325,8.4626,8.3671,8.4447,8.3706,8.4683,8.5146,8.4367,8.5841,8.3087,8.3959,8.3868,8.3088,8.0159,8.2412,8.8371,8.5703,8.2921,8.0481,7.8481,7.6882,7.6377,7.5244,7.4531,7.4754,7.3997,7.3307,7.3214,7.2191,7.5193,7.6403,7.8551,8.0707,8.2065,8.2286,8.2595,8.3116,8.3904,8.4615,8.7182,8.95,9.0737,8.9055,8.7661,8.8371
23.03,9.9041,11.607,15.467,15.859,15.01,15.859,15.792,17.064,18.033,17.538,18.139,17.627,15.792,16.569,14.528,8.2291,10.157,8.4774,10.549,10.549,12.914,11.043,10.074,9.8163,6.8938,10.074,9.4465,12.052,14.558,15.219,10.768,11.239,14.528,12.457,13.167,13.559,14.617,12.914,12.782,12.782,12.914,12.052,8.5964,6.8938,2.9144,5.4671,7.5383,9.9041,12.408,9.9041,8.935,12.209,11.607,12.209,9.0422,11.239,9.9041,12.209,13.883,13.883,23.085,23.838,26.021,26.689,26.388,26.38,26.149,27.104,27.092,25.11,26.196,25.234,23.072,22.914,20.526,18.477,18.869,18.585,19.446,17.884,17.87,17.884,17.147,15.491,14.25,14.282,17.147,16.358,19.772,19.816,10.068,9.853,9.3627,8.9204,8.6573,8.5367,8.6918,8.6009,8.6199,8.5667,8.4569,8.265,8.2752,8.0967,8.2511,8.6584,8.9899,9.3051,9.4938,9.3264,9.5151,9.5895,9.7194,9.725,9.6751,9.9293,10.399,10.418,9.9779,10.068,8.3992,8.4769,7.9152,8.0377,7.7363,7.5805,7.5623,7.3276,7.6298,7.3207,7.3391,7.3337,7.5853,7.3506,7.5563,8.5474,8.6699,8.9587,8.7857,8.4428,8.5066,8.6472,8.9327,9.0585,8.6925,8.5689,8.7095,8.6702,8.5153,8.3992,9.0711,8.813,8.4766,8.2385,8.0294,7.8537,7.8895,7.7257,7.6641,7.69,7.6065,7.4982,7.5233,7.4402,7.6949,7.8664,8.0089,8.3618,8.3638,8.4707,8.4662,8.5417,8.6051,8.5925,8.8298,9.173,9.1737,9.0609,8.9034,9.0711
23.05,10.208,10.467,15.266,15.611,13.837,14.134,15.038,15.348,16.424,16.75,17.915,17.539,15.687,15.978,14.446,10.208,7.4562,7.4562,11.16,10.549,11.94,10.941,8.9885,10.941,8.358,5.611,8.8695,11.16,14.17,13.56,11.16,11.368,12.601,12.601,13.174,11.94,13.951,13.988,13.35,11.436,11.436,10.549,9.3271,3.3065,3.3065,4.4459,8.8695,8.9885,10.296,11.632,12.337,10.467,10.296,11.436,8.6213,10.296,11.436,9.3271,14.642,12.601,22.854,23.673,25.396,25.966,25.34,25.784,25.919,26.522,26.379,24.581,24.92,24.823,22.771,22.299,19.424,18.583,17.604,17.794,18.465,17.456,17.794,16.999,15.455,15.266,11.632,13.477,16.828,16.185,19.59,18.262,10.47,10.1,9.6263,9.245,9.0627,8.824,8.8266,8.8016,8.882,8.8735,8.749,8.6203,8.5574,8.3893,8.7216,8.6739,9.0898,9.7031,9.8191,9.8346,9.8108,9.617,9.9906,10.034,10.267,10.34,10.708,10.626,10.454,10.47,8.8266,8.498,8.3368,8.2407,8.1512,7.9048,7.713,7.6581,7.7172,7.6458,7.6608,7.4107,7.9147,7.5349,8.0823,8.896,8.8554,9.2377,9.1648,9.1719,9.0107,9.0389,9.1403,9.0266,9.0628,9.2117,9.0981,8.9157,8.6009,8.8266,9.3165,9.066,8.7644,8.5655,8.3531,8.2019,8.081,7.9727,7.9287,7.9145,7.9114,7.8716,7.7776,7.6986,7.9951,8.1836,8.333,8.5323,8.6708,8.8144,8.6177,8.6695,8.7442,8.8996,9.1973,9.307,9.4129,9.4049,9.1912,9.3165
23.07,8.8607,10.458,15.602,16.242,13.828,14.911,13.98,15.339,16.896,16.351,17.447,17.136,16.242,16.742,12.592,8.9797,5.3389,7.4474,10.287,10.54,11.151,10.54,8.9797,10.458,8.6125,7.4474,9.8298,9.4255,14.267,13.298,11.427,12.436,14.37,12.84,13.298,13.165,13.672,13.551,11.427,11.931,11.427,10.287,7.2771,7.9217,5.6022,2.3286,7.4474,6.308,11.99,9.3183,10.458,11.623,10.287,12.592,9.8298,9.3183,11.871,10.2,14.37,12.329,23.337,23.01,25.91,26.614,25.406,25.645,25.795,26.732,25.363,24.031,24.588,25.03,23.616,22.263,19.286,17.277,16.971,17.966,18.612,16.742,17.53,17.464,16.82,16.742,13.341,14.267,17.136,16.839,19.906,18.349,10.591,10.236,9.7087,9.4038,9.2414,9.1004,9.057,9.0238,9.1973,9.0726,8.8903,8.857,8.7707,8.4942,8.6029,8.8469,9.6398,10.07,10.11,10.231,9.8854,9.9155,10.43,10.305,10.49,10.775,10.742,10.937,10.71,10.591,9.1097,8.5093,8.3965,8.4948,8.0914,8.1443,7.9965,7.7862,7.9654,8.0442,7.9133,7.8142,7.8745,7.8896,8.316,9.4184,9.3923,9.2932,9.3682,9.6317,9.2838,9.1079,9.283,9.1247,9.4416,9.2181,9.3164,9.093,8.8695,9.1097,9.4716,9.1529,8.9498,8.7502,8.5541,8.41,8.2389,8.084,8.1083,8.1258,8.0426,8.012,7.9488,7.7847,8.113,8.3762,8.5254,8.6538,8.8809,8.9246,8.8398,8.8368,9.1367,9.1153,9.2355,9.4344,9.6755,9.5196,9.363,9.4716
23.09,8.9789,11.15,15.256,15.677,15.029,14.16,14.632,16.175,16.741,16.152,17.117,17.276,16.307,16.35,12.435,8.9789,7.2762,10.287,10.931,10.54,11.15,11.426,9.829,11.15,7.2762,7.2762,9.4247,9.3174,14.436,13.165,11.15,11.622,12.591,14.911,13.297,13.34,13.941,12.591,13.297,11.426,11.93,10.931,8.6116,8.9789,4.4363,-0.68255,5.6013,9.4247,10.54,7.9208,10.287,11.359,11.622,12.328,11.359,7.2762,10.54,11.622,13.165,12.382,23.088,23.387,25.926,26.651,25.601,25.823,25.521,26.414,25.917,24.44,24.774,24.911,23.336,22.376,19.371,17.594,17.276,16.989,18.416,17.463,16.838,17.594,16.414,16.242,11.93,12.591,16.989,15.144,19.571,17.921,11.005,10.605,10.052,9.7747,9.3032,9.2431,9.4346,9.4126,9.3437,9.2853,9.1378,9.0744,8.9683,8.8663,8.9325,9.298,9.4609,9.9602,10.221,10.179,10.404,10.293,10.347,10.576,10.522,10.52,10.909,11.197,10.855,11.005,9.1771,9.1179,8.7361,8.529,8.3742,8.1184,8.2101,8.3003,8.1636,8.2163,8.0953,7.9035,8.3398,8.0464,7.8651,9.025,9.8419,9.494,9.4481,9.3612,9.5281,9.3146,9.6415,9.3512,9.4594,9.3877,9.3106,9.3592,9.0235,9.1771,9.7732,9.5673,9.1418,8.9537,8.6992,8.508,8.5923,8.5091,8.3669,8.3289,8.3027,8.1983,8.2205,8.1308,8.4227,8.55,8.7949,8.8546,9.0428,9.0193,9.151,9.1407,9.2368,9.3119,9.6032,9.6786,9.7462,9.8826,9.6427,9.7732
23.11,9.8524,12.814,15.023,15.599,14.656,13.491,14.687,15.625,16.331,17.158,17.42,17.553,15.625,15.469,13.965,10.31,8.6351,8.6351,10.48,10.563,11.174,11.449,8.6351,10.48,9.0023,7.9442,9.4481,10.563,13.851,13.188,10.563,12.863,13.188,13.188,13.188,13.573,13.491,14.392,12.614,11.953,11.449,11.449,10.48,6.3306,0.30997,2.3512,3.3203,8.6351,12.814,10.563,9.4481,10.563,10.48,11.894,9.0023,8.6351,11.953,10.955,14.289,13.32,22.906,23.695,25.599,25.978,25.345,25.321,25.429,26.324,26.198,24.659,25.345,25.119,22.93,22.263,19.985,17.158,18.163,17.42,19.002,17.3,16.861,17.745,15.625,14.934,12.863,13.32,16.198,15.873,19.002,18.426,11.189,10.818,10.292,9.933,9.6494,9.468,9.5733,9.5696,9.5125,9.5206,9.3243,9.2094,9.1958,8.8745,9.2318,9.361,9.614,10.266,10.475,10.26,10.314,10.395,10.382,10.591,10.489,10.926,11.062,11.317,10.971,11.189,9.4638,9.0793,8.9255,8.7774,8.5272,8.4679,8.3497,8.3479,8.3674,8.3762,8.2695,8.2122,8.3348,8.4019,8.0608,9.8961,9.3752,9.7427,9.8572,9.6065,9.5749,9.7647,9.4846,9.8735,9.8394,9.7201,9.6347,9.4573,9.3412,9.4638,9.9697,9.7042,9.3616,9.1895,8.9122,8.7601,8.787,8.6391,8.5707,8.5447,8.5244,8.418,8.3504,8.3456,8.5575,8.745,8.9644,9.2068,9.2498,9.3639,9.4173,9.3717,9.5314,9.4739,9.8277,9.8145,10.131,9.8921,9.8643,9.9697
23.13,10.263,10.516,15.422,16.218,15.368,14.137,14.917,16.129,16.814,17.253,17.506,17.423,16.129,15.945,13.804,6.2835,7.8972,8.9553,10.516,11.127,11.598,11.598,11.127,9.8054,8.8363,8.588,11.402,8.9553,13.955,12.767,11.127,11.402,13.804,14.137,12.567,12.567,12.411,12.567,12.411,9.8054,12.567,11.598,7.423,9.4011,4.4127,2.3041,7.2526,8.9553,12.304,9.4011,9.2938,11.598,9.4011,10.908,10.263,10.263,11.402,11.906,13.804,12.567,22.738,23.481,25.691,26.162,25.78,25.78,25.631,26.303,26.178,24.979,25.241,25.317,22.723,22.411,19.037,17.423,18.325,17.897,18.562,17.373,16.947,17.165,15.654,15.314,13.273,12.567,16.965,15.314,19.547,18.498,9.8977,9.3188,8.9374,8.6843,8.3993,8.0949,8.3306,8.2861,8.3963,8.2958,8.0876,7.9548,8.0029,7.748,7.8993,8.0826,8.5712,8.9275,9.0557,9.0296,9.1515,9.2332,9.3551,9.5144,9.6224,9.6536,9.714,9.9317,9.7502,9.8977,8.2134,7.8982,7.6745,7.5502,7.2548,7.1152,7.2898,7.1957,6.9481,6.8777,6.9831,7.0234,7.0849,6.8901,7.3073,8.0086,8.6544,8.3962,8.2713,8.3428,8.4937,8.4309,8.2837,8.5177,8.4749,8.3353,8.1781,8.1989,8.2096,8.2134,8.6787,8.5112,8.1321,7.8745,7.6829,7.4959,7.4988,7.3817,7.3081,7.2992,7.2557,7.1532,7.1194,7.0608,7.3465,7.5251,7.6963,7.802,8.0008,8.0583,8.0796,8.0346,8.2342,8.2703,8.459,8.7509,8.7502,8.7415,8.5101,8.6787
23.15,10.055,12.19,15.949,16.875,15.448,14.742,15.472,16.013,16.55,17.753,18.21,18.566,16.978,16.339,13.148,10.138,8.5774,9.7973,11.588,10.53,12.438,11.588,10.53,11.529,10.749,9.4275,11.025,10.53,15.567,13.759,11.926,12.763,14.231,13.864,13.426,13.759,14.035,14.539,12.19,11.588,11.025,9.8851,10.749,6.8748,4.9366,-0.11491,2.8954,10.138,12.808,9.8851,8.2102,10.055,10.138,12.034,11.588,11.22,14.035,10.749,15.276,13.148,23.777,24.372,26.716,27.013,26.266,26.159,26.159,27.193,26.436,24.854,25.555,25.555,23.773,22.998,20.163,17.32,18.566,18.014,19.013,18.172,18.172,17.504,16.28,16.769,14.742,13.066,17.062,15.567,20.53,19.169,9.909,9.7236,9.1985,8.7697,8.563,8.433,8.4187,8.4756,8.4383,8.3915,8.2111,8.1124,8.0163,7.8572,8.1099,7.9032,8.595,9.3388,9.2973,9.3303,9.1823,9.1322,9.4955,9.3105,9.5532,9.7195,9.9588,10.008,9.7195,9.909,8.4602,8.0993,8.0081,7.8088,7.6576,7.3691,7.3197,7.3575,7.2332,7.3526,7.4421,7.3021,7.2702,6.9151,7.436,8.4207,8.7997,8.7206,8.7345,8.612,8.4506,8.5292,8.7405,8.8725,8.5535,8.6992,8.709,8.6201,8.2937,8.4602,8.9481,8.671,8.3705,8.1372,7.8894,7.7554,7.726,7.6163,7.5544,7.5156,7.5042,7.3878,7.317,7.3038,7.5229,7.7868,7.9892,8.1809,8.2199,8.3836,8.3647,8.3795,8.4127,8.5578,8.6352,9.1148,9.064,9.0297,8.8449,8.9481
23.17,9.4136,10.275,14.621,14.255,14.653,13.93,15.018,15.565,17.435,17.265,17.663,17.177,14.899,15.59,13.329,10.529,6.2961,9.8179,11.978,10.188,10.275,10.92,8.8488,10.446,7.2652,8.8488,8.9678,10.446,13.286,14.425,10.529,10.92,12.828,13.66,13.286,13.329,13.817,12.58,13.66,11.859,12.317,10.275,7.2652,7.4355,4.4252,2.8282,5.5902,10.275,11.415,10.275,10.275,8.9678,10.188,11.415,11.415,7.4355,10.275,10.529,13.539,13.198,22.736,23.793,25.087,25.898,25.684,25.704,25.694,26.64,26.72,24.899,25.541,24.821,22.184,22.75,20.319,17.16,18.405,17.385,18.405,17.16,17.435,17.452,15.434,15.957,13.329,12.317,15.863,15.666,18.8,19.185,10.108,9.6657,9.3726,8.9638,8.8008,8.6669,8.6827,8.6673,8.7435,8.6089,8.4459,8.3707,8.4193,8.0937,8.222,8.4394,8.8494,9.4447,9.5532,9.5283,9.3382,9.5531,9.7435,9.7509,10.007,9.9588,10.389,10.167,10.174,10.108,8.5103,8.3512,8.0313,7.9422,7.8305,7.6115,7.3834,7.4074,7.4215,7.4517,7.6541,7.5727,7.3115,7.3896,7.1283,8.2405,9.0096,8.5034,8.7614,8.6245,8.5051,8.4091,8.7681,8.7731,8.7648,8.5724,8.5086,8.5256,8.2644,8.5103,9.1653,8.8361,8.5633,8.3693,8.1543,7.9765,7.9437,7.8353,7.7636,7.7218,7.7423,7.7267,7.6246,7.4574,7.78,8.0102,8.1977,8.4638,8.605,8.6112,8.5838,8.6219,8.6493,8.816,9.1601,9.1397,9.4135,9.2711,9.1028,9.1653
23.19,8.6008,11.919,14.9,15.958,14.653,14.93,13.817,15.666,16.808,16.404,18.129,17.773,16.164,16.467,14.255,8.6008,8.6008,9.4139,10.92,11.611,11.139,11.611,9.3066,11.859,8.968,7.91,11.139,8.6008,13.931,12.58,11.415,11.415,13.539,14.653,13.539,13.66,12.58,11.919,13.66,12.58,11.415,9.8181,10.276,7.4357,3.286,2.8284,7.4357,10.276,10.529,9.3066,9.4139,8.968,9.3066,11.139,10.188,8.3375,11.139,10.188,13.198,11.611,22.751,23.931,25.613,26.184,25.863,25.746,25.626,26.418,26.211,24.255,25.107,24.775,22.853,22.279,20.116,18.405,18.255,17.91,18.297,16.96,17.368,16.96,16.142,15.591,11.611,13.968,16.142,15.591,19.57,18.714,10.349,10.284,9.688,9.2698,8.9532,8.7847,9.0994,9.007,8.8178,8.7085,8.6919,8.4433,8.3802,8.3715,8.5702,8.4569,9.0638,9.5364,9.6521,9.6092,9.7663,9.7422,9.7824,9.9256,9.9123,9.9735,10.266,10.538,10.223,10.349,8.8944,8.802,8.4138,8.109,7.9452,7.6978,7.8317,7.8794,7.7803,7.7607,7.7275,7.6906,7.92,7.8831,7.915,8.7879,9.1416,9.1047,9.1487,9.0998,9.0766,9.1181,9.1823,9.3604,9.0355,8.8012,9.2616,9.118,8.8837,8.8944,9.4262,9.1874,8.7943,8.5624,8.294,8.1195,8.245,8.1253,7.9946,7.9266,7.9827,7.8116,7.9018,7.7971,8.1182,8.2179,8.4737,8.6867,8.6372,8.8418,8.8479,8.854,8.9207,9.0271,9.2631,9.4778,9.5809,9.5338,9.2798,9.4262
23.21,10.483,11.452,14.004,15.601,15.169,14.462,14.292,15.703,17.196,16.864,17.555,17.472,16.178,15.827,14.186,7.302,9.4504,8.6374,11.452,10.483,10.957,10.312,9.8547,10.565,7.302,8.3741,9.8547,10.312,14.004,13.697,10.957,10.957,11.452,12.816,13.19,13.967,12.617,13.323,13.19,11.452,10.565,11.176,7.9465,7.4723,3.3226,3.3226,7.302,8.6374,10.312,11.176,10.565,9.3432,11.896,10.957,11.648,10.312,11.452,10.957,13.697,11.648,22.693,23.366,25.609,25.935,25.231,25.743,25.919,26.578,25.952,24.687,25.209,25.054,22.87,22.199,19.606,17.668,17.991,17.472,18.035,17.555,17.489,16.844,15.703,15.364,13.853,12.353,14.936,16.178,19.188,19.005,10.6,10.361,9.8734,9.5102,9.1989,8.9125,9.086,9.0894,8.9857,8.9771,8.7883,8.7035,8.6707,8.4744,8.7766,8.8434,9.2105,9.6959,9.8995,9.8068,9.8485,9.9214,10.219,10.01,10.351,10.186,10.484,10.782,10.277,10.6,9.0945,8.8488,8.7661,8.2524,8.2225,7.9878,8.0702,7.9257,8.0715,8.0022,7.7688,7.9164,7.9849,7.9711,8.4108,8.9748,9.2172,9.3943,9.2761,9.106,9.2536,9.2176,9.318,9.5016,9.4158,9.4394,9.3425,9.3773,9.0669,9.0945,9.6209,9.3508,9.0232,8.78,8.5545,8.3374,8.3878,8.2704,8.1858,8.1665,8.1472,8.0403,8.0036,8.0105,8.2184,8.3494,8.5556,8.7219,8.8588,8.9922,8.9946,9.0162,9.0936,9.1875,9.3587,9.5387,9.7265,9.6836,9.4665,9.6209
23.23,11.174,11.45,15.599,15.625,14.934,13.32,15.023,15.599,15.625,16.438,16.842,17.47,16.764,15.625,12.351,7.2998,6.3307,9.341,11.646,11.174,11.382,10.48,10.955,10.563,8.6352,6.3307,10.31,9.4483,13.32,11.954,11.646,11.174,12.459,13.573,11.954,13.188,12.351,12.459,12.615,10.563,10.955,11.174,10.31,9.4483,4.4599,-0.65898,7.2998,10.563,9.8525,10.48,10.222,9.4483,9.8525,12.615,10.48,9.341,11.954,9.8525,13.965,13.32,23.233,23.507,26.37,26.602,25.266,25.516,26.067,26.408,25.461,24.01,24.409,25.142,23.687,22.202,19.395,16.842,16.975,17.553,18.439,16.919,17.553,16.919,15.992,15.897,13.965,12.405,16.198,15.279,19.604,18.635,10.84,10.478,10.065,9.7416,9.4591,9.3709,9.2471,9.3256,9.3547,9.2153,9.1375,9.008,9.033,8.7616,9.0131,9.1879,9.6464,10.143,10.215,10.222,10.166,10.216,10.276,10.232,10.608,10.68,10.996,10.818,10.56,10.84,9.2868,8.9194,8.7262,8.6808,8.5481,8.3434,8.2268,8.2248,8.0456,8.1875,8.0766,8.1778,8.1972,7.9529,8.6119,8.2014,9.4172,9.6243,9.4546,9.5078,9.492,9.1683,9.5295,9.4195,9.6224,9.5337,9.4254,9.2493,8.9775,9.2868,9.7912,9.5291,9.2145,8.9812,8.7961,8.6657,8.561,8.4662,8.3989,8.4002,8.3391,8.2712,8.2135,8.1277,8.5155,8.6339,8.8111,9.0562,9.1487,9.2589,9.1447,9.1174,9.2684,9.4162,9.5408,9.7423,9.9572,9.835,9.6728,9.7912
23.25,9.3103,13.157,15.438,16.234,14.429,14.903,14.933,16.343,16.234,16.812,17.635,17.439,15.961,16.3,13.972,8.6045,6.3,7.9137,11.419,10.45,12.321,10.279,10.45,11.143,8.9718,5.5942,9.4176,9.3103,14.259,13.29,11.863,11.419,13.202,14.903,12.584,13.664,12.428,13.821,12.584,11.419,9.4176,10.533,10.192,7.2691,2.3206,2.3206,8.3412,9.8219,10.279,8.3412,10.45,10.279,8.6045,12.321,8.8528,10.45,9.8219,10.279,14.362,12.321,22.754,23.46,25.708,26.239,25.919,25.705,25.708,26.42,25.637,24.379,25.331,24.933,23.081,22.326,20.075,17.389,18.133,17.269,18.972,16.831,17.269,17.128,15.794,15.67,13.157,12.584,16.674,16.212,19.841,18.409,9.5917,9.3234,8.793,8.5308,8.1122,8.0969,8.1496,8.2537,8.2018,8.0496,7.9298,7.7282,7.8679,7.6597,7.7761,7.8963,8.3821,8.8615,9.1678,9.018,9.0614,9.0184,9.1348,9.4093,9.4423,9.5947,9.7274,9.7157,9.4928,9.5917,8.1641,7.753,7.5905,7.3868,7.0936,7.0215,7.118,6.8753,6.8737,7.0292,6.7561,6.8583,7.0786,6.9336,7.2903,7.7889,8.2875,8.4643,8.3574,8.2124,8.5136,8.2823,8.3824,8.3142,8.3492,8.2597,8.2392,8.416,7.9873,8.1641,8.5491,8.345,7.9906,7.7944,7.5106,7.3886,7.4089,7.2583,7.1852,7.1432,7.1216,7.0875,7.0525,6.9794,7.2037,7.3674,7.522,7.8333,7.8595,7.9437,8.0599,8.1007,8.0467,8.1717,8.4107,8.6248,8.7611,8.7716,8.5573,8.5491
23.27,7.9091,10.919,15.564,15.434,14.988,14.425,14.425,15.564,17.583,16.826,17.583,18.027,15.564,15.838,13.285,9.8173,7.2645,7.2645,11.414,11.347,11.138,10.919,10.275,8.5999,7.9091,7.4349,9.3057,10.445,14.899,13.93,11.414,11.138,13.328,13.197,13.328,13.285,12.316,14.113,11.977,9.8173,12.423,10.445,7.2645,7.2645,5.3263,0.27483,5.5896,7.2645,11.61,8.9672,9.413,10.919,10.187,11.977,7.9091,8.9672,11.414,10.528,13.93,12.579,22.832,23.734,25.564,26.263,25.76,25.957,25.572,26.52,26.263,24.674,25.084,24.976,22.871,22.554,19.894,17.894,18.128,16.883,18.404,16.959,17.518,16.94,15.434,15.957,12.37,12.828,15.59,15.564,19.413,18.241,9.7482,9.5307,8.9327,8.6045,8.3325,8.1558,8.3289,8.2358,8.2834,8.2622,8.1078,7.9353,7.9337,7.7892,7.8935,7.9977,8.3858,8.9537,9.1134,9.1622,9.0353,9.132,9.1531,9.3225,9.2405,9.6253,9.6741,9.9757,9.4777,9.7482,8.2724,8.0336,7.7522,7.5794,7.4066,7.1763,7.2256,7.2749,7.1676,7.1936,7.1322,7.1678,7.3414,7.2109,7.7238,7.7731,8.5047,8.6191,8.4497,8.5525,8.5559,8.5776,8.6857,8.5783,8.5212,8.4885,8.6474,8.387,8.2411,8.2724,8.7804,8.5425,8.1375,7.9581,7.7215,7.5707,7.5901,7.457,7.3702,7.3628,7.3213,7.2559,7.198,7.1517,7.4796,7.5688,7.827,7.9804,8.0421,8.1281,8.2788,8.2057,8.2316,8.3725,8.5911,8.7864,9.0586,8.9664,8.7357,8.7804
23.29,11.123,10.678,15.405,16.204,14.252,14.281,14.854,15.472,17.668,17.519,18.438,17.203,15.56,15.934,13.689,9.539,8.5699,10.678,11.843,10.678,11.242,11.183,9.539,11.242,7.8641,6.5287,8.5699,8.6771,14.163,13.518,11.183,11.242,13.689,12.043,13.885,14.396,13.621,13.518,13.194,10.403,12.593,10.184,9.0814,6.5287,3.6887,4.5905,6.699,9.7093,11.183,10.611,10.403,11.58,11.843,12.549,10.184,10.611,11.843,12.092,12.092,13.231,23.179,24.281,25.673,26.161,25.92,25.912,25.527,26.947,26.85,24.844,25.421,25.056,22.64,22.916,20.403,17.838,18.833,18.172,18.833,17.505,17.392,17.392,15.126,14.828,12.549,13.689,16.071,16.716,19.371,19.158,9.9983,9.922,9.3396,8.9914,8.5754,8.3842,8.5756,8.5936,8.5903,8.4783,8.3588,8.1497,8.2337,7.8835,8.2405,8.4171,8.822,9.2093,9.451,9.2028,9.2916,9.2845,9.3686,9.475,9.6496,9.6939,9.9568,9.9673,9.7941,9.9983,8.6286,8.1834,8.0328,7.7417,7.8037,7.552,7.5454,7.4736,7.447,7.4852,7.4238,7.453,7.928,7.3546,7.3004,8.4221,9.1533,8.9016,8.8114,8.9863,8.8253,8.9467,8.7981,8.907,8.9184,9.0472,8.8724,8.8657,8.7559,8.6286,9.06,8.8171,8.4559,8.1997,7.969,7.848,7.8751,7.7437,7.6651,7.6183,7.6245,7.5492,7.5,7.4396,7.6663,7.9712,8.1204,8.3628,8.3954,8.5046,8.5263,8.4188,8.5293,8.7273,8.8686,9.1383,9.2971,9.2864,9.0191,9.06
23.31,8.962,11.133,14.924,15.952,13.533,14.419,15.559,16.461,16.203,17.259,17.43,17.43,16.158,15.952,13.811,8.962,7.904,8.962,11.913,10.27,10.27,11.133,10.914,10.27,8.3315,6.2903,10.27,9.8121,14.647,12.418,11.972,11.913,13.962,13.925,13.148,13.148,13.323,13.811,11.913,11.605,12.574,10.27,10.27,9.4079,3.28,4.4194,7.2594,8.843,11.409,10.27,10.523,11.853,10.44,12.418,10.44,9.8121,12.574,10.44,13.28,13.148,23.016,23.438,25.94,26.513,25.777,25.755,25.806,26.529,25.94,24.277,24.879,25.104,22.889,21.883,19.471,17.259,17.578,17.705,18.022,16.543,17.512,16.878,15.952,15.857,12.774,13.323,15.952,15.857,19.734,18.758,10.373,10.119,9.4213,9.181,8.9807,8.7886,8.7329,8.7502,8.7675,8.7673,8.5317,8.4936,8.4144,8.3541,8.5391,8.4576,9.2783,9.6683,9.7497,9.9284,9.6064,9.6589,9.7931,9.8516,9.8134,10.097,10.381,10.38,10.227,10.373,8.6171,8.56,8.148,8.0804,7.8163,7.6167,7.6334,7.549,7.5905,7.5214,7.4389,7.4069,7.6578,7.6596,7.62,8.4209,9.0111,8.9023,8.9178,8.5428,8.6573,8.6848,9.0221,8.8582,8.9155,8.931,8.7834,8.9488,8.5007,8.6171,9.2309,8.9873,8.6505,8.4137,8.2136,8.0198,8.0043,7.8982,7.8539,7.8129,7.7799,7.6825,7.6563,7.6086,7.9708,7.997,8.2085,8.4101,8.5588,8.6512,8.646,8.582,8.6963,8.8073,9.0733,9.1598,9.307,9.3129,9.173,9.2309
23.33,9.3361,10.476,13.69,13.96,13.997,14.285,13.486,15.892,17.984,17.613,18.159,17.74,14.959,15.594,13.228,9.8476,8.8785,8.8785,11.445,10.95,10.305,11.169,9.3361,11.949,8.367,6.3258,7.2949,9.8476,13.359,13.183,10.95,12.809,11.641,12.346,13.96,13.183,13.359,12.61,13.69,12.858,11.889,7.9395,7.4653,9.4434,5.8682,2.3464,6.3258,10.305,11.169,11.949,8.9975,9.4434,7.4653,10.95,10.476,10.305,10.95,10.476,12.858,13.228,22.395,23.904,24.841,25.117,25.54,26.24,25.574,26.319,27.248,24.929,25.656,24.683,21.641,22.008,20.2,19.033,18.271,18.793,18.891,16.433,17.295,17.415,13.997,13.846,11.641,13.316,14.651,16.171,18.879,18.605,10.583,10.295,9.6416,9.3641,9.0169,8.8353,9.0794,9.0602,9.0658,8.9143,8.8517,8.6706,8.7191,8.519,8.7497,9.0493,9.207,9.8283,9.9305,9.9051,9.9796,10.048,10.115,10.056,10.251,10.55,10.708,10.866,10.479,10.583,8.8792,8.8267,8.5779,8.2705,7.9811,7.7638,8.0001,7.7465,7.7306,7.6722,7.7633,7.9132,7.8901,7.7462,8.4116,8.9664,9.1994,9.4324,9.1506,9.1881,9.2189,9.2641,9.1202,9.0727,9.0496,9.1582,9.1662,9.1431,8.7881,8.8792,9.4793,9.2441,8.83,8.6545,8.389,8.2003,8.2951,8.1759,8.1385,8.0317,8.0768,7.9641,7.987,7.8441,8.1989,8.3,8.4881,8.6652,8.788,8.9182,8.948,8.9676,8.8798,9.1785,9.2673,9.5849,9.6071,9.6675,9.3803,9.4793
23.35,11.472,12.942,15.571,16.773,15.204,15.476,14.746,15.403,17.756,17.132,17.91,18.058,16.737,16.44,14.543,8.2139,8.2139,8.5811,11.532,11.591,11.028,11.591,11.532,12.942,8.2139,8.2139,8.9197,10.533,14.746,14.746,11.224,12.393,13.868,13.868,13.868,14.631,13.868,12.193,13.43,13.544,11.532,11.591,9.8888,8.2139,4.0385,-0.11122,6.8785,8.9197,12.767,9.8888,10.961,11.591,10.059,11.028,10.752,11.028,12.193,12.193,13.763,13.581,23.665,24.513,26.215,26.866,26.284,26.623,26.333,27.084,26.573,24.983,25.652,25.512,23.205,22.955,20.255,18.963,18.787,18.522,18.765,18.214,17.855,17.553,15.403,16.421,12.442,13.763,17.868,17.132,19.828,19.383,10.719,10.465,9.9237,9.5618,9.2403,9.1104,9.2539,9.4135,9.2413,9.1469,9.0587,8.9135,8.8701,8.7826,8.9207,8.9483,9.5797,9.8358,9.9432,9.9828,10.118,10.005,10.045,10.417,10.408,10.549,10.962,10.867,10.577,10.719,9.1904,8.9572,8.6952,8.6221,8.2652,8.045,8.1189,8.007,7.9441,8.1761,8.0072,7.9858,8.0778,7.9659,8.4887,9.1834,9.574,9.5388,9.3692,9.5724,9.3574,9.3075,9.5153,9.6221,9.3734,9.192,9.4194,9.3463,9.1173,9.1904,9.6868,9.4699,9.1176,8.8804,8.627,8.4635,8.4954,8.3891,8.3061,8.2822,8.2516,8.1183,8.118,8.0997,8.4508,8.3846,8.6399,8.8836,8.8924,8.9903,9.0374,9.1447,9.133,9.2901,9.2585,9.6013,9.7984,9.8295,9.5259,9.6868
23.37,10.556,11.887,14.283,15.592,13.567,15.016,13.688,15.045,16.855,17.152,17.937,17.611,14.927,15.89,13.567,8.8765,5.618,6.3238,11.167,11.443,11.887,8.9955,8.9955,10.474,8.8765,7.9375,8.365,10.556,13.313,13.567,11.947,12.344,13.181,13.181,12.856,13.181,13.484,13.844,13.484,12.856,12.006,12.398,9.8456,7.4632,3.3135,3.3135,7.4632,7.2929,9.8456,10.303,11.167,10.556,8.9955,10.303,10.556,10.948,11.443,10.556,13.567,12.608,22.643,23.759,25.322,25.788,25.338,25.788,25.897,26.465,26.587,24.849,25.222,24.703,22.623,22.262,19.708,17.937,18.171,17.982,18.603,16.757,17.413,16.987,15.618,15.016,13.484,12.807,16.431,15.16,19.077,18.472,10.917,10.495,10.172,9.8182,9.5584,9.3019,9.4874,9.4609,9.4257,9.349,9.2644,9.1921,9.0022,8.8283,9.1395,9.2745,9.6717,10.095,10.325,10.396,10.129,10.151,10.462,10.287,10.341,10.603,10.84,10.975,10.695,10.917,9.3193,9.1469,8.8409,8.6824,8.5184,8.2635,8.2238,8.2782,8.1996,8.2563,8.2034,8.1591,8.2714,7.9375,7.9943,9.2137,9.6652,9.4002,9.5125,9.4829,9.3246,9.4841,9.6165,9.5722,9.641,9.5337,9.4629,9.2413,9.0318,9.3193,9.8629,9.5878,9.2979,9.0626,8.8224,8.6664,8.6461,8.5197,8.4802,8.4437,8.437,8.3611,8.2866,8.2455,8.5056,8.6821,8.9413,9.1052,9.1848,9.3297,9.2416,9.2148,9.3497,9.5354,9.7601,9.9862,9.9937,9.9035,9.7673,9.8629
23.39,10.282,12.835,15.964,16.237,15.441,14.12,14.66,15.869,16.237,16.473,17.113,17.901,16.473,15.673,13.16,10.452,6.3026,6.3026,11.354,11.985,12.323,9.3129,9.4202,9.8245,5.5968,6.3026,9.4202,9.8245,14.261,12.587,11.985,11.354,13.292,13.336,11.985,13.463,12.43,12.587,11.926,11.354,10.452,10.535,8.9744,9.4202,7.2717,2.3232,4.4318,8.9744,11.421,8.3438,9.3129,11.617,9.4202,12.323,8.9744,7.2717,11.421,10.282,13.292,13.463,22.835,23.5,26.018,26.46,25.76,25.85,25.64,26.406,26.075,24.156,24.983,24.9,23.205,22.329,19.576,17.961,17.946,17.166,18.15,16.833,17.272,16.473,15.797,15.334,12.587,13.205,16.947,15.673,19.844,18.855,9.7936,9.2529,8.8689,8.5647,8.1638,8.0555,8.2732,8.3505,8.2555,8.1627,8.007,7.8229,7.8966,7.7224,8.0233,8.0253,8.4674,9.0339,9.1367,9.083,9.1626,8.9437,9.1572,9.2912,9.1491,9.4969,9.8523,9.9864,9.6256,9.7936,8.3781,7.941,7.811,7.4968,7.2904,7.0507,7.4774,7.1716,7.1816,7.3363,6.867,7.0708,7.1408,6.9233,7.4055,8.0609,8.7717,8.4676,8.6915,8.5439,8.5937,8.5405,8.6242,8.7052,8.5899,8.625,8.7303,8.5827,8.3108,8.3781,8.68,8.4161,8.0658,7.8613,7.5481,7.4151,7.516,7.3843,7.2686,7.2032,7.2279,7.1142,7.1063,7.0661,7.4144,7.4071,7.6739,7.8463,8.019,7.9204,8.1736,8.0209,8.168,8.1279,8.2494,8.681,8.8088,8.7596,8.5687,8.68
23.41,8.9135,11.924,15.815,17.318,14.032,14.625,15.273,16.548,16.566,16.491,18.563,18.012,17.318,16.156,12.936,10.527,7.9444,10.746,12.435,12.187,11.585,12.187,11.218,11.585,8.5749,7.0427,9.4251,11.022,15.397,13.965,11.218,12.187,13.862,14.507,12.936,14.032,14.032,14.74,11.466,11.526,10.136,10.746,11.218,8.5749,2.8929,2.8929,5.1974,9.8826,9.8826,9.4251,10.053,11.218,11.526,12.805,11.218,10.527,12.187,12.031,15.041,12.387,24.049,24.228,26.785,27.547,26.156,26.548,25.946,27.137,26.337,24.563,25.089,25.646,24.489,23.051,20.003,18.012,17.517,17.38,18.848,17.736,18.117,17.606,16.074,15.838,12.187,13.862,17.517,15.838,20.796,19.347,9.8578,9.6522,9.1249,8.7052,8.4475,8.3335,8.4553,8.4775,8.4431,8.3388,8.1551,8.1157,8.0687,7.9273,8.3285,8.4038,8.6031,9.2736,9.2991,9.3386,9.1865,9.3648,9.4809,9.3552,9.4799,9.6972,10.011,10.003,9.8365,9.8578,8.3275,8.2242,7.8497,7.6993,7.387,7.3395,7.21,7.2127,7.1862,7.2735,7.1504,7.0666,7.1308,7.2346,7.5919,8.1059,8.6966,8.6701,8.5406,8.449,8.4438,8.6147,8.5249,8.6122,8.5857,8.4498,8.5064,8.4224,8.151,8.3275,8.8402,8.5847,8.2577,8.0328,7.8324,7.6727,7.7161,7.56,7.4932,7.4827,7.4447,7.333,7.3517,7.2442,7.551,7.6908,7.9338,8.0957,8.208,8.2873,8.2332,8.3017,8.4627,8.4695,8.703,8.9816,9.1002,8.9928,8.7452,8.8402
23.43,10.15,12.202,15.288,15.46,15.786,14.867,15.212,16.887,18.026,17.751,18.422,17.751,16.352,16.429,13.282,9.8973,8.2224,8.9282,12.951,10.068,11.939,10.15,10.761,11.233,7.5316,6.887,10.761,11.037,15.056,14.275,12.775,12.402,14.047,14.867,14.61,13.438,14.61,13.552,12.402,12.046,10.542,10.068,12.046,8.2224,5.4603,2.9076,5.4603,9.4397,12.046,11.481,8.9282,11.233,11.481,11.541,12.202,10.068,13.877,10.15,14.551,13.771,23.376,24.182,26.581,27.253,25.955,26.088,26.474,27.14,26.587,24.83,25.661,25.579,23.589,22.981,19.897,18.483,17.877,17.918,18.807,18.026,17.959,18.298,17.14,16.352,12.202,14.243,17.14,15.579,20.084,18.939,10.142,9.7482,9.3268,8.9656,8.7282,8.6173,8.6346,8.6992,8.6666,8.5083,8.5019,8.3056,8.2971,8.1527,8.4546,8.5541,8.9025,9.2772,9.6485,9.5542,9.6285,9.4799,9.4756,9.6192,9.5871,9.6337,10.278,10.301,10.096,10.142,8.4541,8.3842,8.0835,7.8024,7.662,7.4993,7.4697,7.4482,7.3406,7.4167,7.4253,7.3715,7.197,7.2913,7.5704,8.5582,8.6186,8.821,8.7708,8.6202,8.6806,8.638,8.6217,8.7192,8.6658,8.4258,8.8256,8.6077,8.266,8.4541,9.0748,8.7998,8.494,8.2545,8.0208,7.8475,7.8898,7.7489,7.6929,7.602,7.6183,7.5604,7.5219,7.4709,7.7505,7.8216,8.0703,8.2251,8.3867,8.4453,8.4609,8.5212,8.6086,8.6149,8.7841,8.9971,9.1767,9.2276,8.895,9.0748
23.45,10.563,9.8521,14.934,16.918,14.289,13.49,14.459,15.992,15.599,16.176,17.14,17.47,15.599,14.934,11.449,7.9439,7.4697,10.31,11.173,11.449,11.449,12.012,11.449,10.31,6.3303,8.883,8.883,10.31,14.184,14.459,11.173,10.222,14.002,13.49,12.614,12.458,13.573,13.965,12.458,10.48,11.645,11.449,10.31,9.002,0.30965,5.3612,5.6244,10.563,8.6347,7.2994,8.6347,10.954,10.31,11.449,9.8521,9.002,11.893,9.3406,14.289,12.814,23.393,22.882,26.176,26.608,25.892,25.141,25.897,26.341,25.265,24.289,24.99,25.22,23.49,22.269,19.186,17.552,17.486,18.062,18.439,16.764,17.14,15.992,15.415,15.361,12.458,12.862,15.897,15.824,20.15,18.439,10.352,10.132,9.5509,9.1832,8.8176,8.7656,8.911,8.9087,8.8245,8.7856,8.6059,8.4239,8.5137,8.3961,8.6801,8.3895,9.1816,9.8461,9.9023,9.7596,9.7251,9.9028,9.7672,9.7151,10.002,10.148,10.757,10.58,10.313,10.352,8.8291,8.6807,8.2442,8.0052,8.0403,7.6138,7.7637,7.6269,7.6821,7.7511,7.5596,7.7366,7.6219,7.548,8.3929,8.4756,8.7769,9.29,9.0842,9.0902,9.0961,9.017,9.0165,9.1856,9.144,9.0615,8.9876,9.0703,8.8313,8.8291,9.3215,9.0869,8.7212,8.4643,8.2498,8.0817,8.1163,8.0261,7.8814,7.9286,7.8247,7.7697,7.7438,7.7397,8.0688,8.0481,8.2374,8.5823,8.6191,8.6761,8.7497,8.7413,8.8052,8.8923,9.0107,9.3503,9.3848,9.4296,9.2287,9.3215
23.47,10.466,12.601,14.92,15.348,14.95,13.681,14.92,16.317,17.731,16.57,17.198,17.127,15.348,16.162,14.276,9.8385,9.4342,8.3579,11.436,10.549,10.296,11.436,9.8385,10.466,7.2858,6.3167,9.4342,10.549,13.988,13.559,11.436,11.368,12.8,14.276,12.337,13.477,11.999,12.849,10.549,12.601,11.436,11.436,7.2858,8.9884,5.3476,3.3064,5.6109,7.2858,10.549,10.941,11.436,10.296,9.327,11.16,10.208,9.4342,10.941,10.296,13.306,11.631,22.771,23.681,25.647,26.353,25.455,25.833,25.479,26.541,26.142,24.519,24.699,24.783,23.079,22.601,19.671,17.684,18.149,18.049,18.317,16.961,17.456,17.604,14.95,14.92,13.174,13.219,17.286,16.424,19.327,18.531,10.366,10.214,9.763,9.3268,9.1166,9.0108,9.1878,9.0978,8.9968,8.8878,8.7581,8.5238,8.5536,8.4449,8.7089,8.6776,9.0788,9.5803,9.9263,9.7411,9.8462,9.5487,9.8216,9.9147,9.9389,10.087,10.489,10.483,10.229,10.366,8.9138,8.9458,8.4847,8.2973,7.9211,7.8112,7.9395,7.8618,7.8128,7.7801,7.7469,7.6545,7.7975,7.8702,8.2562,8.4855,9.1134,9.266,9.1681,9.036,8.9404,9.1142,9.2017,9.1985,9.0549,8.9312,8.9912,8.9955,8.7612,8.9138,9.497,9.2903,8.9595,8.6708,8.4375,8.3061,8.3228,8.174,8.0641,8.0784,8.0091,7.8849,7.8712,7.8165,8.1501,8.192,8.5479,8.7035,8.7736,8.8351,8.8673,8.8973,8.9702,9.0219,9.2482,9.4424,9.5402,9.5687,9.4139,9.497
23.49,9.8398,11.437,15.403,16.186,14.277,14.675,14.643,15.688,15.979,15.812,17.182,17.54,16.163,15.155,11.633,10.468,7.2871,7.2871,11.369,10.468,10.55,10.942,9.4355,10.55,7.9316,7.2871,9.8398,9.3283,14.643,12.446,11.437,10.55,12.802,13.478,13.99,12.446,12.602,12.602,12.339,11.161,12.602,11.161,9.8398,9.8398,4.4471,3.3077,4.4471,9.4355,8.9897,8.6224,10.297,7.4574,10.297,12.602,10.55,9.8398,12.446,9.4355,12.446,12.339,23.415,23.246,25.986,26.72,25.92,25.563,25.88,26.372,25.522,24.397,25.04,24.999,23.135,22.189,19.592,17.128,17.976,17.457,18.698,17,17.199,17.199,15.01,14.643,13.22,12.602,16.318,15.456,19.791,18.426,10.756,10.411,10.139,9.6242,9.5221,9.3475,9.3037,9.2484,9.4101,9.3327,9.049,8.9961,8.9205,8.7605,8.9084,9.2032,9.7855,10.14,10.134,10.184,10.117,10.072,10.44,10.46,10.439,10.53,10.988,10.84,10.769,10.756,9.238,9.0161,8.8577,8.6773,8.4674,8.3443,8.1683,8.2539,8.1471,8.3103,7.9724,8.0719,8.235,7.8833,7.9396,9.1762,9.4855,9.753,9.4887,9.6889,9.376,9.6123,9.5998,9.6086,9.6872,9.4339,9.4351,9.2253,9.2367,9.238,9.7254,9.4673,9.1695,8.9285,8.784,8.5708,8.5168,8.3746,8.3224,8.3583,8.2447,8.2142,8.1161,8.0348,8.3809,8.5358,8.7347,8.9093,9.067,9.2082,9.1238,9.0569,9.3351,9.2061,9.5377,9.5476,9.7637,9.5862,9.583,9.7254
23.51,10.192,11.191,15.062,15.23,15.436,14.863,14.837,15.612,17.783,17.834,17.986,18.073,15.676,16.213,13.089,11.191,8.2402,10.687,11.132,10.687,11.191,11.589,10.883,11.251,6.7079,6.7079,10.687,10.687,13.203,13.24,11.696,11.132,12.601,13.089,13.527,13.698,13.698,13.894,13.894,12.558,12.558,10.687,9.5479,9.7182,2.5582,5.1109,7.1822,10.687,10.687,9.4602,10.192,11.589,10.687,10.411,9.0903,11.191,11.852,10.687,13.63,13.203,22.811,23.78,25.822,25.955,25.536,26.291,25.758,26.671,26.912,25.101,25.776,25.062,22.665,22.665,20.17,17.834,18.322,17.986,18.546,16.791,17.847,16.904,15.568,15.23,13.527,13.894,16.232,16.08,19.38,19.081,10.804,10.684,10.342,9.817,9.4647,9.4715,9.5484,9.5063,9.4301,9.3962,9.2524,9.0666,9.1304,8.9368,9.2665,9.417,9.5368,10.221,10.204,10.186,10.347,10.242,10.177,10.446,10.336,10.585,10.907,11.018,10.762,10.804,9.2927,9.1968,8.8907,8.7172,8.3974,8.2464,8.4305,8.2027,8.2916,8.3301,8.2655,8.0414,8.3541,8.0921,8.4047,9.4472,9.6212,9.6952,9.3468,9.4065,9.5805,9.4572,9.6968,9.4565,9.623,9.3795,9.455,9.4496,9.1187,9.2927,9.9835,9.7397,9.3651,9.1532,8.8612,8.6781,8.8053,8.6593,8.5312,8.4937,8.4806,8.3458,8.3566,8.3037,8.6001,8.72,8.8545,9.1137,9.1275,9.282,9.4344,9.3894,9.4396,9.5433,9.6555,9.8856,9.9975,10.036,9.8094,9.9835
23.53,9.9397,12.244,16.548,16.335,14.594,15.503,15.229,16.335,16.605,16.642,17.574,18.055,16.624,15.454,12.993,9.0778,6.9294,9.0778,13.324,12.244,12.244,12.993,11.583,11.523,10.193,8.632,8.9706,10.11,15.454,14.089,11.981,11.079,14.909,15.806,14.089,12.95,13.324,14.089,11.523,12.088,11.275,10.803,9.4821,8.2648,-0.060296,4.0894,8.2648,9.9397,11.079,8.9706,10.803,11.079,10.584,13.481,8.632,10.803,12.95,10.193,14.285,14.089,23.568,24.247,26.929,27.409,26.406,26.366,26.185,27.027,25.629,24.314,25.348,25.515,24.129,22.667,19.501,17.919,18.069,18.069,18.573,17.604,18.069,16.929,15.806,17.032,13.324,12.818,16.788,17.1,20.622,18.713,9.7273,9.4461,9.0207,8.6458,8.2946,8.1834,8.2891,8.3645,8.2618,8.2289,8.1271,7.9942,8.0119,7.7889,8.0317,8.026,8.3428,8.9434,9.1294,9.1887,9.1145,9.0749,9.1858,9.3285,9.3907,9.5166,9.9294,9.8377,9.5922,9.7273,8.1659,8.0808,7.5652,7.5247,7.2332,7.075,7.2259,7.171,7.1547,6.9829,7.1301,7.0019,7.2737,6.7725,7.3521,7.7306,8.2811,8.539,8.3808,8.4376,8.3862,8.3186,8.2923,8.4812,8.2973,7.9402,8.4943,8.3482,8.0324,8.1659,8.7299,8.422,8.1385,7.8786,7.6628,7.5135,7.5288,7.4159,7.3225,7.2987,7.2833,7.2169,7.1553,7.109,7.4394,7.5193,7.6904,7.9193,8.0229,8.0719,8.1703,8.133,8.2085,8.1931,8.4143,8.8002,8.9458,8.7974,8.6666,8.7299
23.55,8.2651,11.275,14.862,15.593,15.255,15.846,14.624,16.457,17.807,17.44,18.146,17.426,15.439,15.701,12.836,10.436,8.6036,8.6036,11.721,11.877,10.908,9.8258,10.436,11.877,5.5933,6.5624,10.217,10.908,13.655,12.957,11.156,11.877,12.495,14.43,13.228,11.614,11.721,13.114,12.957,12.753,11.156,10.908,6.5624,7.6345,-0.42726,1.6139,7.8978,10.908,10.217,11.877,10.712,9.8258,10.436,10.908,12.957,10.436,10.908,11.614,14.227,11.721,23.213,23.805,25.741,26.172,25.936,26.268,26.074,26.475,26.682,24.608,25.336,25.087,22.741,22.626,20.104,18.206,18.483,18.206,18.146,16.733,17.008,17.426,16.105,15.701,13.655,12.583,16.124,15.764,20.104,19.037,9.8392,9.6338,9.1989,8.7448,8.5542,8.4706,8.4506,8.4764,8.5269,8.4014,8.2728,8.1187,8.0685,7.9094,8.1935,8.4046,8.6117,9.1917,9.3394,9.3215,9.2844,9.3412,9.3235,9.4275,9.3253,9.7255,9.7832,10.203,9.753,9.8392,8.3004,8.2521,7.7664,7.7444,7.6373,7.429,7.3731,7.1502,7.2412,7.2707,7.2011,7.1791,7.4525,7.1855,7.3821,8.2222,8.4957,8.7186,8.5871,8.6482,8.5823,8.6981,8.6187,8.6873,8.6693,8.7844,8.6717,8.4815,8.3193,8.3004,8.9241,8.648,8.3141,8.1271,7.9336,7.7603,7.7541,7.6011,7.6014,7.4833,7.4952,7.4454,7.4271,7.2539,7.614,7.7804,7.8799,8.1156,8.2154,8.2957,8.3751,8.3145,8.4285,8.5225,8.6959,9.0804,9.0298,8.9017,8.8336,8.9241
23.57,10.477,11.446,16.581,16.371,14.931,13.848,14.457,15.164,15.466,16.262,16.761,17.467,16.702,16.761,12.402,7.2967,5.8701,9.4452,10.952,10.56,10.477,11.379,10.56,11.891,7.4671,7.4671,9.4452,9.8495,13.962,12.612,11.379,11.171,13.361,13.317,13.692,13.317,12.811,13.317,12.01,11.446,10.56,11.171,9.3379,7.4671,0.30705,7.2967,4.4568,9.4452,10.56,9.3379,10.952,11.379,10.952,10.477,8.9994,8.6321,12.811,10.219,14.389,9.3379,23.361,23.395,26.1,26.796,25.573,25.426,25.795,26.134,25.271,24.241,24.457,25.229,23.692,22.354,19.272,16.761,17.926,17.484,18.607,17.484,17.663,16.761,14.961,15.596,11.951,13.317,16.972,15.622,19.869,18.436,10.076,9.9557,9.3792,9.0068,8.7966,8.5862,8.5922,8.6726,8.6132,8.6014,8.2888,8.267,8.2404,8.0982,8.3468,8.295,8.7447,9.4471,9.5476,9.456,9.3432,9.3469,9.6602,9.7448,9.7484,9.9453,10.06,10.219,9.9664,10.076,8.5701,8.4059,8.1601,7.9475,7.8422,7.4378,7.5997,7.5716,7.4819,7.5811,7.3142,7.4283,7.4046,7.416,7.6803,8.6745,8.617,8.8396,8.9737,8.9042,8.5906,8.7163,8.8419,8.7946,8.572,8.7273,8.7861,8.758,8.5032,8.5701,9.134,8.8876,8.5777,8.3189,8.142,7.9392,7.9207,7.7788,7.715,7.726,7.6655,7.5948,7.5395,7.4883,7.7278,7.8943,8.0889,8.246,8.3787,8.5114,8.4236,8.4683,8.5996,8.7106,8.8894,9.1423,9.1575,9.2135,8.9759,9.134
23.59,11.657,12.965,14.924,16.35,14.668,15.114,14.105,17.115,17.198,16.657,17.589,17.707,16.35,16.945,13.829,9.093,8.0166,9.093,12.259,11.094,12.459,12.103,10.818,11.598,9.9548,8.2799,10.818,10.208,14.697,14.609,12.508,11.996,13.135,14.924,13.339,13.934,12.877,13.934,13.218,11.996,12.103,11.094,11.094,7.5891,5.9754,4.1046,8.2799,9.9548,11.027,11.094,12.508,9.9548,10.125,11.996,10.599,9.093,12.259,12.259,14.301,12.103,23.477,24.105,26.377,26.965,25.827,26.563,26.029,27.118,26.889,24.764,25.323,25.637,23.61,22.761,20.599,17.934,18.071,17.934,18.92,17.808,17.808,17.559,16.409,15.469,12.833,12.259,17.452,16.409,19.239,18.997,10.512,10.176,9.7181,9.3387,9.0408,8.8148,9.1937,9.0222,9.0185,9.0009,8.7152,8.6352,8.5805,8.4392,8.6407,8.4492,9.1737,9.677,9.8348,9.7109,9.8317,9.9976,9.6248,9.9027,10.016,10.231,10.51,10.707,10.432,10.512,8.9425,8.706,8.3452,8.1974,7.9663,7.7601,7.9873,7.9307,7.7927,7.7416,7.7162,7.8567,7.8731,7.5224,7.9882,8.4127,9.0092,9.3132,9.0767,9.1065,8.9256,9.2946,9.1137,9.1435,8.8239,8.8816,8.9745,9.0861,8.8233,8.9425,9.3965,9.1495,8.7551,8.5305,8.3151,8.1166,8.1995,8.0923,7.9679,7.9666,7.9405,7.8142,7.8087,7.7987,8.1351,8.1329,8.4028,8.6727,8.6579,8.7308,8.8246,8.8262,8.9397,8.9258,9.2903,9.4023,9.5525,9.4625,9.2977,9.3965
23.61,10.476,11.949,15.019,15.893,14.683,15.275,14.18,15.621,16.76,16.434,17.208,17.296,15.988,16.327,12.009,9.8484,5.6207,10.559,10.559,10.951,10.306,10.476,9.3369,11.641,8.3678,6.3266,8.9983,10.476,13.487,14.456,11.445,10.306,13.359,13.229,12.454,13.229,11.949,10.951,12.009,11.378,10.476,11.949,7.2957,7.2957,4.4557,2.3472,4.4557,8.9983,10.476,9.8484,10.306,10.476,9.8484,10.559,9.4441,9.3369,10.951,10.476,13.487,12.009,22.935,23.634,25.791,26.59,25.82,25.888,25.47,26.337,25.974,24.285,25.126,25.208,22.992,22.46,19.304,17.008,18.173,17.19,18.475,16.76,17.154,16.58,15.595,15.411,12.347,14.144,15.595,15.621,18.998,18.327,10.689,10.368,9.9461,9.5682,9.1119,9.0145,9.2311,9.199,9.1632,9.0131,8.9636,8.8035,8.8085,8.6631,8.81,8.9484,9.355,10.014,10.082,9.8199,9.8984,10.078,10.042,10.1,10.185,10.489,10.485,10.688,10.528,10.689,9.2571,8.9146,8.5969,8.4785,8.1498,8.0424,8.1831,7.9867,8.0084,7.9555,7.9348,7.8781,8.0867,8.0105,8.2385,9.0033,9.3732,9.5177,9.3319,9.38,9.3418,9.463,9.5112,9.3366,9.2862,9.5005,9.3412,9.3306,9.1126,9.2571,9.5964,9.3774,8.9839,8.7385,8.5041,8.3163,8.4415,8.3221,8.2187,8.1615,8.1417,7.9985,8.0353,7.949,8.3136,8.3795,8.6057,8.8393,8.8244,8.9399,9.0667,9.1288,9.0249,9.2035,9.4509,9.5564,9.7308,9.6907,9.5366,9.5964
23.63,10.521,11.912,15.95,16.289,13.961,14.248,13.81,15.583,16.459,15.32,16.934,17.17,17.099,16.157,12.573,9.8108,6.289,8.3302,10.913,10.913,11.408,11.408,10.439,10.913,7.4285,7.2581,9.8108,8.8417,14.418,12.573,10.268,10.268,14.418,14.892,13.191,13.322,13.532,12.821,12.573,11.852,10.521,9.2993,9.4066,7.9027,4.4182,2.8211,6.289,7.2581,10.521,9.8108,11.408,11.604,9.4066,13.146,8.9607,9.4066,11.408,10.439,13.449,12.573,23.051,23.449,26.663,27.09,25.831,25.545,25.619,26.459,25.583,24.012,24.408,25.254,23.961,21.711,19.299,17.445,16.82,16.723,17.873,16.723,17.258,15.95,15.783,16.396,12.31,13.961,17.378,16.134,20.064,17.258,10.739,10.438,10.083,9.6324,9.4244,9.2894,9.3832,9.2409,9.209,9.1808,9.087,9.0176,8.9262,8.616,9.1003,9.0509,9.6837,9.9948,10.247,10.07,10.056,10.046,10.215,10.27,10.3,10.203,10.656,10.826,10.549,10.739,9.2991,8.9481,8.7565,8.5886,8.4626,8.1538,8.3227,8.157,8.1928,8.2024,8.2716,8.2478,8.4711,7.7708,8.1396,9.3039,9.4165,9.5291,9.7402,9.5745,9.5628,9.375,9.5215,9.6199,9.6128,9.4582,9.4841,9.348,9.1389,9.2991,9.788,9.551,9.1964,8.9859,8.8266,8.6754,8.5637,8.4929,8.4135,8.4469,8.3843,8.2833,8.2783,8.1677,8.5393,8.5779,8.8494,9.0252,9.1682,9.3112,9.2319,9.197,9.3804,9.5279,9.8607,9.927,9.9868,9.9817,9.8027,9.788
23.65,10.166,12.836,14.965,16.187,15.072,14.626,14.882,16.903,17.269,17.348,18.352,18.042,17.023,15.595,13.892,8.6053,6.9027,9.0511,13.176,13.094,11.052,11.248,11.052,11.557,8.6053,7.9748,10.083,9.8253,14.655,14.626,11.954,12.466,14.567,13.892,13.605,14.567,14.567,13.176,12.923,11.954,12.791,11.248,10.777,10.166,2.4657,2.9233,8.6053,10.777,11.954,9.4554,9.4554,8.6053,10.777,12.791,10.166,10.777,12.217,12.836,14.965,13.094,23.605,24.422,26.443,26.903,26.278,25.977,26.047,27.372,26.64,25.043,25.507,25.401,23.321,23.102,19.913,18.314,18.352,18.605,18.687,18.401,17.41,17.547,16.367,15.595,12.923,11.616,17.073,15.977,20.712,19.522,11.159,10.749,10.296,9.9789,9.6798,9.6027,9.5921,9.4963,9.5835,9.4829,9.2945,9.2365,9.24,9.0143,9.2192,9.5281,9.7037,10.326,10.591,10.541,10.34,10.23,10.61,10.571,10.701,10.734,11.191,11.257,10.951,11.159,9.4584,9.2597,9.0979,8.7202,8.539,8.5695,8.3029,8.2524,8.332,8.455,8.3527,8.2761,8.413,8.4019,8.7102,8.9751,10.049,9.7754,9.9496,9.609,9.5521,9.5099,9.567,9.6958,9.5859,9.5748,9.6854,9.2679,9.3909,9.4584,9.9969,9.7254,9.4433,9.1848,9.0016,8.8804,8.725,8.604,8.5802,8.5854,8.5056,8.4381,8.3926,8.2665,8.6786,8.7973,9.0286,9.1942,9.3416,9.4061,9.2565,9.284,9.5179,9.4695,9.7176,10.004,10.101,9.884,9.7974,9.9969
23.67,9.7492,11.801,14.811,14.811,15.059,14.548,14.353,15.687,17.625,16.739,17.13,17.1,16.105,15.95,13.874,9.4961,8.1884,10.636,12.374,11.801,11.199,12.506,9.0385,9.0385,8.1884,6.4858,8.527,8.527,14.465,14.09,11.645,12,14.548,13.646,13.476,13.188,13.37,14.12,13.646,12,11.199,11.645,9.6664,7.1304,4.8109,5.5167,9.4961,11.08,11.801,10.636,10.36,11.591,10.636,12,9.7492,9.6664,9.4084,11.199,14.12,13.646,22.626,23.983,25.324,26.135,25.639,26.38,25.835,26.783,26.699,25.062,25.451,25.119,22.731,22.374,20.636,17.821,17.625,18.188,18.406,17.115,17.249,17.821,15.178,14.353,12.506,13.476,16.047,15.95,19.435,18.634,11.051,10.724,10.598,10.177,9.8057,9.6799,9.7728,9.6945,9.7106,9.6838,9.4557,9.3887,9.3954,9.1846,9.36,9.5289,10.165,10.471,10.497,10.52,10.447,10.487,10.683,10.699,10.729,10.911,10.965,10.981,10.891,11.051,9.7149,9.4145,9.1354,9.1485,8.9088,8.7071,8.6296,8.5948,8.6181,8.3944,8.6037,8.6952,8.203,8.5967,8.5724,9.8822,10.162,9.8355,9.87,9.7333,9.9776,9.884,9.9661,10.074,9.8385,9.7352,9.7484,9.7293,9.4631,9.7149,10.241,9.9844,9.6441,9.4149,9.2325,9.0712,8.9973,8.8834,8.8742,8.7856,8.819,8.7514,8.6635,8.5891,8.8497,9.0437,9.2845,9.3988,9.6338,9.6948,9.6404,9.563,9.763,9.8297,10.041,10.188,10.268,10.207,10.119,10.241
23.69,9.4602,13.181,15.207,16.802,15.6,15.023,14.775,16.313,18.443,16.526,17.552,18.087,16.109,16.046,12.971,10.088,7.9796,7.9796,11.253,11.561,12.222,12.013,10.088,12.928,8.4911,7.0778,10.781,10.171,14.295,12.928,12.222,14,12.971,14.542,13.756,14.068,12.796,13.897,13.459,12.066,12.471,11.057,10.562,10.171,2.9281,2.9281,5.2326,10.781,12.013,10.562,11.62,12.013,11.62,11.62,10.99,10.171,11.62,11.253,14,12.796,23.302,24.238,26.027,26.951,26.185,26.583,25.982,27.121,26.852,25.225,25.403,25.681,23.302,23.035,20.607,18.491,18.047,18.217,19.171,18.491,17.67,17.884,15.806,14.542,13.573,12.84,17.078,17.027,20.038,19.451,10.065,9.6839,9.2098,8.9234,8.5198,8.6225,8.6717,8.5224,8.5937,8.4922,8.3458,8.3438,8.2348,8.0527,8.3316,8.4329,8.8251,9.4147,9.4639,9.4498,9.536,9.417,9.4186,9.6689,9.615,10.007,10.1,10.091,10.054,10.065,8.3955,8.3485,7.9831,7.7583,7.5514,7.41,7.4382,7.3598,7.2074,7.1189,7.2062,7.5285,7.4014,7.2379,7.7142,8.2339,8.8303,8.7189,8.5439,8.6587,8.6327,8.5322,8.4316,8.621,8.5205,8.7619,8.6093,8.2638,8.243,8.3955,8.9581,8.732,8.387,8.177,7.9846,7.7652,7.814,7.682,7.6371,7.5635,7.5529,7.4583,7.4521,7.3367,7.6379,7.8204,7.9721,8.166,8.2658,8.3656,8.3982,8.3564,8.4272,8.5059,8.7375,8.8616,9.1244,9.0718,8.8154,8.9581
23.71,8.8849,11.175,13.966,15.826,13.853,15.626,13.966,16.502,17.421,17.554,17.472,17.619,14.461,15.994,13.853,10.312,7.4716,10.312,10.956,11.451,11.451,13.234,9.3424,10.312,7.3012,6.3321,7.4716,8.6366,12.864,14.185,9.4497,11.955,12.014,11.955,12.014,13.575,12.616,13.853,13.19,12.864,11.175,10.312,8.6366,4.4613,5.6263,6.3321,6.3321,9.0038,9.4497,10.565,10.312,10.312,10.482,9.0038,11.895,10.312,10.565,12.014,12.46,13.19,22.181,24.185,24.921,25.476,25.462,26.177,25.281,26.452,26.795,25.169,25.43,24.609,21.491,22.606,20.179,18.165,18.637,18.373,18.441,16.995,17.196,17.472,13.966,14.461,13.575,12.407,14.461,16.375,19.004,18.598,10.27,9.9934,9.5171,9.1525,8.8058,8.6296,8.7713,8.7679,8.7164,8.6359,8.5303,8.3492,8.2993,8.3335,8.5121,8.401,9.0554,9.3151,9.651,9.6032,9.5587,9.4966,9.6319,9.7672,9.8645,9.9998,10.332,10.194,10.084,10.27,8.6492,8.6447,8.1985,8.1396,7.6934,7.7827,7.5898,7.6224,7.7215,7.5143,7.6741,7.4728,7.3233,7.4137,7.6035,8.355,8.8878,8.7918,8.5937,8.73,8.8427,8.732,9.0674,8.847,8.7596,8.6489,8.7615,8.6221,8.424,8.6492,9.2346,9.0676,8.5819,8.4471,8.0182,7.8955,8.0555,7.9291,7.8349,7.7272,7.7862,7.6189,7.6801,7.6062,7.8264,8.0033,8.2509,8.3963,8.4211,8.4688,8.6883,8.6618,8.7008,8.7155,9.1054,9.1422,9.4198,9.3449,9.0465,9.2346
23.73,7.9327,11.162,14.278,15.613,14.676,14.278,14.278,15.404,17.001,17.2,17.963,16.964,16.693,16.572,13.84,7.9327,7.9327,5.6132,10.943,12.001,11.371,9.4366,9.8409,11.438,8.6235,7.4585,8.8718,9.4366,15.35,13.352,10.943,12.001,13.683,13.991,13.352,13.309,12.394,12.803,13.562,11.438,11.162,10.943,8.9908,9.4366,5.8615,4.4482,5.8615,8.9908,11.438,9.8409,7.4585,10.298,9.3293,10.298,8.3602,9.3293,11.942,11.438,13.479,12.803,22.684,23.309,25.667,26.362,25.727,25.815,25.35,26.753,26.231,24.411,25.119,24.278,23.003,22.207,20.237,17.654,18.7,17.183,17.977,17.001,16.831,17.408,15.35,15.404,11.942,12.447,15.588,16.164,19.426,19.072,10.525,10.062,9.6182,9.4063,9.1032,8.9572,8.9261,8.9329,8.9573,8.9086,8.7726,8.6213,8.5617,8.4019,8.4406,8.7146,9.327,9.8039,9.7664,9.8331,9.8252,9.7629,9.9428,9.9672,10.164,9.9429,10.358,10.296,10.334,10.525,8.7704,8.7717,8.407,8.2626,8.1219,7.8412,7.7447,7.733,7.7749,7.6904,7.667,7.7427,7.7197,7.5357,8.1933,8.9377,9.2872,9.2139,9.0766,9.0355,8.9215,8.8804,8.9637,9.047,8.9505,9.0338,8.9002,8.7543,8.5847,8.7704,9.3712,9.1332,8.8159,8.6333,8.4338,8.2463,8.1688,8.0605,8.0328,8.0429,7.9842,7.9518,7.8147,7.7193,8.0442,8.2202,8.389,8.7022,8.6811,8.9232,8.7498,8.7252,8.8976,8.9905,9.1204,9.4288,9.4799,9.3885,9.2681,9.3712
23.75,10.007,11.651,13.188,15.166,13.881,14.631,14.631,15.57,17.626,16.461,17.442,16.135,14.631,16.028,12.511,9.5496,8.3322,8.6995,11.343,10.177,11.079,10.871,10.26,11.147,9.1453,6.9968,6.9968,10.177,13.392,13.392,8.5805,11.591,13.061,12.312,12.102,12.312,12.56,12.56,13.548,11.147,12.048,10.177,8.6995,7.6414,2.0483,2.0483,6.9968,6.9968,10.652,9.1453,8.6995,10.177,9.038,11.343,9.5496,7.6414,10.652,10.007,13.987,11.71,22.224,23.242,24.864,25.771,25.102,25.647,25.094,26.186,26.015,24.41,25.283,24.749,21.808,21.899,18.906,18.605,17.626,17.973,17.86,16.71,16.856,16.838,14.385,15.166,12.048,13.061,14.661,16.198,18.332,18.781,10.814,10.303,9.9213,9.4608,9.3283,9.2078,9.1972,9.2834,9.2992,9.0991,9.0756,8.9262,8.9261,8.6905,8.9067,8.9911,9.7008,9.9585,10.181,10.076,10.121,10.06,10.095,10.325,10.408,10.788,10.778,10.823,10.764,10.814,9.0535,8.8312,8.5091,8.4632,8.1641,8.0185,8.0411,7.9607,7.9935,7.9621,7.9371,7.981,8.1212,8.1386,8.2967,8.8598,9.2809,9.2004,9.3586,9.4305,9.1536,9.2938,9.1958,9.1921,9.5365,9.3729,9.1505,9.3331,8.9309,9.0535,9.6251,9.363,9.0278,8.8508,8.6217,8.44,8.4226,8.3282,8.2581,8.1538,8.2109,8.0947,8.0433,8.0345,8.3657,8.4658,8.5993,8.8347,8.8913,9.0337,9.0165,9.0626,9.0241,9.269,9.4075,9.6144,9.6589,9.6736,9.4378,9.6251
23.77,9.7304,11.865,14.417,14.665,14.875,15.242,15.515,16.995,17.413,16.948,17.622,17.689,15.955,15.834,11.865,10.699,8.2523,10.699,12.823,12.438,12.113,11.865,10.895,10.699,9.1025,8.5909,8.2523,9.56,14.273,13.71,11.708,12.57,13.434,14.184,14.154,14.184,12.945,14.529,13.252,11.708,10.699,9.8131,9.56,7.6218,1.6012,3.7098,7.1943,8.2523,10.699,10.895,9.8131,10.699,10.632,12.064,11.601,9.4723,12.064,10.895,14.875,12.064,22.749,23.909,25.834,26.345,25.635,26.345,25.565,26.873,26.803,24.493,25.142,25.123,22.972,22.246,19.878,18.854,18.193,18.47,18.157,17.622,17.428,17.194,15.751,15.688,13.398,12.945,16.014,16.262,19.401,19.054,10.779,10.611,10.143,9.7512,9.5279,9.3016,9.383,9.3792,9.4311,9.2209,9.1893,9.0253,8.9266,8.7932,9.0018,9.2977,9.5826,10.181,10.188,10.182,10.08,10.179,10.354,10.229,10.28,10.777,10.929,10.947,10.636,10.779,9.3619,9.1881,8.9318,8.5774,8.4311,8.1673,8.3125,8.1021,8.199,8.302,8.2526,8.0596,8.2198,8.1567,8.7371,9.5148,9.4929,9.8579,9.754,9.5277,9.5848,9.3918,9.4531,9.4748,9.5067,9.6234,9.6452,9.4583,9.227,9.3619,9.8887,9.6198,9.2521,9.0533,8.8111,8.6558,8.6857,8.5625,8.5232,8.4501,8.4706,8.3471,8.2877,8.2126,8.5241,8.7361,8.8193,9.1153,9.1176,9.2932,9.3131,9.3006,9.358,9.3942,9.5485,9.8437,9.984,9.935,9.7995,9.8887
23.79,10.235,9.4611,15.612,16.278,15.482,14.161,15.292,16.451,16.005,16.718,17.313,17.225,15.714,15.065,11.462,9.3539,7.3127,9.4611,11.658,11.967,12.364,11.658,9.4611,10.576,7.9573,8.3848,9.8654,9.3539,14.302,12.418,12.364,10.493,13.333,14.302,14.015,11.462,12.364,14.015,12.418,11.187,11.967,12.364,10.493,5.6378,3.3333,3.3333,6.3436,7.3127,11.462,10.493,10.576,10.323,11.187,12.364,9.8654,9.8654,12.471,10.323,13.504,13.201,22.617,23.246,26.086,26.421,25.599,25.505,25.482,26.451,25.505,24.476,24.748,24.932,23.268,21.937,18.848,17.483,17.957,17.82,18.289,17.82,17.313,16.777,15.714,15.886,11.907,12.876,16.256,15.482,19.788,18.622,10.978,10.953,10.312,9.8576,9.5402,9.5155,9.6661,9.6771,9.5961,9.4678,9.3021,9.1666,9.2003,9.0429,9.2065,9.4104,9.7386,10.357,10.356,10.403,10.304,10.245,10.466,10.498,10.489,10.734,11.062,10.927,10.792,10.978,9.567,9.6421,9.0049,8.8517,8.6781,8.4139,8.4201,8.4952,8.5015,8.401,8.478,8.2498,8.3249,8.5761,9.2472,9.1979,9.6503,9.7809,9.856,9.7379,9.6276,9.8017,9.8431,10.025,9.6919,9.6427,9.8839,9.5821,9.5884,9.567,10.085,9.8557,9.4869,9.2442,9.0256,8.8225,8.896,8.8107,8.7043,8.6722,8.6138,8.4886,8.5271,8.4714,8.7755,8.8821,9.0214,9.2595,9.3367,9.4939,9.4689,9.5574,9.5719,9.5553,9.8332,9.9693,10.247,10.172,9.9234,10.085
23.81,8.9666,11.977,15.132,16.402,14.928,14.928,14.148,16.958,16.729,16.548,17.709,17.384,15.433,15.589,13.328,9.4125,5.8373,9.4125,11.61,10.274,10.445,10.274,10.919,10.445,7.4344,7.9086,10.919,9.8167,14.424,13.197,10.445,12.827,13.929,12.579,13.455,13.197,12.579,12.827,10.445,12.579,10.919,9.4125,10.274,9.3052,6.2949,3.2846,5.8373,9.4125,11.346,9.8167,10.527,10.187,11.918,10.274,10.274,9.8167,12.779,10.274,12.579,12.316,22.851,23.509,25.762,26.501,25.496,25.881,25.604,26.803,25.942,24.166,25.252,24.898,23.184,22.316,19.048,17.938,18.027,18.128,18.24,17.264,17.105,17.123,15.837,15.589,12.579,13.538,16.465,16.207,18.955,18.336,9.8115,9.6005,8.9794,8.6604,8.3758,8.2327,8.2898,8.4033,8.3016,8.2547,8.108,8.0487,8.0108,7.7659,8.1639,8.1633,8.627,9.0908,9.2355,9.423,9.1566,9.2849,9.3125,9.3091,9.4929,9.4894,10.039,9.9116,9.7562,9.8115,8.1071,7.9515,7.7546,7.7783,7.3777,7.2951,7.2338,7.1987,7.0431,7.1791,7.061,7.0752,7.0477,7.0895,7.453,8.1003,8.142,8.5367,8.3674,8.4091,8.0857,8.3128,8.4594,8.5381,8.4,8.2999,8.2567,8.3454,8.0003,8.1071,8.76,8.5627,8.1769,7.9883,7.7557,7.5844,7.5364,7.4489,7.3615,7.3934,7.3218,7.2603,7.2434,7.1027,7.436,7.7089,7.6918,7.9705,8.0739,8.1666,8.1006,8.0922,8.2869,8.4164,8.6373,8.8653,8.9059,8.8343,8.676,8.76
23.83,10.957,10.312,14.004,15.364,14.462,14.462,13.853,16.333,16.44,17.214,17.143,17.302,16.267,15.899,12.353,9.0044,7.4721,7.4721,11.176,9.343,11.451,10.482,10.312,11.451,4.4618,9.0044,9.0044,9.4502,13.366,13.19,10.565,13.19,12.865,14.291,14.462,14.291,12.617,13.19,12.617,12.617,12.353,11.647,9.4502,6.3327,5.3636,-0.65705,5.3636,9.8545,10.957,9.0044,8.6371,10.482,10.224,11.451,9.343,9.0044,12.353,11.451,13.697,13.322,22.772,23.791,25.703,26.41,25.355,25.74,25.662,26.429,26.309,24.354,24.737,24.737,22.772,22.003,19.211,18.612,17.931,16.921,17.809,17.555,17.489,17.143,16.376,14.966,12.46,12.46,16.503,16.707,19.188,18.637,10.23,9.8027,9.2743,8.9608,8.5743,8.6381,8.6487,8.668,8.69,8.6115,8.4835,8.3752,8.2946,8.2294,8.4513,8.4188,8.9828,9.5791,9.4967,9.72,9.4754,9.608,9.7582,9.6934,9.8261,9.9995,10.265,10.131,10.152,10.23,8.3979,8.2206,7.9091,7.9268,7.7161,7.3945,7.385,7.4604,7.3427,7.3721,7.4928,7.3035,7.393,7.4798,7.5355,8.0547,8.574,8.6296,8.4467,8.3959,8.5399,8.6168,8.5481,8.5482,8.3376,8.7002,8.5907,8.522,8.2307,8.3979,9.014,8.8259,8.4114,8.2451,7.9826,7.7682,7.8441,7.768,7.6417,7.6115,7.5848,7.4728,7.5387,7.3903,7.6143,7.7786,8.0148,8.1889,8.285,8.3775,8.4607,8.3512,8.4576,8.5307,8.7463,9.0566,9.1108,9.1535,8.9338,9.014
23.85,10.147,13.586,15.827,17.054,15.183,14.863,14.518,17.329,17.392,17.392,17.956,18.333,16.778,16.725,13.158,10.065,7.5285,8.9251,12.948,12.199,13.075,11.538,10.065,12.043,7.5285,7.956,10.539,12.043,14.636,13.768,12.447,11.935,14.044,15.053,12.199,13.586,13.874,13.158,14.24,12.043,11.935,11.034,8.4675,9.0323,5.4572,-0.10582,5.4572,10.147,11.538,11.597,9.8942,9.4366,9.8942,12.948,9.4366,11.935,12.199,10.758,14.044,13.768,23.075,24.24,26.714,27.063,26.073,26.559,26.233,27.428,26.348,24.771,25.5,25.609,23.732,22.904,19.937,18.527,18.622,17.86,18.793,17.513,17.617,17.282,16.022,15.76,13.435,13.279,16.426,17.054,20.425,19.188,10.232,9.9681,9.5875,9.1382,8.8265,8.7522,8.772,8.8861,8.7918,8.7883,8.5863,8.454,8.4512,8.0982,8.4539,8.5805,8.9753,9.5189,9.6997,9.6931,9.6306,9.6767,9.655,9.7799,9.891,10.088,10.31,10.397,10.15,10.232,8.6767,8.425,8.2288,8.1327,7.7729,7.5425,7.668,7.5148,7.5252,7.6291,7.5885,7.5342,7.5487,7.4076,7.8307,8.6861,8.898,8.9246,8.8212,8.7631,8.8185,8.7466,8.9586,8.8065,8.7769,8.6671,8.5184,8.5761,8.4999,8.6767,9.1974,9.0054,8.6372,8.4219,8.2091,8.0651,8.014,7.9412,7.8212,7.8487,7.811,7.7055,7.6958,7.5981,7.9024,7.9793,8.2591,8.4304,8.5691,8.6967,8.6222,8.6541,8.5522,8.781,9.1361,9.1214,9.3758,9.4024,9.1518,9.1974
23.87,10.299,11.882,15.981,15.981,15.041,14.448,14.676,15.981,16.319,16.362,17.408,17.183,16.572,15.862,11.882,9.3295,8.8719,8.9909,11.162,10.943,10.552,11.162,10.299,10.552,8.6236,7.2883,11.634,8.3604,14.137,13.177,12.34,11.942,13.562,14.448,13.562,13.177,12.447,13.84,12.603,10.552,11.162,8.8719,10.552,5.8616,2.3398,2.8513,5.6133,7.4586,10.469,10.552,11.438,11.162,9.3295,10.552,9.841,11.634,11.438,10.469,13.953,12.001,22.956,23.479,25.697,26.655,25.417,25.852,25.657,26.821,26.016,24.278,24.81,24.644,22.773,22.145,19.763,16.982,17.541,16.753,17.459,16.489,17.734,16.85,15.981,15.613,12.447,13.683,16.489,15.588,19.974,18.598,10.51,10.198,9.7293,9.3707,9.0766,8.9979,8.998,9.0199,8.8643,8.9356,8.7281,8.5861,8.6035,8.4767,8.77,8.9215,9.2149,9.9952,9.7504,9.8944,9.8263,9.8437,9.906,10.101,9.964,10.039,10.409,10.484,10.313,10.51,8.9321,8.7308,8.412,8.1616,7.9353,7.8369,7.8551,7.794,7.7077,7.7578,7.7071,7.5594,7.8282,7.8681,8.4152,8.1768,8.9689,9.0735,8.8352,9.0725,8.8222,9.0123,9.1864,9.1334,8.8516,9.18,8.9629,9.0463,8.6248,8.9321,9.4672,9.2748,8.8933,8.6301,8.3408,8.1842,8.2605,8.1639,8.0445,8.0085,7.997,7.8374,7.8766,7.8207,8.1128,8.1671,8.4482,8.6077,8.6986,8.7933,8.9403,8.8607,8.8568,9.0399,9.1422,9.2985,9.5603,9.5306,9.3137,9.4672
23.89,8.9857,11.996,13.948,15.684,15.399,15.583,14.273,16.688,16.996,16.826,17.453,17.601,14.917,15.88,13.948,7.9277,7.9277,7.9277,11.996,11.366,11.157,11.629,8.9857,11.157,8.8667,4.4431,6.314,9.8358,13.557,13.986,11.433,10.546,12.598,13.678,13.304,13.347,13.171,12.798,11.433,11.996,12.335,9.3243,9.4315,8.6185,5.3449,3.3037,7.2831,9.8358,10.938,10.293,9.4315,11.629,10.546,10.293,10.206,9.8358,11.157,10.293,11.877,12.846,22.598,23.593,25.033,25.764,25.476,26.121,25.781,26.567,26.402,24.78,25.457,25.304,22.34,22.252,20.089,17.536,17.958,17.928,18.58,16.977,16.845,17.195,15.452,15.006,12.846,12.798,16.159,16.248,18.618,18.618,10.868,10.388,10.023,9.6204,9.3177,9.1677,9.3395,9.3617,9.3057,9.2112,9.0788,8.9235,8.9863,8.8057,8.9837,8.8581,9.4935,10.129,10.194,10.209,10.15,10.154,10.38,10.304,10.245,10.292,11.052,11.044,10.709,10.868,9.2158,9.0093,8.5892,8.5853,8.2172,7.9564,8.0053,7.9781,8.1107,7.9329,8.0129,7.7943,8.0081,8.2193,8.2457,9.1343,9.3794,9.4825,9.3471,9.3671,9.4011,9.3169,9.3604,9.4201,9.2016,9.3047,9.4591,9.1893,9.1126,9.2158,9.6886,9.4885,9.1097,8.8748,8.5705,8.4217,8.4985,8.4169,8.3032,8.2002,8.2458,8.1047,8.1086,8.0892,8.4216,8.4459,8.6377,8.9126,8.9164,8.9846,9.0745,9.1192,9.2617,9.3271,9.4151,9.7532,9.844,9.8196,9.6036,9.6886
23.91,9.837,11.434,15.037,16.183,14.672,13.987,13.949,16.568,15.977,16.846,17.179,17.929,15.882,16.25,12.599,9.4327,6.3152,9.837,10.295,10.465,11.434,11.434,10.939,11.434,9.4327,6.3152,10.295,11.158,13.475,13.173,11.63,10.939,14.274,13.949,12.847,15.152,12.799,13.305,12.799,11.63,11.938,9.4327,7.4546,7.9289,4.4443,4.4443,6.3152,9.837,9.837,11.434,10.295,10.295,10.939,12.443,11.158,8.9869,11.938,11.434,13.679,11.878,23.305,23.348,25.78,26.502,25.529,25.453,25.745,26.659,26.002,24.115,24.904,24.904,22.966,22.347,19.379,17.404,17.959,17.929,18.148,16.997,16.749,16.997,15.346,15.4,12.336,12.39,16.422,15.858,19.7,18.26,10.997,10.663,10.227,9.8972,9.6908,9.4024,9.4486,9.4382,9.4229,9.3759,9.2149,9.1098,9.0842,8.9659,9.3243,9.2954,9.7327,10.381,10.424,10.232,10.168,10.421,10.423,10.542,10.64,10.856,11.183,10.995,10.964,10.997,9.2009,9.1282,9.0032,8.7362,8.4448,8.4553,8.2652,8.2838,8.3024,8.1124,8.0858,8.1257,8.2256,8.2248,8.5945,8.7769,9.8732,9.8069,9.4568,9.446,9.3621,9.2958,9.4925,9.7755,9.3659,9.4135,9.4668,9.3511,9.1177,9.2009,9.8886,9.6492,9.3311,9.0721,8.8704,8.7297,8.6815,8.5373,8.4748,8.4971,8.4186,8.3634,8.3228,8.2408,8.5573,8.7443,8.9113,9.1561,9.2882,9.2666,9.3145,9.2671,9.3362,9.4608,9.7273,9.8519,10.008,9.9212,9.7543,9.8886
23.93,10.205,10.293,15.808,15.975,15.262,14.273,15.006,15.399,17.124,16.567,17.453,17.536,17.177,15.582,12.598,9.4313,4.4429,9.4313,11.629,11.629,11.433,10.205,10.938,11.996,7.9274,5.6079,10.938,10.463,14.273,12.598,11.877,10.293,14.273,14.671,13.474,12.598,12.442,12.797,11.433,10.293,10.463,10.938,10.293,8.3549,4.4429,3.3034,6.3137,9.4313,12.598,7.9274,9.8356,10.205,10.938,12.598,11.629,10.293,11.996,8.9855,13.985,12.334,23.094,23.135,26.145,26.845,25.81,25.644,25.562,26.674,25.009,24.188,24.382,24.917,23.922,21.901,19.203,16.996,17.453,17.283,18.259,17.47,17.536,16.357,15.262,15.15,12.846,12.846,17.177,15.006,19.912,18.818,9.6758,9.4565,9.0104,8.531,8.2993,8.2575,8.1948,8.1407,8.182,8.2092,8.0019,7.8635,7.9202,7.6102,7.9576,8.0677,8.3257,8.9785,9.1148,9.191,8.9504,8.9973,9.1585,9.179,9.5053,9.4459,9.8521,9.8403,9.6385,9.6758,7.951,7.8061,7.6991,7.4393,7.3918,7.2256,7.1262,6.9555,6.961,7.0824,6.8511,6.7717,7.0073,6.5786,7.2746,8.0394,8.3961,8.4623,8.5048,8.4042,8.1762,8.2111,8.3048,8.3461,8.381,8.4927,8.1827,7.8959,7.9716,7.951,8.6018,8.3356,8.0576,7.8054,7.6853,7.5095,7.3441,7.2582,7.2413,7.2914,7.2006,7.1688,7.0335,6.9408,7.2471,7.4202,7.6058,7.9158,7.9196,8.0621,8.0036,8.0107,8.1323,8.3854,8.326,8.8335,8.7865,8.7644,8.4538,8.6018
23.95,10.527,11.526,15.903,15.903,14.595,15.197,15.564,16.01,17.848,16.992,18.283,17.561,15.445,16.548,14.506,9.0205,9.4248,9.8824,12.76,12.031,12.387,12.187,10.135,10.746,9.4248,7.0424,8.9133,10.746,14.506,14.852,12.031,11.466,13.756,13.423,13.721,13.965,14.032,14.506,13.575,14.228,12.893,12.387,10.053,8.4557,5.1972,4.0321,7.0424,10.746,12.031,9.4248,9.8824,11.022,10.135,12.387,11.022,10.135,11.924,11.924,13.575,12.805,23.326,24.304,25.959,26.413,26.518,26.337,26.521,27.104,27.032,25.353,26.305,25.448,22.76,23.05,20.351,18.781,19.01,18.575,19.258,17.059,18.117,18.169,15.564,14.934,13.862,13.862,16.337,16.713,20.249,19.136,9.8148,9.624,9.1267,8.7722,8.3945,8.1284,8.433,8.4963,8.4548,8.2198,8.2223,7.9742,7.9663,7.8369,8.088,7.9029,8.6868,8.9379,9.1436,9.1875,9.3124,9.0917,9.1676,9.324,9.4844,9.3962,9.8447,9.8632,9.6582,9.8148,8.547,8.1693,7.993,7.7019,7.3683,7.1013,7.4953,7.2695,7.2831,7.3591,7.337,7.2968,7.391,7.3214,7.5948,7.7702,8.6792,8.7002,8.4532,8.3973,8.5939,8.4513,8.567,8.8051,8.4356,8.5514,8.8844,8.7593,8.226,8.547,8.9022,8.6687,8.2728,8.0299,7.7197,7.5748,7.7363,7.5915,7.4709,7.3937,7.4163,7.2478,7.2631,7.2368,7.5714,7.5738,7.8244,8.0388,8.1007,8.045,8.3495,8.1919,8.2822,8.4951,8.5134,8.7495,8.9953,8.9428,8.6617,8.9022
23.97,8.278,9.9529,15.058,15.467,14.922,15.004,14.035,16.227,16.407,16.144,16.783,16.837,15.908,15.635,12.457,8.5262,7.1129,8.6452,10.816,11.092,10.597,11.092,9.9529,9.4953,6.9426,8.5262,8.5262,8.278,13.932,12.257,10.816,10.206,13.216,13.932,12.257,13.791,11.994,13.932,12.963,11.092,10.597,9.9529,9.091,8.278,5.9735,4.1026,6.9426,8.9838,9.091,9.9529,11.596,8.278,10.206,10.816,9.9529,8.9838,11.092,10.816,13.608,11.655,22.428,23.369,25.518,26.292,25.303,25.635,25.18,26.504,25.423,23.939,24.577,24.872,22.573,21.912,19.247,17.557,17.113,16.943,18.645,16.837,16.855,17.113,15.819,15.268,11.092,12.101,16.081,16.637,19.358,18.278,10.012,9.7078,9.3652,8.9377,8.6778,8.4414,8.5625,8.6401,8.6035,8.5485,8.2846,8.2539,8.2152,8.0998,8.3011,8.3272,8.7146,9.3315,9.3867,9.2197,9.2752,9.2131,9.4206,9.3998,9.5209,9.4621,10.047,10.091,9.8253,10.012,8.6789,8.2387,7.9861,7.832,7.6825,7.5067,7.5759,7.4652,7.5344,7.5481,7.4342,7.4202,7.4202,7.5974,8.0535,8.7107,8.6555,8.8666,8.8251,8.8251,8.8572,8.7185,8.9892,8.549,8.9912,9.0603,8.7523,8.9282,8.3858,8.6789,9.0967,8.8056,8.4639,8.2705,8.0151,7.8809,7.9011,7.7964,7.7294,7.6575,7.688,7.5685,7.5505,7.455,7.7831,7.78,8.0511,8.3911,8.4501,8.4494,8.5743,8.5237,8.6573,8.7187,8.8137,9.116,9.3317,9.2823,8.9765,9.0967
23.99,10.552,11.949,15.223,16.592,14.959,14.65,14.532,16.592,17.296,16.897,17.527,18.6,16.792,16.459,13.088,9.0459,5.9284,10.078,13.088,11.61,12.961,11.551,11.61,12.003,10.552,4.0575,11.551,9.82,14.65,13.782,11.243,12.212,13.887,14.057,12.961,13.449,13.887,14.562,12.212,10.161,12.412,11.949,8.4811,9.4502,9.4502,2.9181,9.9078,11.047,10.552,10.078,8.4811,10.552,11.047,13.292,10.552,11.047,11.047,11.047,14.057,13.782,23.551,24.407,26.573,27.068,26.192,26.562,26.374,27.142,26.453,24.765,25.547,25.266,23.67,22.46,20.439,18.037,18.481,17.542,18.396,17.542,17.929,17.761,16.44,16.81,14.532,14.562,17.017,16.592,20.537,19.202,10.31,10.048,9.6246,9.1354,8.8686,8.837,8.916,8.8879,8.912,8.7603,8.6079,8.568,8.4552,8.3005,8.7764,8.6843,9.0799,9.8109,9.6322,9.816,9.5718,9.72,9.7348,9.7213,9.923,9.9518,10.329,10.577,10.224,10.31,8.699,8.6182,8.266,8.0725,7.8481,7.7653,7.6295,7.5593,7.6601,7.7661,7.4656,7.4533,7.526,7.5987,8.1351,8.8133,8.886,8.7613,8.7683,8.7268,8.6751,8.8065,8.6961,9.0048,8.8447,8.7343,8.6272,8.7687,8.5196,8.699,9.249,8.9856,8.7227,8.514,8.2681,8.1263,8.0746,7.946,7.9175,7.8603,7.8333,7.8091,7.7193,7.6353,7.9292,8.1455,8.3173,8.4859,8.6063,8.6568,8.5986,8.6553,8.792,8.8774,9.046,9.2951,9.3551,9.415,9.2404,9.249
24.01,11.049,12.004,15.496,16.183,14.287,15.472,15.591,15.842,17.344,17.265,17.529,18.637,16.899,16.899,14.533,5.9299,8.2344,9.0475,11.553,11.553,12.214,11.049,10.554,11.951,7.5436,6.899,10.773,11.245,14.879,14.563,12.787,12.214,14.563,14.059,13.173,12.058,14.059,14.767,14.287,12.214,12.058,12.414,10.554,6.899,5.9299,2.9196,5.9299,9.0475,12.058,10.554,11.049,9.9093,10.554,12.414,10.981,10.08,11.049,11.245,14.879,13.889,23.801,23.889,26.643,27.064,26.296,26.193,26.432,26.942,26.296,24.923,25.673,25.328,24.022,23.318,19.777,17.971,17.588,17.265,18.543,18.209,17.662,17.544,16.899,15.224,13.889,13.992,17.407,17.152,20.591,18.543,10.496,10.062,9.8414,9.4477,9.1213,8.9263,9.0653,9.0539,9.0999,8.9628,8.8452,8.7526,8.6774,8.3675,8.7462,8.8168,9.3574,9.8404,9.9205,9.8204,9.9343,9.7187,10.056,9.9707,9.7439,10.098,10.664,10.651,10.524,10.496,8.8657,8.7787,8.403,8.26,8.0125,7.9446,7.9441,7.8292,7.7853,7.8218,7.7737,7.6543,7.5969,7.7418,7.8281,9.1633,8.9278,9.2666,9.0311,9.0654,8.9685,9.1411,9.1442,9.0868,9.0781,9.0399,9.1262,8.9119,8.6353,8.8657,9.4588,9.2336,8.9301,8.6469,8.455,8.2561,8.2646,8.1241,8.0443,8.0715,7.9957,7.8922,7.9087,7.8076,8.1155,8.2575,8.4712,8.6694,8.7262,8.8546,8.8496,8.8822,8.8956,9.0573,9.2307,9.4692,9.5469,9.6189,9.3128,9.4588
24.03,11.436,12,15.266,16.318,14.921,13.351,13.989,15.979,16.185,16.488,17.653,17.287,16.318,15.979,13.682,8.6221,6.3176,10.467,10.942,11.369,11.161,10.297,10.942,11.161,5.6118,7.9313,8.3588,8.8703,14.447,13.952,11.161,11.436,12.601,14.171,13.307,12.85,13.56,13.56,12.392,12,10.55,10.55,11.161,7.457,3.3073,3.3073,7.457,7.9313,10.942,10.942,10.467,7.457,10.55,13.307,11.632,9.4351,12.601,10.55,13.989,12.445,23.22,23.486,25.862,26.613,25.521,25.519,25.782,26.848,25.405,24.103,24.75,24.921,23.351,22.217,19.382,17.732,17.794,16.906,18.02,16.163,17.457,16.361,15.266,15.612,13.175,11.881,16.962,16.751,19.581,18.413,10.944,10.511,10.032,9.7438,9.5164,9.2137,9.3665,9.3234,9.2989,9.3244,9.1326,9.0534,8.9472,8.7882,9.092,8.9013,9.6192,10.136,10.199,10.436,10.201,10.289,10.383,10.553,10.745,10.76,10.997,10.852,10.832,10.944,9.1725,8.9889,8.724,8.5205,8.3544,8.3169,8.0561,8.0675,8.1285,8.0763,7.9721,7.9835,7.9538,8.0245,8.0734,9.285,9.3339,9.7188,9.5014,9.2597,9.2499,9.4273,9.5197,9.4387,9.1183,9.2566,9.1472,9.2183,9.0818,9.1725,9.7548,9.51,9.2062,8.9246,8.7674,8.6026,8.5426,8.3824,8.3229,8.3479,8.2971,8.2202,8.173,8.0778,8.4476,8.4917,8.803,8.9474,9.0396,9.1969,9.1243,9.1428,9.3369,9.3406,9.579,9.7916,9.991,9.8229,9.682,9.7548
24.05,10.131,13.141,15.56,15.833,14.532,15.167,15.036,16.58,17.745,18.007,17.94,18.316,15.56,16.562,13.857,11.017,7.9395,10.741,12.026,12.382,11.919,12.43,9.8777,11.213,8.2028,6.8674,10.131,9.8777,14.847,14.502,11.461,13.058,14.502,15.167,13.419,13.716,12.888,14.532,13.058,12.8,11.017,12.182,8.2028,8.57,6.8674,-0.12229,8.2028,8.2028,12.182,10.741,9.4201,10.522,10.741,12.931,11.017,9.0159,12.026,11.58,14.502,13.533,23.194,24.223,26.408,26.874,26.218,26.699,26.204,27.242,26.965,25.215,25.595,25.446,23.141,23.286,19.709,18.177,18.919,19.172,18.909,17.557,17.731,17.313,15.193,16.543,13.419,14.027,17.038,17.186,19.372,19.525,11.398,10.718,10.245,9.8939,9.4835,9.3245,9.707,9.6708,9.5954,9.5668,9.4263,9.2525,9.3456,9.2874,9.578,9.5415,9.9376,10.509,10.588,10.581,10.695,10.572,10.771,10.893,10.77,11.045,11.343,11.585,11.318,11.398,9.3964,9.3903,8.9306,8.7858,8.5157,8.3787,8.3171,8.3983,8.3561,8.35,8.2708,8.0196,8.2798,8.156,8.9031,9.0213,9.5263,9.6182,9.441,9.5468,9.7163,9.4296,9.5403,9.527,9.4901,9.695,9.4915,9.5638,9.1119,9.3964,9.9655,9.7527,9.3871,9.1107,8.8214,8.7265,8.791,8.6754,8.5494,8.5617,8.5015,8.3692,8.3962,8.368,8.6451,8.8118,8.965,9.2101,9.275,9.3424,9.4066,9.4132,9.5124,9.6244,9.771,9.9122,10.115,10.178,9.9512,9.9655
24.07,10.755,12.039,15.573,16.575,14.942,15.454,16.082,16.442,16.793,16.793,17.871,18.292,16.442,15.05,13.154,9.8032,8.4643,7.051,12.395,11.932,12.195,10.755,10.536,12.039,6.8807,6.8807,10.144,10.144,14.633,13.072,11.03,12.395,14.041,14.268,14.268,14.604,12.901,13.072,12.195,11.475,11.534,12.444,9.0291,7.5252,2.4437,2.9013,7.051,8.9219,10.755,11.226,11.534,10.755,9.4334,13.276,10.061,7.5252,14.515,10.755,15.405,13.072,23.576,24.123,26.712,27.466,26.5,26.357,26.437,27.287,26.025,24.904,25.454,25.737,24.114,22.747,19.686,17.614,17.912,17.279,18.933,16.286,17.614,17.134,17.388,15.912,13.154,13.072,17.134,17.134,20.573,19.296,9.7666,9.5662,9.0786,8.4632,8.3309,8.1106,8.1565,8.067,8.2349,8.1565,7.9718,7.8849,7.7506,7.7075,7.8836,7.9416,8.5066,9.2691,9.0782,9.0947,8.9774,9.0664,9.1603,9.2098,8.9582,9.5233,9.7231,9.7316,9.6149,9.7666,8.0915,7.9071,7.6598,7.5433,7.1687,7.1533,7.1735,6.9422,7.0247,6.9566,7.0286,6.8466,6.9922,6.9752,7.0933,7.9137,8.2879,8.2673,8.3929,8.2604,8.1553,8.1366,8.404,8.1475,8.3496,8.2459,8.4471,8.1678,8.0171,8.0915,8.6453,8.4312,8.0895,7.8823,7.6389,7.4804,7.4935,7.3746,7.2688,7.2712,7.2443,7.1385,7.1013,6.9969,7.293,7.4609,7.6863,7.9668,7.9902,8.0561,8.1094,8.1844,8.2061,8.2335,8.4651,8.6653,8.7925,8.7458,8.5512,8.6453
24.09,10.201,12.593,15.34,16.177,14.942,14.666,14.268,15.875,16.416,16.742,17.19,17.278,16.352,15.577,12.329,9.4264,7.278,7.9225,11.428,11.991,10.933,10.288,10.459,9.8307,8.9806,6.3089,9.4264,10.541,14.634,13.552,12.329,11.932,13.943,14.666,12.841,13.299,12.437,13.552,11.991,10.201,12.593,11.932,7.278,8.6134,2.3295,3.2986,4.438,8.6134,11.428,10.459,9.3192,9.3192,10.459,12.329,8.9806,8.3501,11.624,10.288,14.438,11.624,23.13,23.576,26.17,26.481,25.577,25.565,25.557,26.669,25.719,24.021,24.96,24.861,23.13,22.608,19.582,17.381,16.562,17.278,18.575,16.84,17.676,16.82,15.34,15.97,13.299,12.593,17.278,15.145,20.129,17.967,9.839,9.7087,9.1031,8.7996,8.5841,8.3671,8.4168,8.4421,8.3936,8.4178,8.232,8.0249,8.04,7.9326,8.0472,8.1932,8.7403,9.0556,9.3778,9.2115,9.2442,9.2757,9.408,9.4671,9.4167,9.6965,9.8424,10.024,9.784,9.839,8.4069,8.1757,7.9537,7.6294,7.4761,7.3878,7.3721,7.2716,7.3454,7.2423,7.0509,7.0647,7.2232,7.2,7.4722,8.4531,8.7041,8.7789,8.6314,8.6849,8.5411,8.4148,8.6658,8.6639,8.5523,8.4492,8.426,8.5564,8.3058,8.4069,8.8731,8.6673,8.343,8.1232,7.8727,7.7436,7.6983,7.5813,7.5205,7.5324,7.4921,7.3708,7.3205,7.3014,7.561,7.6876,7.9344,8.1322,8.2045,8.2838,8.3057,8.3401,8.5435,8.4484,8.6285,8.9349,9.0732,9.0316,8.7556,8.8731
24.11,9.0058,11.897,13.698,15.876,14.967,15.283,15.026,16.768,16.587,16.979,17.701,17.144,15.472,15.704,11.453,10.313,7.4735,9.3444,11.386,10.484,11.649,11.957,9.4516,10.567,9.3444,7.3032,10.484,9.0058,13.855,12.462,10.958,12.355,12.355,13.968,12.866,13.324,11.453,13.577,12.818,12.618,11.453,9.8559,8.8868,9.4516,5.8765,2.3547,9.4516,9.3444,10.958,10.484,9.0058,10.484,10.313,11.453,8.6386,8.3753,12.409,11.453,13.968,13.494,22.16,23.63,25.4,26.175,25.628,25.538,25.582,26.504,26.01,24.659,25.134,25.108,22.89,22.2,19.312,17.992,17.701,18.279,18.802,16.246,16.997,16.441,15.628,15.603,13.236,12.818,16.334,16.179,19.312,19.006,10.117,9.7639,9.2848,9.0668,8.7742,8.7271,8.6603,8.6853,8.7283,8.6428,8.5113,8.4117,8.374,8.1443,8.3755,8.7069,8.7166,9.4387,9.7146,9.7243,9.5842,9.5782,9.8599,9.8398,9.8375,9.8296,10.372,10.216,10.127,10.117,8.646,8.4782,8.0854,7.8933,7.7255,7.6545,7.6698,7.5729,7.6023,7.3595,7.5935,7.54,7.6109,7.2493,7.8945,8.429,8.8528,9.0343,8.8422,8.7988,8.5801,8.6918,9.0289,8.9023,8.7721,9.0616,8.8107,8.826,8.6894,8.646,9.1165,8.8495,8.5138,8.3369,8.1066,7.9491,7.8842,7.7383,7.7486,7.6889,7.7162,7.6233,7.581,7.4521,7.7695,7.886,8.106,8.3367,8.4907,8.5903,8.5782,8.531,8.5613,8.7828,8.9317,9.2444,9.3672,9.2368,9.0395,9.1165
24.13,10.833,11.041,14.623,14.623,13.948,14.711,14.315,15.284,16.501,16.52,16.501,17.325,15.857,15.532,13.023,9.1072,8.0309,5.9897,11.613,12.847,10.833,9.8813,9.1072,10.139,7.1291,4.1188,9.9691,9.9691,14.315,12.473,10.222,10.139,13.15,14.623,11.613,13.624,12.274,12.979,12.522,12.274,9.9691,11.108,9.5115,8.6614,6.9588,2.5218,5.2839,6.9588,9.9691,9,9.5115,8.6614,9.5115,11.672,11.041,6.9588,11.613,10.222,13.661,12.118,22.385,23.413,25.476,26.35,25.4,25.457,25.551,26.243,25.702,24.289,24.72,24.296,22.409,21.839,18.65,17.357,17.079,17.466,18.269,16.634,16.578,16.423,15.258,13.948,12.847,12.274,16.364,15.924,19.107,18.743,10.355,10.085,9.548,9.3015,8.9439,8.7601,8.9472,8.9368,8.9769,8.7229,8.6196,8.544,8.5387,8.4054,8.6482,8.4806,8.9767,9.9052,9.7636,9.5934,9.7423,9.6543,9.5864,9.8851,10.101,9.9226,10.332,10.295,10.22,10.355,8.7821,8.4632,8.2252,8.1486,7.9107,7.7188,7.7846,7.6234,7.8491,7.8561,7.553,7.7232,7.6826,7.9316,8.3139,8.8613,9.1637,9.0289,9.0747,9.1585,8.9205,9.1695,9.0881,9.1486,9.0758,8.9797,8.9587,8.869,8.712,8.7821,9.3278,9.1113,8.7555,8.5213,8.2656,8.1357,8.1495,8.0257,7.9458,7.9051,7.8839,7.7937,7.8023,7.7023,8.0266,8.1187,8.296,8.4823,8.5513,8.7223,8.7364,8.6827,8.796,8.7729,9.0861,9.3472,9.5305,9.5168,9.1431,9.3278
24.15,11.168,11.376,14.681,16.325,14.928,14.928,14.454,15.986,16.432,16.913,17.938,16.432,15.463,15.619,12.808,11.168,8.629,7.9382,11.639,10.304,10.304,11.443,11.168,11.376,8.3657,6.3245,8.9962,11.639,13.182,13.357,12.608,12.007,12.399,13.314,13.485,13.567,12.857,13.485,13.226,12.452,10.949,9.8464,10.304,7.2936,4.4537,2.3451,7.2936,8.9962,9.3348,9.4421,10.216,11.443,12.007,12.452,12.608,9.8464,12.608,10.474,13.357,11.639,22.684,23.716,25.611,26.223,25.366,25.821,25.51,26.363,26.263,24.913,24.973,24.973,22.808,22.583,18.792,18.42,17.968,17.938,18.603,17.547,18.433,17.481,15.593,15.046,12.345,12.857,15.818,17.188,19.759,18.603,10.594,10.522,9.9236,9.4126,9.1673,9.0295,9.1923,9.2508,9.0341,9.0923,8.9796,8.6894,8.849,8.6529,8.6408,8.9465,9.4154,9.8787,9.8764,9.9592,9.9389,9.9011,10.167,10.096,9.9337,10.235,10.56,10.773,10.489,10.594,9.1871,8.9059,8.513,8.4271,8.2548,8.108,7.9237,7.9622,7.9318,7.8147,7.8568,7.7122,7.9481,7.7203,7.9387,8.6937,9.1095,9.1888,9.2595,9.2428,9.1257,9.1642,9.2905,9.3385,9.0769,9.236,9.1113,9.2996,8.7748,9.1871,9.5852,9.3358,8.9323,8.7438,8.4459,8.3278,8.3875,8.2291,8.1432,8.1099,8.0687,7.991,7.9735,7.9177,8.2111,8.3371,8.5442,8.7665,8.8544,8.8443,9.0075,8.9711,9.1564,9.1115,9.181,9.6049,9.6222,9.7201,9.4099,9.5852
24.17,10.42,11.705,15.12,15.445,13.706,14.526,15.423,16.165,17.161,16.717,17.522,17.726,16.089,16.259,13.536,8.6949,6.5464,8.5876,11.652,11.861,9.8098,10.892,10.696,11.705,6.5464,8.6949,7.191,9.8098,13.934,14.181,12.109,12.941,13.249,13.934,13.212,13.706,13.249,13.431,12.435,10.696,12.941,11.14,7.191,7.191,6.5464,-0.44326,8.6949,9.0992,11.705,8.6949,8.5876,9.0992,10.42,11.705,9.7271,9.0992,10.696,12.061,13.431,12.435,23.301,23.812,26.001,26.597,26.011,26.04,25.865,26.72,26.378,24.781,25.239,25.246,22.973,22.845,20.32,17.41,18.33,17.958,18.467,17.191,17.176,16.717,15.512,14.872,13.639,12.941,16.913,16.441,19.81,18.642,10.61,10.468,9.8736,9.6659,9.3517,9.2093,9.2891,9.2516,9.2219,9.184,8.9374,8.8459,8.7149,8.6081,8.8541,8.9823,9.3529,9.6543,9.9558,9.7167,9.9096,10.009,9.826,10.041,9.9096,10.28,10.609,10.574,10.253,10.61,9.1032,9.0571,8.933,8.5633,8.289,8.2094,8.06,8.1299,8.1882,8.1219,7.8785,7.9517,8.114,7.9201,7.9405,8.9713,9.3274,9.4622,9.455,9.4581,9.451,9.2328,9.3875,9.3706,9.2391,9.2871,9.2663,9.3992,8.8636,9.1032,9.7314,9.525,9.1621,8.9746,8.7017,8.496,8.5511,8.4324,8.3467,8.3377,8.3112,8.1629,8.1149,8.0859,8.4035,8.6029,8.7434,8.8971,9.0698,9.1759,9.2062,9.2235,9.2121,9.2957,9.6561,9.7412,9.7838,9.913,9.6595,9.7314
24.19,8.6025,11.951,14.652,15.301,14.256,14.767,15.016,17.07,16.9,16.9,18.039,17.763,15.798,16.575,13.748,9.9101,9.0483,10.555,12.059,12.414,11.554,10.555,9.0483,12.059,8.2352,9.0483,8.941,8.6025,15.199,14.623,12.833,12.059,14.534,13.784,14.534,13.748,13.565,13.565,13.565,10.774,11.05,11.494,9.4526,8.4835,5.4732,4.9616,6.8998,10.08,10.982,10.774,10.163,11.246,9.9101,12.215,11.05,8.941,12.059,12.215,13.784,12.788,24.06,24.165,26.034,26.907,26.194,26.37,26.364,27.07,26.519,25.398,25.87,25.627,23.61,23.323,20.284,17.763,18.543,17.972,19.048,17.663,18.039,17.298,16.462,16.305,13.602,14.06,16.519,16.794,19.778,19.375,11.02,10.728,10.304,9.8409,9.6132,9.4778,9.5874,9.5763,9.4964,9.5029,9.2431,9.1414,9.1931,9.0443,9.2894,9.154,9.6934,10.073,10.429,10.41,10.407,10.293,10.452,10.538,10.536,10.831,11.128,11.291,10.93,11.02,9.4348,9.3432,8.9716,8.7375,8.5671,8.4236,8.6263,8.3997,8.2218,8.3094,8.3222,7.9956,8.257,8.3765,8.1743,9.5428,9.1987,9.7263,9.7215,9.6099,9.5953,9.6552,9.6979,9.7144,9.5597,9.413,9.5637,9.3954,9.1792,9.4348,9.9819,9.755,9.3953,9.1607,8.9293,8.769,8.7375,8.6197,8.5588,8.5286,8.4884,8.3801,8.3518,8.3213,8.6612,8.6674,8.9222,9.1542,9.2122,9.4033,9.2315,9.2761,9.3637,9.5271,9.6291,9.8981,10.09,9.9374,9.788,9.9819
24.21,8.3045,11.119,14.722,15.031,13.634,14.357,14.062,16.682,16.645,16.663,17.139,16.864,14.692,15.294,12.484,8.6718,6.9692,8.5528,11.682,10.624,11.315,10.843,9.1176,8.5528,10.15,6.9692,10.624,9.5219,13.521,13.16,10.233,10.624,13.634,13.959,12.484,12.99,12.484,13.243,13.033,10.15,12.021,11.315,9.1176,8.3045,5.2942,2.0207,7.6137,8.5528,11.563,9.5219,9.0104,10.843,8.3045,12.128,8.3045,9.0104,11.119,9.9795,14.129,12.128,22.284,23.356,25.183,25.985,25.138,25.717,25.08,26.336,25.985,23.966,24.822,24.648,22.299,22.32,19.107,18,17.222,17.367,18.095,16.645,16.864,16.588,15.37,15.138,11.682,11.623,15.934,15.138,19.181,18.672,9.8379,9.5022,8.9882,8.6261,8.3279,8.169,8.3028,8.2851,8.2532,8.2094,8.1037,7.9224,7.9632,7.8017,7.9266,8.1035,8.5088,9.0791,9.0293,9.054,8.9745,9.0951,9.4642,9.3598,9.3422,9.8571,9.905,9.6069,9.7889,9.8379,8.1186,7.9363,7.6518,7.5924,7.2609,7.2032,7.1455,7.1413,7.0355,7.048,7.0298,6.8221,6.8932,7.0385,7.2439,8.2853,8.3813,8.5017,8.2172,8.3963,8.1118,8.2397,8.405,8.4761,8.326,8.1182,8.173,8.0129,7.9946,8.1186,8.7319,8.458,8.1293,7.8831,7.6703,7.4917,7.5103,7.3883,7.2991,7.2574,7.2561,7.1885,7.1398,7.1243,7.3499,7.3444,7.693,7.8992,7.9741,8.0807,8.1211,8.0704,8.2967,8.2862,8.5219,8.7719,8.8534,8.7615,8.5743,8.7319
24.23,10.474,11.639,14.454,15.463,14.178,14.386,14.283,15.818,16.758,16.855,17.739,17.294,16.192,16.758,13.314,9.8462,7.9381,9.442,11.443,11.639,11.167,11.639,8.8771,11.167,9.3347,5.6186,9.3347,10.474,14.283,13.996,10.304,11.887,11.443,13.314,12.608,13.182,12.808,14.178,12.808,12.808,11.376,10.948,7.9381,9.3347,2.8565,3.3141,3.3141,7.2935,10.948,10.948,12.608,9.3347,10.557,11.167,10.948,8.9961,10.304,12.452,13.996,12.608,22.394,23.472,25.399,25.821,25.732,26.067,25.712,26.432,26.318,24.536,25.147,24.791,22.394,22.719,19.557,17.464,17.983,17.983,18.433,17.294,16.836,17.464,15.619,15.017,12.452,12.345,15.463,15.695,19.798,18.433,9.9392,9.6884,9.211,8.8523,8.6291,8.3352,8.5957,8.4874,8.4634,8.3744,8.3187,8.2232,8.1165,7.8381,8.0773,8.1958,8.8612,9.1492,9.3544,9.1725,9.305,9.2561,9.5933,9.4808,9.5087,10.014,10.03,9.9508,9.7651,9.9392,8.2826,8.1514,7.754,7.7472,7.5509,7.4263,7.3447,7.2077,7.2521,7.3109,7.2646,7.372,7.0989,6.909,7.7431,7.9337,8.446,8.6366,8.6265,8.329,8.3841,8.5095,8.4218,8.5177,8.5588,8.5011,8.3932,8.2308,8.0445,8.2826,8.9428,8.6625,8.3499,8.1437,7.9271,7.757,7.7466,7.6354,7.5673,7.5085,7.5251,7.5186,7.4185,7.2753,7.5458,7.7726,7.898,8.1913,8.2478,8.3981,8.32,8.3283,8.3709,8.4967,8.9697,8.9229,9.018,9.0233,8.8496,8.9428
24.25,9.0104,10.963,13.859,14.942,14.01,15.031,13.581,16.206,17.149,17.308,17.952,17.202,14.468,15.06,13.328,9.0104,7.9523,9.0104,11.902,11.653,10.571,10.318,10.318,10.318,7.3078,5.6329,9.0104,11.182,12.467,12.871,10.318,11.457,12.822,12.467,11.902,14.192,12.359,12.359,13.372,12.021,12.359,11.39,8.6432,7.3078,3.3284,3.3284,5.6329,9.349,10.318,9.0104,10.488,9.4562,7.4781,9.8605,12.021,10.23,10.963,11.182,13.499,12.623,22.21,23.469,24.972,26.007,25.437,26.427,25.274,26.802,26.983,24.805,24.987,24.551,21.711,22.294,19.928,17.753,18.447,18.298,17.997,17.753,16.713,16.869,14.664,15.06,12.623,13.328,16.206,17.308,19.092,18.643,10.323,9.9238,9.4013,9.2337,8.769,8.6171,8.8763,8.781,8.7545,8.651,8.588,8.5532,8.5446,8.2689,8.5535,8.6764,8.7319,9.5485,9.5295,9.5903,9.6682,9.7623,9.7201,10.037,9.8533,9.566,10.247,10.319,10.155,10.323,8.7444,8.3737,8.0248,8.1159,7.7588,7.6031,7.5878,7.4833,7.6584,7.4774,7.5295,7.6049,7.6035,7.7556,7.9729,8.5119,8.9741,8.9464,9.0218,8.9405,8.7264,8.9573,9.019,8.8969,8.9491,8.8678,9.0019,9.0698,8.7166,8.7444,9.1808,8.9048,8.5323,8.3738,8.0678,7.932,8.025,7.9179,7.8196,7.6796,7.7653,7.6839,7.6393,7.5495,7.8333,7.9936,8.1256,8.367,8.5073,8.5965,8.6343,8.6172,8.6868,8.8105,8.9619,9.2866,9.4629,9.4082,9.1385,9.1808
24.27,8.9957,11.887,15.985,15.985,14.957,15.355,14.283,15.462,16.236,16.836,17.546,16.698,16.192,14.681,11.167,7.9377,7.4634,10.303,11.947,10.948,11.443,10.303,9.3343,10.556,7.2931,6.324,8.9957,10.948,13.484,12.608,11.947,10.948,14.283,12.856,13.567,13.567,12.399,13.314,10.948,10.303,11.167,12.608,10.556,9.4415,0.3034,3.3137,4.4531,8.8767,11.167,9.3343,11.443,8.6285,10.948,13.484,11.167,10.303,10.948,10.474,14.283,13.314,23.23,23.109,26.438,27.125,25.462,25.214,25.818,26.563,25.016,23.988,24.652,25.138,23.471,22.399,18.937,16.758,17.293,16.698,17.938,16.431,17.188,16.236,16.192,15.409,13.567,14.177,16.758,15.273,20.303,18.324,10.412,10.071,9.596,9.2313,9.1152,8.9018,9.0093,8.9021,8.8365,8.802,8.6691,8.5989,8.4983,8.3914,8.4731,8.768,8.7991,9.7475,9.8558,9.6578,9.7376,9.6856,9.831,9.84,9.8001,10.229,10.54,10.579,10.219,10.412,8.947,8.6914,8.3743,8.1404,7.863,7.8579,7.9022,7.8102,7.8393,7.844,7.6613,7.7367,7.7912,7.7249,8.0653,8.4748,9.2926,9.256,9.1128,9.1099,9.2153,8.8607,9.2767,9.2259,9.28,9.0973,9.102,9.0756,8.8592,8.947,9.3288,9.1112,8.774,8.4964,8.344,8.1558,8.1404,8.0199,7.9303,7.9695,7.885,7.8409,7.7901,7.7267,8.0644,8.171,8.4631,8.5463,8.6657,8.7291,8.84,8.6999,8.8873,9.0236,9.2999,9.438,9.5589,9.385,9.2604,9.3288
24.29,10.869,11.575,15.121,16.085,16.218,14.925,14.158,16.236,17.153,17.387,17.833,18.059,15.555,16.218,11.682,8.5648,9.7043,8.6721,12.038,10.869,10.398,11.838,9.787,10.673,8.1073,7.1682,8.6721,9.787,14.693,13.88,10.398,10.673,12.038,14.158,14.158,13.408,12.797,13.911,13.189,12.544,13.513,12.038,8.6721,7.1682,4.8487,4.5854,6.694,9.5339,10.673,9.5339,8.6721,11.682,9.787,11.575,10.606,12.038,11.177,9.787,13.88,12.715,22.617,24.167,25.531,26.004,25.961,26.171,25.808,26.627,26.682,25.099,25.617,25.267,22.376,22.801,20.398,17.935,18.308,18.226,18.909,17.821,17.663,17.257,15.929,16.066,12.412,13.226,15.662,16.89,19.375,19.812,10.627,10.388,9.8142,9.5326,9.2029,9.1215,9.1704,9.1465,9.0821,9.0366,8.8564,8.8578,8.7802,8.5258,8.7077,8.8982,9.2549,9.791,10.076,9.8958,10.069,10.034,10.16,10.01,10.114,10.356,10.463,10.69,10.36,10.627,9.2241,8.7887,8.4659,8.3892,8.3108,8.1223,8.0896,7.9398,7.7756,8.0776,7.8952,7.7218,7.9494,8.2203,8.6498,8.9699,9.3375,9.3146,9.2186,9.5174,9.3283,9.3293,9.5054,9.2416,9.343,9.3494,9.2611,9.189,9.002,9.2241,9.5544,9.3493,9.0056,8.7721,8.5278,8.3803,8.3691,8.2881,8.194,8.1327,8.1441,8.0797,8.0275,7.921,8.2468,8.4311,8.5738,8.7778,8.8878,9.0121,9.0122,9.0155,9.1269,9.201,9.3509,9.3543,9.7668,9.6574,9.4245,9.5544
24.31,8.6104,10.538,14.909,16.349,14.663,14.663,14.159,16.349,16.894,16.969,17.783,17.673,16.951,15.575,12.59,9.3163,5.3369,8.9777,11.988,10.538,10.538,11.869,10.285,10.456,9.3163,7.2751,9.3163,9.4235,14.265,13.208,11.425,11.988,13.67,13.296,12.59,13.978,12.838,13.296,12.79,11.621,10.285,10.538,7.4454,10.456,2.3266,0.28536,5.6001,8.9777,10.285,8.8587,9.8278,11.149,10.538,11.929,10.93,9.3163,11.869,10.93,13.978,12.327,23.163,23.729,26.002,26.594,25.615,25.468,25.643,26.349,25.839,24.286,24.809,24.894,23.234,22.381,18.883,17.673,17.89,17.673,17.964,16.817,17.673,16.988,15.444,15.575,11.621,13.466,16.306,16.413,20.224,18.414,10.863,10.686,10.118,9.7916,9.3986,9.1669,9.369,9.4155,9.3045,9.2618,9.1871,9.0891,9.0014,8.8432,9.1709,9.272,9.5918,10.068,10.255,10.224,10.309,10.443,10.441,10.353,10.333,10.653,10.973,11.04,10.827,10.863,9.2545,9.0039,8.6677,8.6074,8.3208,8.1322,8.4415,8.0518,8.2586,8.0306,8.0657,8.1342,8.234,8.0241,8.7971,9.0509,9.4078,9.5732,9.5285,9.3186,9.4305,9.5936,9.7527,9.6912,9.4596,9.3085,9.4204,9.6155,9.1981,9.2545,9.7892,9.5075,9.187,8.9659,8.7453,8.5379,8.5989,8.4692,8.3772,8.3334,8.3188,8.18,8.1354,8.1151,8.4248,8.5144,8.7445,8.9746,8.9997,9.0522,9.1404,9.0853,9.1868,9.2644,9.6935,9.83,9.8208,9.8254,9.5677,9.7892
24.33,9.8891,11.533,15.953,17.568,15.048,15.844,15.178,16.08,16.982,16.879,17.245,18.616,16.791,16.592,12.393,5.4521,9.4315,8.2142,11.224,11.93,11.93,12.038,11.028,12.393,8.5814,7.5233,11.592,9.4315,14.267,13.43,13.581,11.028,14.513,15.28,12.899,12.442,13.868,13.971,12.442,11.224,11.473,11.533,9.8013,10.059,4.0388,2.8994,5.9097,8.92,12.038,10.753,8.5814,9.8891,12.194,12.393,10.961,11.028,12.899,10.961,14.513,12.767,23.695,23.795,26.936,27.092,26.421,26.187,26.787,27.066,26.017,24.558,25.529,25.789,24.498,22.834,19.801,17.508,18.462,17.91,18.799,16.999,17.951,17.132,16.343,15.91,14.039,14.039,18.176,15.844,20.295,19.183,9.7478,9.2392,8.7563,8.5499,8.0982,8.0564,8.1518,8.1254,8.0989,8.0549,7.8962,7.8419,7.6672,7.5677,7.768,8.1027,8.3425,8.9809,9.247,9.0999,9.0179,9.0052,9.1582,9.2267,9.0645,9.4107,9.7325,9.8072,9.5563,9.7478,7.9891,7.7701,7.5436,7.463,7.1602,7.048,7.0397,6.9275,6.9572,6.8838,6.8367,6.9034,7.038,6.9434,7.0419,8.1963,7.9042,8.2557,8.3166,8.0446,7.678,8.1946,8.1212,8.311,8.2457,8.2199,8.3051,8.155,7.9217,7.9891,8.5134,8.2662,7.9956,7.7392,7.5374,7.3818,7.3303,7.2082,7.1182,7.1625,7.0926,7.0094,6.9792,6.9085,7.1969,7.3766,7.5564,7.7137,7.8422,7.8744,7.8499,7.9862,8.0888,8.1054,8.4826,8.5893,8.6935,8.6113,8.4894,8.5134
24.35,9.9014,11.997,15.216,16.356,15.191,15.416,15.922,16.029,18.031,17.289,17.881,17.922,17.144,16.891,13.165,9.9014,7.0615,10.155,11.604,12.406,12.05,12.824,10.546,11.237,8.2265,8.2265,8.9323,10.546,14.871,13.775,12.454,12.454,14.051,13.881,14.051,14.525,12.912,14.953,12.955,12.406,10.155,13.082,9.9014,9.4439,5.2162,-0.098556,7.0615,10.155,11.604,10.546,10.546,9.9014,10.546,12.454,11.485,9.4439,13.286,11.604,14.614,13.286,23.423,24.134,26.282,26.994,26.128,26.296,26.328,27.056,26.552,25.191,25.496,25.674,23.645,23.298,19.901,18.675,18.582,18.201,18.932,17.337,17.337,17.536,15.79,15.489,12.406,14.051,17.144,16.786,20.22,19.697,9.6545,9.4347,8.9962,8.6521,8.3847,8.3287,8.3357,8.327,8.3423,8.113,7.9559,7.9028,7.9877,7.7625,7.8699,7.7865,8.6914,8.7814,9.005,9.1787,9.075,8.9659,9.151,9.0667,9.3369,9.4126,9.7595,9.5985,9.4975,9.6545,8.2588,8.1239,7.6498,7.7123,7.491,7.2555,7.2038,7.1069,7.1941,7.2438,7.0185,7.0515,6.9721,7.159,7.4489,8.1762,8.4186,8.4516,8.6182,8.5812,8.2801,8.4082,8.5363,8.3183,8.3633,8.5502,8.3037,8.1533,8.2068,8.2588,8.7218,8.4929,8.1099,7.9048,7.7205,7.5097,7.5002,7.4155,7.3549,7.3091,7.2708,7.2169,7.1813,7.1346,7.4073,7.4979,7.7173,7.9462,8.0687,8.0104,8.0953,8.0958,8.183,8.3304,8.5641,8.7848,8.8463,8.85,8.6167,8.7218
24.37,9.3042,12.314,14.147,15.015,14.927,15.836,14.986,15.562,17.893,17.104,18.294,17.383,15.588,16.401,13.454,9.4114,7.263,8.3351,11.413,10.918,11.857,12.368,9.8157,10.444,5.5881,5.5881,8.3351,10.918,14.927,12.578,10.526,11.137,11.917,13.284,13.454,13.965,12.826,13.658,14.356,10.526,11.917,10.273,7.4333,7.9076,4.423,-0.69582,8.5984,10.444,10.186,10.444,10.444,11.413,8.5984,11.413,10.186,9.8157,11.413,11.413,12.578,12.826,22.552,23.898,25.456,25.751,25.456,25.981,25.631,26.63,26.763,24.648,25.287,24.882,22.276,22.411,19.567,18.127,17.952,18.127,18.674,17.771,16.882,17.157,14.927,14.867,12.826,12.578,15.243,15.588,19.216,18.402,9.9728,9.7699,9.1546,8.8677,8.4128,8.3147,8.5987,8.6213,8.5177,8.3496,8.2879,8.142,8.2201,8.0096,8.1836,8.2887,8.6187,9.343,9.2645,9.3177,9.5197,9.3168,9.4356,9.4989,9.2484,9.8309,9.873,10.075,9.8259,9.9728,8.4171,8.3403,7.8077,7.7602,7.4402,7.1758,7.4305,7.3383,7.3653,7.3792,7.263,7.3574,7.2903,7.2334,7.5469,8.6558,8.6364,8.715,8.6479,8.5809,8.7071,8.5157,8.6206,8.6303,8.6321,8.6894,8.6224,8.7486,8.283,8.4171,8.9367,8.7478,8.3167,8.1141,7.8011,7.7001,7.8033,7.6577,7.5781,7.4706,7.5009,7.4186,7.3758,7.3737,7.6493,7.7256,7.905,8.1373,8.1392,8.3369,8.4291,8.3945,8.4726,8.5736,8.7794,8.9201,9.0849,9.1899,8.8553,8.9367
24.39,10.406,12.927,15.057,16.426,14.857,14.166,14.399,16.719,17.265,16.652,17.867,18.175,16.074,16.245,12.927,9.5422,8.6803,7.604,11.186,11.186,11.245,11.691,9.7125,11.583,6.7022,8.5731,11.245,9.7952,13.888,13.888,10.682,11.126,13.38,14.648,14.255,12.806,12.927,13.416,13.692,12.046,12.095,12.552,7.8673,7.1765,3.6919,2.5525,8.6803,11.126,11.691,9.0846,12.046,10.878,11.583,12.42,9.5422,11.126,13.692,10.682,14.284,12.723,23.064,23.49,26.065,26.364,25.907,26.026,25.923,26.737,26.207,25.013,25.606,24.88,23.186,22.491,20.231,17.981,18.175,17.395,18.795,17.04,17.04,16.785,15.224,15.563,13.197,13.083,16.532,16.151,19.795,19.036,10.293,9.9077,9.4563,9.1359,8.7842,8.7355,8.7374,8.7131,8.7442,8.6626,8.464,8.4614,8.3142,8.1854,8.2977,8.4049,9.1167,9.6072,9.7817,9.6653,9.6747,9.7662,9.6687,9.7507,9.6908,10.168,10.47,10.399,10.182,10.293,8.777,8.4064,8.1601,7.9138,7.8327,7.6996,7.4665,7.6235,7.5923,7.7803,7.439,7.6564,7.8087,7.4269,7.7585,8.5639,8.7501,9.1785,9.0429,9.0078,8.9984,8.7339,9.0544,8.9046,9.1674,8.7792,8.7992,8.9478,8.6512,8.777,9.1698,8.9308,8.6353,8.3686,8.1777,8.0127,7.9415,7.8731,7.7901,7.8241,7.7886,7.6875,7.6415,7.5657,7.8576,8.0048,8.1736,8.4106,8.5478,8.6443,8.5831,8.6017,8.7029,8.8071,9.113,9.3193,9.3337,9.4239,9.1303,9.1698
24.41,10.461,10.935,14.27,14.914,13.471,13.301,14.884,16.156,17.467,16.955,18.577,16.993,15.449,16.311,12.794,8.6153,7.9245,9.3211,10.29,11.154,11.362,10.935,8.6153,10.29,9.8327,5.8533,7.4503,10.29,13.554,13.301,11.626,10.461,11.934,14.44,12.385,13.213,13.344,13.168,12.595,12.385,11.934,10.543,7.9245,9.4284,4.44,2.3314,7.2799,8.9826,10.543,7.2799,8.9826,9.8327,9.4284,13.344,9.8327,9.8327,11.43,11.154,14.27,12.794,22.848,23.168,25.409,26.156,25.788,25.564,25.761,26.483,26.322,24.944,25.304,24.971,22.671,22.502,20.202,16.223,17.954,17.925,18.144,16.245,17.598,16.744,14.914,14.636,13.213,13.675,16.311,16.311,19.784,18.864,10.534,10.157,9.7874,9.3795,9.0716,8.9578,8.9304,9.0184,8.9723,8.803,8.7656,8.6719,8.5893,8.3888,8.5882,8.7325,9.1887,9.746,9.8984,9.9617,9.7017,9.9129,9.9035,10.121,10.132,10.426,10.454,10.731,10.425,10.534,8.7855,8.6001,8.2058,8.2073,8.0987,7.8658,7.7325,7.7671,7.8756,7.7195,7.9132,7.5319,8.1866,7.6838,7.9282,8.6781,9.0887,9.1628,9.2718,9.1753,9.2494,9.1731,9.2931,9.2705,9.2597,9.1686,9.1331,9.1152,8.9714,8.7855,9.356,9.1366,8.7353,8.5637,8.3253,8.1996,8.1497,8.0337,7.9843,7.9197,7.8998,7.8255,7.8045,7.6866,7.9742,8.2063,8.4015,8.6119,8.7097,8.7798,8.7493,8.7312,8.8589,8.9555,9.2644,9.3244,9.4449,9.3553,9.2188,9.356
24.43,8.9979,11.445,14.455,15.018,14.959,14.285,14.388,15.696,17.925,16.433,17.97,17.925,15.163,15.62,12.61,8.6306,7.2952,9.4437,11.445,11.445,11.889,10.218,7.9398,9.848,7.9398,7.9398,8.3673,11.445,13.316,13.184,11.889,11.378,12.81,13.359,13.228,12.401,13.569,14.683,11.445,10.306,11.641,10.95,8.3673,5.6203,5.357,3.3158,5.6203,8.3673,10.559,10.559,10.306,10.218,10.559,12.347,9.3364,9.4437,12.858,12.454,13.998,12.401,22.443,23.722,25.579,25.783,25.595,25.988,25.82,26.496,26.117,24.727,25.14,25.1,22.78,22.401,18.83,17.741,18.159,17.548,18.707,16.971,16.857,17.19,14.285,14.93,13.184,14.388,15.595,15.357,19.215,18.435,10.732,10.476,9.9255,9.4804,9.1313,9.1547,9.179,9.1761,9.1634,9.1448,8.9835,8.8913,8.7862,8.657,8.9388,8.8096,9.3364,9.935,10.188,10.174,10.143,9.9876,10.237,10.14,10.687,10.556,10.781,10.75,10.612,10.732,9.1449,8.9282,8.4848,8.3952,8.2782,8.0616,8.1232,7.977,8.0726,7.9803,8.0086,7.9275,8.1157,8.1441,8.4678,8.7148,9.3603,9.3886,9.4503,9.4624,9.524,9.3074,9.5978,9.3377,9.7645,9.3368,9.3312,9.4676,9.1642,9.1449,9.6463,9.3746,9.0361,8.8333,8.5748,8.4535,8.4536,8.2696,8.2245,8.2092,8.174,8.1181,8.0645,7.9717,8.3068,8.4379,8.6696,8.8252,8.9497,8.9885,9.089,9.0328,9.1923,9.2175,9.4544,9.6592,9.8405,9.6959,9.5506,9.6463
24.45,9.9225,11.062,16.377,15.788,15.855,14.546,15.811,17.099,18.052,18.052,18.603,18.092,15.081,15.877,11.964,9.0606,5.9431,10.567,12.227,11.625,12.018,11.964,10.567,12.018,6.9122,7.5568,7.0825,10.176,14.78,13.577,12.475,10.567,12.976,14.268,14.3,13.615,13.186,12.976,13.615,11.566,11.566,11.062,8.6148,7.5568,5.2373,5.9431,7.9843,10.176,12.427,10.567,11.062,11.062,11.258,11.258,10.786,10.176,12.427,11.625,14.072,13.464,23.335,24.665,25.855,26.612,26.065,26.468,25.986,27.19,26.955,25.459,25.86,25.51,22.976,23.178,20.101,18.964,19.061,18.556,18.361,18.361,18.052,17.42,15.313,15.986,11.625,13.103,16.05,16.912,20,19.217,10.707,10.682,9.9662,9.7311,9.3244,9.2338,9.3928,9.2811,9.3149,9.3074,9.1029,8.9535,9.0254,8.8367,8.9378,9.1414,9.5663,10.144,10.156,10.06,10.076,10.248,10.182,10.413,10.406,10.495,10.553,11.108,10.697,10.707,9.3413,9.1922,8.7035,8.6409,8.5368,8.1776,8.2794,8.2502,8.3394,8.2929,8.1529,8.0376,8.2611,8.293,7.9252,9.3649,9.6207,9.6911,9.4318,9.402,9.4503,9.6331,9.4039,9.4915,9.6193,9.599,9.3397,9.5253,9.2163,9.3413,9.7837,9.5732,9.1957,8.9836,8.7132,8.5212,8.6259,8.4896,8.4001,8.358,8.3281,8.2449,8.1943,8.2136,8.5136,8.5433,8.8229,9.01,9.0411,9.0818,9.3473,9.25,9.377,9.4265,9.7443,9.904,9.8567,9.9065,9.66,9.7837
24.47,9.3172,12.435,14.369,15.968,14.632,14.16,14.266,16.175,16.895,17.529,17.906,17.446,15.256,15.338,12.591,8.6114,7.276,9.3172,10.286,10.286,11.622,10.539,9.4245,10.539,8.9787,7.276,8.3481,9.3172,13.978,13.978,11.426,10.931,12.328,11.426,13.827,12.591,13.164,12.591,13.467,11.93,11.15,11.622,7.9206,8.3481,6.3069,4.4361,8.6114,11.622,10.931,10.457,7.4464,10.286,10.286,11.93,11.426,7.276,11.93,10.539,13.297,12.591,22.839,23.235,25.803,26.221,25.705,25.576,25.794,26.513,25.975,25.081,25.392,25.144,22.906,22.088,19.414,17.117,17.721,17.891,17.95,16.818,17.188,16.97,15.801,15.144,11.426,13.827,15.968,15.338,19.662,18.611,9.7798,9.2059,8.8743,8.3548,8.1874,8.1208,8.3122,8.1367,8.2014,8.0696,7.8921,7.9374,7.9495,7.6929,7.8705,8.1132,8.1372,9.0234,9.1242,9.0451,9.0692,9.1103,9.057,9.225,9.346,9.4321,9.8547,9.9555,9.6102,9.7798,8.0951,7.6689,7.4645,7.3743,7.2777,7.1423,7.0032,7.0571,7.0438,6.9854,6.966,7.0141,6.8865,6.9794,7.1555,7.7777,8.228,8.4304,8.2784,8.1983,8.3056,8.4641,8.3185,8.3897,8.0096,8.3831,8.3124,8.1732,8.0221,8.0951,8.5323,8.2311,7.9563,7.7113,7.5242,7.331,7.3707,7.2431,7.1471,7.0934,7.0907,7.0524,7.0341,6.8959,7.2137,7.3063,7.4977,7.7858,7.8613,8.0047,8.0432,7.9898,8.1671,8.1974,8.4254,8.5947,8.6765,8.5584,8.4262,8.5323
24.49,11.045,11.608,15.838,16.895,15.296,15.064,16.033,16.3,16.895,17.525,18.539,18.539,16.3,16.36,13.086,10.076,8.2304,9.0435,11.549,11.241,11.489,12.21,9.9053,10.769,8.2304,4.9568,10.158,10.769,15.195,13.885,12.458,12.916,13.086,13.988,13.885,13.597,13.169,14.055,12.828,11.947,12.959,9.9053,7.0654,8.5977,5.9259,2.4581,7.5396,9.9053,11.549,10.55,12.21,10.158,11.045,12.41,11.241,11.045,13.446,10.158,13.597,12.21,23.579,23.754,26.375,26.938,26.358,26.246,26.262,27.06,26.571,25.171,25.601,25.587,24.045,22.61,20.008,18.393,18.539,18.14,18.679,17.34,18.034,16.807,15.969,16.179,12.959,15.195,18.23,16.736,20.413,19.524,9.9659,9.402,9.027,8.6373,8.4547,8.2868,8.3987,8.2692,8.3734,8.3434,8.1706,8.0286,8.0053,7.847,7.8822,8.0671,8.6902,9.1315,9.1697,9.1415,9.1766,9.1854,9.4004,9.4231,9.663,9.6982,9.9954,9.9732,9.854,9.9659,8.1575,8.0581,7.7233,7.6414,7.542,7.2803,7.3107,7.0435,7.0304,7.2148,7.1576,6.978,6.8961,7.0397,7.2473,8.2171,8.3427,8.444,8.5235,8.2659,8.3148,8.3906,8.494,8.5659,8.3048,8.4416,8.3533,8.2857,7.9255,8.1575,8.7237,8.4408,8.2094,7.9616,7.7346,7.6029,7.5245,7.4338,7.3841,7.3948,7.3091,7.2552,7.1788,7.1155,7.3979,7.5684,7.7496,7.9956,8.0746,8.1935,8.1938,8.1908,8.2855,8.3941,8.7316,8.7533,8.9555,8.8701,8.6431,8.7237
24.51,11.033,10.757,15.456,16.724,15.208,14.517,14.75,16.347,17.003,16.883,17.873,18.381,16.577,16.596,14.862,8.5854,8.2182,10.146,11.033,12.198,12.042,12.771,10.063,11.033,7.0531,6.8828,10.538,9.8054,15.48,13.074,12.903,11.228,14.517,13.872,13.872,14.547,13.767,14.239,13.548,11.988,11.477,10.538,11.033,7.9549,4.0428,4.0428,9.0312,8.924,10.146,10.063,10.538,11.537,11.033,11.033,11.934,11.596,11.228,11.033,14.547,12.947,23.533,23.869,26.439,27.096,26.421,26.274,26.363,27.199,26.713,24.912,25.781,25.371,23.756,23.074,19.689,19.021,18.792,17.859,18.62,17.572,17.053,17.512,15.914,16.795,13.434,14.239,17.136,15.456,20.568,19.358,10.15,9.7432,9.1782,8.9249,8.6909,8.3633,8.6284,8.6337,8.5516,8.477,8.3911,8.2585,8.2725,8.1167,8.4081,8.0951,9.0637,9.3948,9.5855,9.5945,9.4363,9.5007,9.9242,9.6591,9.9307,10.078,10.149,10.337,10.198,10.15,8.4247,8.2652,7.8165,7.6751,7.5545,7.3969,7.4025,7.4757,7.3487,7.4911,7.2286,7.371,7.3646,7.2265,7.552,8.4697,8.6845,8.8545,8.7773,8.5957,8.9355,8.6947,8.5248,8.6529,8.5878,8.6238,8.7714,8.5302,8.4281,8.4247,8.8915,8.7754,8.3339,8.1161,7.8629,7.6975,7.7637,7.6641,7.5149,7.53,7.4804,7.3417,7.3678,7.319,7.6046,7.7038,7.9608,8.0801,8.232,8.2704,8.3947,8.3594,8.5378,8.4586,8.7298,8.9447,9.116,8.9934,8.8393,8.8915
24.53,9.9084,11.048,14.562,16.592,14.502,15.496,14.562,16.611,18.234,17.543,18.682,17.762,15.471,16.574,13.747,8.9393,10.079,9.0466,11.552,10.553,11.611,12.962,10.079,10.772,9.8207,5.929,9.0466,11.048,13.888,14.058,12.213,11.611,14.532,13.172,12.213,13.888,12.919,13.888,14.562,12.786,12.919,11.611,8.2335,8.9393,4.0582,2.4612,8.9393,9.0466,12.919,9.4509,10.772,10.981,10.161,10.772,6.8981,10.079,11.95,11.048,15.067,13.293,22.853,24.532,25.672,26.611,26.007,26.919,26.249,27.418,27.24,25.133,26.051,25.059,22.818,22.714,20.793,18.807,18.983,18.347,19.162,18.038,18.077,17.543,16.036,15.863,13.563,13.45,16.81,16.517,19.47,19.603,10.27,9.9606,9.5409,9.1627,8.7437,8.611,8.7997,8.7758,8.7111,8.6614,8.6004,8.4631,8.3685,8.2663,8.4616,8.7399,9.0738,9.5871,9.65,9.4864,9.5409,9.6204,9.5328,9.8449,9.7502,9.8867,10.054,10.499,10.116,10.27,8.7531,8.4533,8.1251,8.074,7.7681,7.6249,7.7004,7.7759,7.7086,7.5218,7.6427,7.5616,7.6906,7.3676,7.6405,8.7676,8.985,8.9499,8.8143,8.8898,9.0165,8.8609,9.1217,9.0631,8.9075,8.8587,8.8787,8.8298,8.5973,8.7531,9.2555,9.0054,8.6428,8.4146,8.1336,7.9579,8.0814,7.9241,7.8651,7.8026,7.8063,7.7255,7.703,7.6147,7.9121,8.0635,8.2921,8.4686,8.5357,8.6023,8.6994,8.655,8.7659,8.952,9.0473,9.2561,9.4149,9.3658,9.1935,9.2555
24.55,10.148,12.199,15.409,15.577,16.29,15.409,15.409,16.349,17.055,16.779,18.587,17.762,16.023,16.349,13.436,8.5871,5.2095,9.8948,11.936,11.936,12.199,12.199,10.539,11.034,9.8948,7.0548,9.8948,9.4372,14.752,14.044,12.399,10.539,14.24,15.577,13.55,12.905,15.21,14.864,12.773,11.538,10.758,12.043,9.8948,6.8845,4.0445,5.4578,6.8845,9.807,12.817,8.9257,10.967,9.8948,11.936,13.55,9.4372,7.0548,12.773,12.399,14.946,14.519,23.587,23.994,26.682,26.982,26.446,26.26,26.56,26.928,26.14,25.21,25.46,25.584,23.843,22.822,20.172,18.194,18.528,18.181,18.926,17.283,18.668,17.514,16.56,15.959,12.199,13.769,17.748,16.086,20.426,19.189,10.523,10.15,9.676,9.2451,9.0672,8.8318,8.9928,9.0012,9.0023,8.7978,8.6929,8.6105,8.6272,8.4663,8.7051,8.6329,9.3273,9.8388,9.8479,9.819,9.7513,9.8759,10.033,10.119,10.072,10.099,10.374,10.667,10.419,10.523,8.7155,8.6557,8.2578,8.0734,7.9418,7.9425,7.9232,7.8945,7.7887,7.5592,7.5894,7.5527,7.8476,7.8935,8.4964,8.8465,9.252,9.156,8.918,9.0018,9.2275,8.9896,9.2153,8.9186,8.7394,9.0206,8.9524,8.9059,8.573,8.7155,9.3853,9.1629,8.7933,8.6063,8.3457,8.2117,8.1921,8.088,8.0138,7.9739,7.9587,7.8671,7.8659,7.7463,8.0976,8.1762,8.3744,8.6204,8.664,8.7834,8.8075,8.7612,8.9123,8.9882,9.0771,9.3238,9.558,9.5436,9.2565,9.3853
24.57,9.9058,13.598,14.56,15.297,15.493,15.839,15.588,16.571,18.141,17.927,18.075,17.51,16.457,15.926,13.885,8.9367,7.54,10.159,12.21,12.21,12.21,11.947,10.978,9.9058,8.2309,7.0658,10.076,9.4482,13.561,14.056,12.916,12.054,14.251,14.619,13.169,14.56,12.21,14.251,12.959,11.608,12.41,11.045,7.9676,6.8955,5.2206,-0.094232,8.4791,10.159,10.076,8.5981,9.9058,11.549,11.045,12.21,11.045,9.4482,12.21,11.045,13.988,13.561,22.959,23.906,25.805,26.763,26.293,26.505,26.497,26.939,27.276,25.354,26.204,25.651,23.14,23.036,19.949,17.872,18.205,18.503,18.479,18.231,17.585,17.968,15.926,15.861,13.885,14.251,16.895,16.998,20.009,18.479,10.78,10.288,9.9051,9.5456,9.2922,9.0863,9.0896,9.1846,9.2466,9.1391,8.9945,8.9518,8.8651,8.6452,8.9556,8.8022,9.3756,10.11,10.158,10.3,10.005,10.239,10.407,10.254,10.641,10.535,10.777,10.889,10.677,10.78,9.0403,8.7842,8.6936,8.3889,8.2772,8.2006,8.1158,7.8646,7.9844,7.825,7.9935,7.8711,7.7705,8.1891,7.8612,9.1303,9.2272,9.5094,9.3654,9.1728,9.113,9.2469,9.3243,9.3005,9.1232,9.0957,9.2577,8.9852,8.8847,9.0403,9.6132,9.32,9.0287,8.8288,8.6333,8.4486,8.4017,8.2866,8.2171,8.1823,8.1906,8.1237,8.0401,7.9599,8.2285,8.4173,8.5527,8.7849,8.9807,9.0105,8.9892,8.9786,9.227,9.0831,9.4022,9.6118,9.7572,9.7218,9.5066,9.6132
24.59,7.2812,11.431,14.441,14.637,14.885,13.984,14.441,15.606,16.975,17.193,17.647,17.176,14.915,15.45,11.431,8.9838,5.6063,8.9838,9.8339,9.8339,11.364,11.994,9.8339,11.431,7.9258,7.2812,10.462,10.291,12.596,12.333,11.364,13.302,13.345,13.555,12.596,13.676,13.833,13.472,13.676,13.214,11.627,10.545,8.6166,9.3224,3.3018,3.3018,7.9258,8.9838,10.462,10.462,8.9838,11.431,9.4296,11.431,9.8339,10.291,12.44,10.545,13.555,12.44,22.44,24.054,25.682,26.055,25.31,26.103,25.56,26.536,26.672,24.576,24.972,24.694,22.429,22.295,19.986,18.159,18.257,18.159,17.97,16.746,17.534,17.281,15.682,14.945,13.214,12.796,16.246,16.746,18.984,18.421,9.4413,9.2213,8.5889,8.3301,7.8476,7.8075,8.0336,7.9972,7.9166,7.9089,7.7482,7.665,7.6012,7.3912,7.5621,7.756,8.3837,8.8517,8.7708,8.6751,8.7593,8.6869,8.7479,8.9564,8.9994,9.2843,9.4929,9.5946,9.2919,9.4413,7.83,7.6702,7.3263,7.2032,6.8418,6.8154,6.7385,6.7008,6.6956,6.6853,6.6286,6.589,6.8105,6.5856,7.0692,7.5529,8.0953,8.3636,8.0942,8.1831,8.2439,8.0432,8.3713,8.0833,7.979,8.1409,7.9498,8.0445,7.7428,7.83,8.3928,8.159,7.7657,7.5846,7.3174,7.1537,7.2119,7.1167,7.0157,6.945,6.9579,6.8442,6.8785,6.8416,6.994,7.1801,7.388,7.6759,7.7454,7.7782,7.8721,7.8578,7.8763,8.0952,8.2293,8.4953,8.5009,8.5794,8.3314,8.3928
24.61,9.3354,12.609,14.284,15.987,14.454,14.284,14.958,15.274,16.432,16.495,17.465,17.939,16.237,15.41,12.609,9.3354,7.2942,8.6296,9.8469,10.558,11.168,11.377,10.475,13.183,8.9968,6.3251,9.4426,10.304,13.997,13.358,10.949,12.346,12.346,14.284,13.568,13.568,13.485,12.809,12.453,10.475,11.948,11.64,7.2942,7.4645,5.356,2.8572,8.9968,9.4426,10.949,11.64,9.3354,11.377,10.475,12.809,8.9968,11.888,12.609,11.444,13.485,13.689,22.69,23.249,25.539,26.186,25.601,25.619,25.413,26.578,25.819,24.828,25.201,25.02,23.11,22.394,18.997,17.612,17.547,17.414,18.028,16.97,17.007,16.759,15.987,15.819,13.315,12.809,16.237,16.17,19.599,18.878,11.154,10.781,10.397,9.9617,9.6598,9.5875,9.6387,9.6515,9.5987,9.4847,9.43,9.3434,9.2988,9.171,9.262,9.3792,9.7151,10.476,10.567,10.482,10.542,10.505,10.575,10.668,10.742,11.101,11.327,11.168,10.984,11.154,9.4731,9.3628,9.0274,8.9758,8.5969,8.6322,8.5197,8.2968,8.4407,8.334,8.3019,8.29,8.4834,8.3454,8.7399,9.3318,9.7586,9.8409,9.9417,9.8837,9.4715,9.7417,9.7456,9.9133,9.7815,9.7531,9.7783,9.6324,9.37,9.4731,10.064,9.7995,9.4897,9.2679,9.0441,8.9256,8.8771,8.7584,8.6644,8.6691,8.648,8.5629,8.529,8.4462,8.7371,8.9099,9.0406,9.3938,9.437,9.4924,9.4911,9.4566,9.6183,9.694,9.8783,10.111,10.153,10.226,10.029,10.064
24.63,10.562,12.614,14.392,15.7,14.002,14.183,14.459,16.198,15.991,16.764,17.944,17.944,15.824,15.624,12.012,9.3403,5.6242,10.309,11.953,11.173,10.222,10.309,10.48,11.449,8.6345,7.2991,9.3403,9.0017,13.85,13.49,10.954,11.645,12.814,14.183,13.85,13.49,11.953,12.012,12.405,10.954,11.449,11.381,7.9437,8.6345,4.4591,0.30939,6.33,9.0017,11.173,9.8518,10.562,8.3712,11.173,11.449,10.48,9.3403,10.222,9.3403,13.49,11.645,23.037,23.726,25.826,26.224,25.599,25.795,25.795,26.587,25.807,24.201,25.057,24.709,23.376,22.156,19.351,17.211,18.275,17.929,17.988,16.583,17.158,16.437,15.022,15.052,12.614,13.964,16.861,15.624,19.186,19.002,9.9869,9.4925,9.0678,8.7092,8.4584,8.3592,8.3682,8.4051,8.3188,8.3637,8.1466,8.0825,8.0202,7.8061,8.0017,8.2826,8.7852,9.2616,9.3403,9.4024,9.2871,9.0811,9.4632,9.5789,9.4936,9.9699,9.9438,10.036,9.9289,9.9869,8.1652,8.0252,7.7679,7.6285,7.3771,7.3656,7.3193,7.2374,7.1271,7.2321,7.0952,7.086,7.2154,7.0754,7.6329,8.0184,8.5283,8.7397,8.3897,8.4872,8.2552,8.258,8.6772,8.368,8.4142,8.2631,8.4512,8.6394,8.0976,8.1652,8.7583,8.5139,8.1838,7.9751,7.7275,7.5745,7.6005,7.4614,7.4328,7.3765,7.3361,7.2362,7.1896,7.161,7.4084,7.5107,7.7449,7.9254,8.0686,8.1891,8.198,8.1397,8.2794,8.3498,8.6144,8.8022,8.8711,8.887,8.6562,8.7583
24.65,8.9924,11.164,15.269,15.615,14.924,14.174,14.28,15.982,16.255,15.887,16.909,17.184,16.188,16.574,13.31,9.331,5.6149,9.331,11.944,10.47,11.44,11.44,9.4383,11.44,9.4383,8.6252,9.8425,8.9924,14.45,12.605,11.44,10.553,13.31,14.924,13.563,13.685,13.481,12.605,12.853,11.944,12.003,8.9924,10.553,6.3207,4.4498,0.30012,7.4601,8.8734,10.47,10.945,10.212,10.945,9.8425,12.449,8.6252,11.44,12.395,9.8425,13.481,13.481,22.92,23.151,26.064,26.639,25.651,25.817,25.93,26.441,25.589,24.062,24.725,24.753,23.535,22.209,19.374,17.477,18.023,17.29,17.46,16.754,17.608,16.754,15.815,14.646,12.605,12.853,16.852,15.042,19.994,18.535,9.9899,9.8616,9.2501,8.838,8.6172,8.4463,8.4745,8.5788,8.4613,8.3823,8.2595,8.0148,8.0885,8.0256,8.243,8.22,8.7258,9.3852,9.2872,9.2458,9.3647,9.3038,9.5095,9.5417,9.3252,9.5521,10.058,10.012,9.8497,9.9899,8.7162,8.4734,8.0822,7.7686,7.7089,7.4672,7.5089,7.3747,7.5184,7.3684,7.3072,7.3827,7.4698,7.1715,7.8264,8.2326,8.4969,8.8301,8.7727,8.7253,8.851,8.9766,8.805,8.9825,8.862,8.8813,8.8927,8.9597,8.5805,8.7162,8.956,8.7697,8.3648,8.1216,7.8703,7.7138,7.8131,7.6803,7.5571,7.4953,7.5026,7.3592,7.4323,7.3434,7.6027,7.6492,7.9363,8.118,8.1636,8.223,8.437,8.3917,8.3487,8.5618,8.7668,8.9067,9.0451,9.0277,8.8281,8.956
24.67,7.4255,11.129,14.611,15.78,14.415,14.139,14.643,16.456,17.375,17.114,17.426,17.15,15.947,15.555,13.188,8.9578,7.2552,7.2552,11.405,11.909,10.178,11.129,8.9578,10.265,7.2552,5.5803,10.265,9.8079,13.65,13.446,11.129,11.601,12.77,14.415,13.958,14.415,12.414,13.807,13.65,13.143,11.968,10.265,8.5906,9.4036,6.2861,3.2758,7.8998,8.9578,10.265,10.519,11.405,10.265,10.91,11.405,11.129,8.9578,11.405,10.265,13.446,12.307,22.937,23.709,25.309,26.174,25.542,26.271,25.531,26.796,26.374,24.614,25.086,24.838,22.77,22.361,19.34,18.327,17.87,17.653,18.435,17.167,17.573,16.968,14.245,14.889,12.77,12.414,16.393,16.329,18.899,19.175,10.518,10.054,9.4282,9.2341,8.7069,8.746,8.916,8.8914,8.8504,8.7369,8.6853,8.4756,8.5075,8.4236,8.6424,8.6316,9.0759,9.6853,9.7756,9.6922,9.9428,9.8575,9.7561,10.058,9.8825,10.093,10.6,10.604,10.397,10.518,8.6458,8.5484,8.2785,8.0662,7.7457,7.5628,7.7196,7.512,7.6183,7.4423,7.4436,7.499,7.3503,7.7497,7.851,8.2428,8.8352,8.8232,8.7367,8.7633,8.8943,8.7669,8.9201,8.9246,8.7065,8.7106,8.9548,8.8275,8.3783,8.6458,9.1984,9.0188,8.6396,8.3941,8.1144,7.954,8.004,7.9387,7.8302,7.712,7.7673,7.5882,7.6542,7.6391,7.9605,7.9407,8.1625,8.3572,8.3534,8.5439,8.6359,8.7211,8.6036,8.7666,9.142,9.2376,9.238,9.3288,9.0817,9.1984
24.69,7.452,11.995,13.947,15.005,14.442,14.442,14.271,16.356,17.385,17.535,17.535,17.727,15.343,15.581,12.596,8.9843,8.9843,9.3228,11.431,11.935,11.431,11.995,10.292,9.3228,8.617,8.9843,8.9843,10.462,13.345,13.17,12.333,11.935,13.555,13.947,13.677,14.669,12.387,13.215,12.845,11.627,11.876,12.44,8.9843,8.3537,3.3022,2.8447,7.452,8.9843,11.876,10.204,10.545,10.292,9.3228,10.545,9.4301,8.8653,10.462,9.8344,13.17,13.215,22.212,23.833,25.124,25.723,25.683,26.103,25.368,26.699,26.657,24.804,25.27,24.972,22.376,22.139,20.151,17.911,18.258,17.956,17.452,17.282,16.824,16.843,13.984,14.916,13.947,13.473,15.261,16.42,18.78,19.235,10.542,10.341,9.6271,9.219,9.0099,8.9834,9.1544,9.0662,8.9975,8.8726,8.8462,8.7065,8.6459,8.5464,8.6961,8.7696,9.3867,9.5168,9.9365,9.8606,9.9946,9.7854,9.9241,10.078,9.9859,10.228,10.514,10.709,10.443,10.542,8.942,8.7464,8.4332,8.3028,8.1836,7.8058,8.0097,7.7771,7.8662,7.8522,7.8645,7.5212,8.0195,7.952,8.0411,8.2721,9.0222,9.2124,9.1449,8.9123,9.1867,9.2324,9.3215,9.2742,9.2092,9.0872,9.0519,9.0855,8.7564,8.942,9.4612,9.2343,8.8693,8.6204,8.3389,8.1532,8.2876,8.1976,8.0626,7.9723,8.0488,7.89,7.8951,7.7887,8.13,8.2,8.5045,8.5979,8.6748,8.7536,8.9918,8.9749,8.8803,9.1841,9.398,9.3801,9.6381,9.5591,9.2468,9.4612
24.71,8.947,13.301,15.075,16.044,15.598,15.804,15.075,17.076,17.784,17.272,18.404,18.216,15.431,16.311,13.895,10.561,8.2412,11.5,12.221,12.794,11.619,12.065,10.561,11.056,8.6084,6.9058,9.0542,9.9161,15.022,14.294,11.619,12.97,12.42,13.097,14.066,13.895,13.179,14.968,14.773,12.42,12.926,9.4585,6.9058,10.169,4.9676,-0.083902,7.0761,10.78,12.065,10.561,11.5,9.9161,11.056,11.56,11.056,7.9779,12.065,11.957,13.097,12.97,23,24.066,25.762,26.281,26.142,26.874,25.991,27.149,27.528,25.491,25.798,25.344,22.493,22.861,20.829,18.608,18.99,18.489,19.169,16.906,18.085,17.159,15.598,16.044,12.794,14.54,17.159,16.906,19.592,19.41,10.688,10.357,9.7966,9.5377,9.1033,9.0645,9.1625,9.239,9.2011,9.0425,8.9846,8.8711,8.8805,8.6573,8.9701,9.0122,9.5036,9.8855,9.9456,9.9356,10.03,9.9261,10.259,10.239,10.181,10.33,10.704,10.798,10.498,10.688,9.1223,8.9689,8.6228,8.4333,8.2874,8.013,8.2522,8.0768,8.0765,7.8758,7.8836,7.9865,8.0893,7.734,8.5788,8.6816,9.5143,9.5835,9.1632,9.4355,9.6214,9.5444,9.4499,9.3235,9.4068,9.3122,9.204,9.1962,8.8529,9.1223,9.6696,9.4475,9.0025,8.8188,8.5249,8.3659,8.4784,8.3609,8.2777,8.1669,8.2548,8.1172,8.1245,8.0373,8.3041,8.4944,8.6814,8.8343,8.9795,9.0556,9.1975,9.1406,9.1845,9.2492,9.6164,9.7648,9.7978,9.865,9.5708,9.6696
24.73,10.23,10.621,14.601,15.292,14.946,13.956,14.059,15.932,16.168,15.659,17.844,17.154,15.865,15.54,12.125,9.115,6.9665,10.147,10.23,10.621,11.116,11.312,10.147,9.9768,8.3019,8.0386,8.6691,8.6691,13.24,12.987,10.147,9.8891,12.018,14.571,12.987,12.072,13.518,13.361,11.62,10.84,11.116,10.147,8.3019,6.9665,5.2916,2.9871,5.9974,8.0386,9.9768,9.115,9.0077,8.6691,9.115,10.23,10.621,11.116,11.049,11.116,13.956,12.281,22.53,22.606,25.251,26.086,25.292,25.253,25.327,26.585,25.733,24.284,24.879,24.625,22.886,22.256,19.23,16.967,17.596,17.641,17.998,15.997,17.365,16.372,14.69,14.631,12.281,12.53,15.997,16.041,19.104,18.276,10.855,10.608,10.117,9.8364,9.4821,9.4433,9.4781,9.4044,9.3855,9.3416,9.143,9.1336,9.0263,8.9267,8.9928,9.0691,9.7407,10.042,10.372,10.33,10.323,10.2,10.102,10.296,10.254,10.65,10.67,10.98,10.722,10.855,9.1646,9.1461,8.6084,8.7143,8.3564,8.2824,8.133,8.142,8.0612,8.2947,8.1125,7.9696,8.0967,8.1258,8.4503,8.943,9.3705,9.6183,9.2604,9.2971,9.2922,9.3748,9.4347,9.3864,9.2727,9.1954,9.2457,9.296,8.9937,9.1646,9.873,9.6654,9.3001,9.0476,8.8348,8.6909,8.6784,8.5322,8.4768,8.4588,8.406,8.3352,8.2652,8.2604,8.4913,8.6492,8.9145,9.1429,9.1839,9.2469,9.2555,9.2024,9.4607,9.456,9.7611,9.8078,9.9312,9.9745,9.8254,9.873
24.75,10.96,10.316,15.631,15.285,14.295,15.058,15.367,16.444,16.848,16.444,17.306,17.559,16.336,15.605,13.194,8.641,5.6307,7.9501,11.651,12.82,10.569,11.899,7.9501,10.96,7.3056,5.6307,7.9501,11.455,14.295,13.857,10.96,10.96,14.295,13.971,13.971,13.971,12.82,13.369,12.62,11.651,12.357,12.018,7.3056,8.641,6.3365,0.31587,7.3056,8.8892,12.018,9.8583,9.0082,10.316,10.569,11.455,8.3777,7.3056,12.018,10.316,13.326,12.82,22.869,23.313,25.823,26.347,25.605,25.519,25.654,26.304,25.445,24.239,24.861,24.69,23.243,22.696,19.043,17.559,17.476,18.039,18.551,16.981,17.624,17.409,15.631,15.631,12.62,14.295,16.77,15.998,19.691,18.841,11.211,10.848,10.362,9.9571,9.7263,9.5965,9.619,9.747,9.6916,9.4978,9.4045,9.2744,9.3351,9.2105,9.4531,9.5018,9.8672,10.663,10.699,10.592,10.416,10.57,10.826,10.701,10.84,11.102,11.137,11.127,11.089,11.211,9.504,9.2847,9.173,8.9193,8.7001,8.5296,8.4884,8.4207,8.4022,8.3755,8.2574,8.3611,8.3313,8.3814,9.0487,8.9957,9.7661,9.7131,9.6834,9.787,9.7487,9.719,9.8024,9.5955,9.9198,9.7249,9.6952,9.477,9.2821,9.504,10.082,9.8465,9.455,9.2507,9.0141,8.8055,8.8802,8.7601,8.6786,8.63,8.5847,8.5015,8.4785,8.4142,8.7676,8.8101,9.075,9.2424,9.386,9.4147,9.5032,9.4463,9.4783,9.6397,9.8904,10.091,10.131,10.196,9.8813,10.082
24.77,7.4923,12.837,14.956,15.074,14.482,13.596,14.312,16.198,16.727,16.46,17.967,17.442,15.491,15.19,12.637,7.322,8.3941,7.322,11.976,11.976,10.332,11.668,10.585,11.196,9.3632,7.4923,10.585,8.3941,14.312,14.024,10.977,12.035,13.21,12.837,13.386,13.255,12.637,12.885,12.035,10.977,11.668,10.332,7.9666,6.3529,2.3735,3.3426,6.3529,10.503,11.404,9.3632,9.4704,11.472,9.3632,13.873,9.3632,9.8747,12.837,10.332,14.956,13.596,22.773,23.281,25.598,26.178,25.69,25.9,25.758,26.54,25.728,24.238,24.735,24.841,23.174,22.224,18.733,17.996,16.864,17.83,17.937,16.997,17.425,15.647,15.647,15.19,12.637,13.21,16.396,16.353,19.951,18.2,9.734,9.5467,9.0201,8.7119,8.4037,8.175,8.4165,8.2773,8.2972,8.1609,8.0722,7.8763,7.8327,7.7503,7.8554,7.9993,8.4262,9.1368,9.137,8.9882,9.1303,9.1586,9.2041,9.1751,9.3708,9.4204,9.9083,9.9699,9.5734,9.734,8.2133,8.1778,7.6495,7.5658,7.4177,7.2422,7.1857,7.1555,7.3672,7.3317,7.192,7.1618,7.2672,6.9332,7.1217,8.0955,8.4638,8.8497,8.3771,8.5655,8.5014,8.4613,8.5254,8.5054,8.6185,8.3433,8.3049,8.3984,8.0401,8.2133,8.7309,8.5299,8.1747,7.9482,7.7119,7.5545,7.6099,7.4295,7.3942,7.3526,7.3358,7.1966,7.2405,7.1308,7.3666,7.6086,7.7658,7.9789,8.0124,8.1479,8.259,8.2082,8.2869,8.4811,8.5335,8.8499,8.899,8.8712,8.5924,8.7309
24.79,8.6957,11.706,15.24,15.24,15.446,15.24,14.182,16.166,17.619,16.945,17.996,17.959,15.512,16.442,12.821,9.5575,7.1918,9.5575,11.862,11.201,11.201,12.568,10.697,10.202,7.6193,8.1309,9.5575,10.421,13.537,12.11,12.11,12.942,13.212,13.707,12.568,14.182,12.48,13.537,13.431,12.48,12.436,10.697,9.7279,6.7176,5.5781,4.8723,8.2499,9.8106,10.697,10.697,9.1,11.201,11.653,10.202,12.062,10.893,11.599,10.697,12.738,12.568,22.942,23.575,25.589,26.284,25.784,26.436,25.632,27.022,27.035,24.782,25.351,24.956,22.413,22.709,19.835,18.523,18.082,17.411,18.759,17.523,16.945,17.792,15.24,15.121,12.738,11.862,16.459,16.241,19.47,19.119,9.9244,9.7227,9.2537,8.91,8.5886,8.5065,8.5445,8.5341,8.5215,8.4347,8.3107,8.2273,8.2495,8.0671,8.2818,8.2164,8.5615,9.3837,9.2471,9.4809,9.347,9.3621,9.4266,9.481,9.6842,9.4824,9.9242,9.955,9.8424,9.9244,8.3771,8.2847,7.9066,7.7806,7.6403,7.4345,7.253,7.452,7.4185,7.2445,7.3981,7.3763,7.4334,7.1688,7.9558,8.2579,8.6989,8.7762,8.5236,8.6496,8.5824,8.3548,8.5168,8.6327,8.5461,8.7533,8.5654,8.4982,8.3024,8.3771,9.0218,8.7722,8.4182,8.188,7.9523,7.8122,7.824,7.7578,7.6956,7.555,7.621,7.5723,7.5347,7.3956,7.7144,7.8418,8.0771,8.283,8.388,8.3734,8.518,8.4497,8.5194,8.5745,8.8417,8.959,9.2475,9.2254,8.8854,9.0218
24.81,9.3208,10.935,14.914,15.605,13.982,14.269,13.982,16.418,17.28,16.822,17.45,17.174,16.245,15.972,12.794,8.9822,8.9822,7.45,11.993,10.543,10.543,10.46,10.543,10.935,7.2796,5.3414,8.8632,8.615,14.164,13.168,11.874,10.29,13.831,14.884,13.212,12.438,12.843,13.831,12.385,12.794,10.935,11.429,7.2796,7.9242,2.8426,3.3002,7.45,10.543,10.29,10.202,11.429,8.615,10.202,10.935,9.8323,8.8632,10.935,11.429,13.168,12.594,22.843,23.769,25.558,26.564,25.558,25.787,25.797,26.418,26.053,24.789,25.032,24.826,22.843,22.265,19.417,18.013,17.598,17.12,18.042,17.598,16.685,16.899,15.972,15.605,12.438,12.594,16.481,16.481,19.695,17.924,10.19,9.9446,9.4122,9.0904,8.7835,8.6148,8.8058,8.8546,8.6996,8.6932,8.5245,8.3719,8.3476,8.2467,8.4624,8.3378,8.937,9.5039,9.6801,9.607,9.6496,9.5442,9.8337,9.7496,9.8264,9.782,10.381,10.44,10.099,10.19,8.7812,8.6767,8.2218,8.042,7.7956,7.6599,7.7665,7.7753,7.5954,7.5758,7.5075,7.5173,7.5372,7.5294,7.6879,8.5486,8.9633,9.0266,9.0585,8.8121,8.832,8.8598,8.8583,8.9925,8.8292,8.9046,9.0387,8.9309,8.5326,8.7812,9.2334,9.0001,8.608,8.4098,8.1246,7.9542,8.0372,7.9323,7.8045,7.7579,7.7487,7.6229,7.6198,7.5912,7.9147,7.987,8.2359,8.3845,8.4929,8.5555,8.678,8.5952,8.6427,8.8111,8.8987,9.113,9.2874,9.4363,9.1005,9.2334
24.83,11.05,11.494,15.473,17.153,15.497,15.225,15.776,16.594,16.613,16.794,17.02,18.21,17.07,15.776,12.788,8.4836,7.0703,8.6026,11.613,11.05,11.05,11.613,11.05,10.081,9.4527,7.0703,10.163,11.494,14.623,14.256,13.174,13.295,13.602,14.767,13.451,14.06,14.767,13.451,12.059,11.951,9.4527,12.059,10.081,8.9411,2.9205,-1.0589,5.225,10.081,12.414,10.982,10.081,10.163,9.9102,12.788,11.554,10.163,12.215,11.554,14.88,12.921,23.554,23.509,26.794,27.398,26.139,26.237,26.462,27.312,25.987,24.767,25.268,25.655,24.611,23.062,19.204,17.545,18.684,18.684,18.235,17.153,17.574,16.519,16.794,16.038,13.784,13.295,16.794,16.364,21.07,19.048,10.637,10.346,9.7154,9.4123,9.1129,8.8169,8.9843,9.112,8.9817,8.9218,8.7833,8.6791,8.6368,8.6031,8.5974,8.7979,9.2192,9.8702,10.034,9.8264,9.8017,9.989,9.8631,10.018,10.118,10.47,10.613,10.725,10.393,10.637,9.0875,8.8714,8.5481,8.3664,7.9588,7.9292,7.9741,7.9233,7.8712,7.8531,7.7657,7.7476,7.8264,7.7215,8.2776,8.512,9.3131,9.0363,9.1682,9.1658,9.1339,8.9856,9.4053,9.4013,9.1637,9.0827,9.2086,9.2613,8.9593,9.0875,9.4697,9.2156,8.8916,8.6265,8.3675,8.2282,8.2947,8.1496,8.0796,8.0965,7.9985,7.8862,7.8806,7.8607,8.0836,8.1877,8.4829,8.6495,8.7847,8.8228,8.9141,8.9842,8.9834,9.1011,9.3207,9.5,9.6581,9.6865,9.3711,9.4697
24.85,10.314,10.567,15.705,15.901,14.938,14.464,15.027,15.603,16.18,16.334,17.474,18.167,16.334,15.629,10.958,9.8563,6.3345,9.0062,10.567,11.177,10.314,11.453,11.177,10.314,8.639,6.3345,8.8872,9.8563,14.293,13.698,11.453,11.177,13.367,12.818,14.293,12.818,13.969,11.453,12.618,10.567,11.957,10.567,10.314,7.3036,4.4636,2.3551,7.3036,9.0062,8.639,11.453,11.386,9.8563,8.639,11.453,9.8563,10.567,11.649,10.484,13.367,12.016,23.324,23.363,25.908,26.655,25.644,25.191,25.629,26.373,25.291,24.237,24.923,24.994,23.503,22.273,19.041,16.923,16.979,17.948,18.293,16.588,17.948,16.588,15.828,15.901,12.818,14.188,17.304,16.334,19.856,18.6,10.776,10.346,9.8388,9.5862,9.2981,9.1044,9.2415,9.3145,9.2995,9.2625,8.9857,8.8684,8.947,8.7178,9.0227,8.9534,9.5863,9.9208,10.11,10.145,9.9418,10.197,10.474,10.27,10.504,10.57,10.74,10.909,10.615,10.776,9.1407,8.8889,8.4805,8.5889,8.3239,8.1528,8.0884,8.1509,7.9804,8.1174,8.0477,7.6813,8.1122,7.8941,8.517,8.8869,9.3123,9.4013,9.2631,9.3192,9.3673,9.471,9.4716,9.3742,9.6022,9.3407,9.3848,9.2143,9.0939,9.1407,9.6636,9.4205,9.0771,8.8345,8.6033,8.3936,8.4505,8.3288,8.21,8.278,8.1457,8.0265,8.0504,7.9403,8.2738,8.3408,8.6389,8.7457,8.8999,8.9059,9.0524,9.0326,9.0979,9.1623,9.4533,9.5558,9.7138,9.8206,9.4637,9.6636
24.87,10.294,11.938,14.444,15.809,14.444,14.168,14.918,16.249,15.857,15.976,17.914,17.196,16.568,16.689,13.348,8.6193,7.2839,8.356,11.63,9.8367,9.8367,11.434,8.356,10.547,7.2839,5.8573,9.8367,10.294,14.64,13.348,10.294,10.294,12.599,13.305,13.835,14.168,13.305,13.348,11.938,11.158,10.547,11.434,8.356,7.4543,5.609,3.3045,5.609,10.465,10.294,10.939,9.8367,8.9866,9.4324,10.939,8.9866,10.294,11.434,9.8367,14.168,11.938,22.914,23.446,26.142,26.746,25.713,25.571,25.609,26.801,25.725,24.182,24.672,24.716,23.671,22.026,19.325,17.682,17.929,16.748,17.537,16.183,16.183,16.826,16.315,16.183,12.599,13.558,16.826,15.881,19.837,18.868,10.912,10.484,10.106,9.6108,9.5695,9.4594,9.3476,9.3339,9.4406,9.2736,9.1268,9.1513,9.051,8.8941,9.1414,9.143,9.6816,10.181,10.283,10.216,10.214,10.267,10.248,10.383,10.746,10.602,10.922,10.958,10.711,10.912,9.3173,8.9711,8.832,8.7044,8.5667,8.2052,8.2335,7.987,8.1096,8.1734,8.3381,8.1218,8.4366,8.0349,8.5685,9.0728,9.7307,9.574,9.709,9.7433,9.6222,9.5745,9.646,9.7359,9.747,9.7078,9.6279,9.621,9.1856,9.3173,9.8465,9.5527,9.2601,9.0611,8.8789,8.7116,8.5669,8.4995,8.4839,8.407,8.4259,8.4065,8.2997,8.1447,8.5839,8.6796,8.888,9.0726,9.26,9.3846,9.2366,9.2628,9.3475,9.4247,9.6696,9.9009,9.9801,9.8336,9.7238,9.8465
24.89,8.9946,9.8447,14.648,15.617,14.452,14.282,13.843,16.43,16.191,16.576,16.967,17.966,16.576,15.617,11.442,8.6273,8.3641,8.3641,11.442,11.166,10.947,11.946,10.473,11.638,9.8447,8.3641,9.3332,10.473,13.687,12.607,12.005,11.374,11.886,14.14,11.442,13.356,11.442,13.18,13.687,10.473,10.947,10.473,8.6273,7.4623,7.292,0.30225,7.292,9.4404,10.215,10.302,9.3332,10.947,9.4404,11.638,8.9946,9.8447,10.302,9.4404,13.313,13.313,22.451,23.153,25.591,26.202,25.87,25.984,25.421,26.659,26.047,24.727,25.145,24.974,23.153,22.311,19.268,17.479,17.395,17.69,18.827,16.323,17.204,16.986,16.257,15.044,13.313,13.687,16.323,16.756,19.376,18.589,11.29,10.681,10.34,10.05,9.7263,9.5486,9.6729,9.6952,9.7802,9.5181,9.4981,9.3542,9.3803,9.3178,9.5386,9.5371,9.9553,10.619,10.621,10.465,10.657,10.556,10.596,10.916,10.87,11.212,11.411,11.165,11.137,11.29,9.5387,9.1848,8.996,8.8072,8.8847,8.5293,8.5071,8.4703,8.3573,8.2625,8.6761,8.2798,8.434,8.6876,9.0868,9.2198,9.6366,9.9807,9.9025,9.7138,9.8467,9.7167,9.8222,9.989,10.176,9.8301,10.105,9.6637,9.5856,9.5387,10.085,9.8059,9.4274,9.2398,9.0182,8.8213,8.8775,8.753,8.6939,8.5866,8.5981,8.5365,8.5363,8.3948,8.7588,8.8811,9.0992,9.2612,9.2842,9.466,9.4591,9.5022,9.4778,9.5369,9.8189,10.065,10.231,10.138,9.8993,10.085
24.91,9.4379,10.944,14.279,15.982,14.138,14.449,14.677,16.428,17.184,16.255,17.184,17.964,14.677,15.863,13.353,7.934,6.3204,9.8422,12.002,11.439,10.47,10.47,8.9921,10.47,8.6248,6.3204,8.9921,10.47,14.279,12.852,10.3,11.883,12.448,13.841,12.448,13.563,12.804,13.31,13.992,10.944,12.395,11.439,10.3,8.8731,0.29975,2.8525,7.4598,9.4379,11.943,8.9921,9.4379,9.8422,8.9921,12.002,9.4379,8.9921,11.943,10.944,13.684,12.604,22.896,23.31,25.785,26.063,26.017,25.887,26.093,26.394,25.939,24.449,25.051,24.799,23.083,22.209,20.013,17.289,17.656,17.409,18.599,16.364,16.428,16.573,15.405,14.279,12.448,14.174,16.166,16.428,19.176,18.265,9.9323,9.4287,9.0187,8.786,8.42,8.335,8.35,8.3662,8.2772,8.2298,8.0398,8.0985,7.967,7.7846,7.9967,8.0925,8.5854,9.1614,9.2505,9.3306,9.1943,9.3755,9.1984,9.3516,9.4852,9.9844,9.9317,10.085,9.8579,9.9323,8.167,8.0305,7.8628,7.5403,7.3061,7.1953,7.1973,7.1457,7.0647,6.9939,7.096,7.0839,7.3247,7.0463,7.0897,8.0604,8.7648,8.3997,8.3694,8.3525,8.35,8.4246,8.6331,8.3548,8.586,8.2531,8.5665,8.2664,8.0771,8.167,8.7402,8.5516,8.1506,7.9485,7.6582,7.5659,7.5841,7.478,7.4084,7.3463,7.3415,7.1984,7.2154,7.1356,7.4314,7.5708,7.7268,8.0609,8.1245,8.1467,8.1887,8.2159,8.2254,8.4203,8.584,8.8993,8.9785,8.8848,8.7117,8.7402
24.93,9.8405,12.446,14.922,15.155,14.644,14.448,14.922,15.689,17.475,17.458,17.541,17.182,14.892,16.319,12.339,8.9904,7.9323,8.6231,10.468,10.298,11.437,12.603,8.8714,11.942,7.2877,7.2877,8.8714,10.468,13.479,12.603,10.943,11.633,13.176,12.603,13.308,14.136,13.561,13.176,13.352,12.603,11.942,10.21,7.9323,7.9323,-0.67107,3.3083,7.2877,9.3289,12.001,7.4581,11.437,10.468,10.21,12.851,10.468,10.21,12.339,10.468,14.172,13.308,22.618,23.449,25.037,25.656,25.648,25.813,25.398,26.782,26.849,24.97,25.309,24.618,22.001,22.257,19.992,18.319,18.166,17.795,18.05,17.182,17.2,16.907,13.99,15.04,13.479,12.446,15.587,16.489,19.174,18.979,10.09,9.6809,9.3135,8.9292,8.7312,8.5119,8.6389,8.5348,8.589,8.5052,8.3881,8.2847,8.1774,7.9793,8.245,8.5338,8.5756,9.003,9.5428,9.2893,9.2156,9.46,9.3387,9.5673,9.5862,10.174,10.117,10.117,9.9187,10.09,8.4479,8.3217,7.9377,7.8245,7.6395,7.5196,7.5362,7.4144,7.4201,7.3348,7.355,7.5199,7.663,7.3769,7.52,8.3654,8.5673,8.7692,8.664,8.37,8.5719,8.6319,8.5675,8.7694,8.632,8.5677,8.6277,8.6322,8.4771,8.4479,9.021,8.7971,8.3983,8.2418,7.9983,7.7887,7.8086,7.7488,7.6586,7.5881,7.6126,7.5533,7.5356,7.4048,7.7404,7.8418,8.0111,8.3072,8.3633,8.3769,8.4981,8.4356,8.5138,8.6753,8.7957,9.0213,9.2708,9.2164,8.9048,9.021
24.95,10.219,10.219,14.708,15.854,13.62,13.62,14.048,15.986,16.36,16.42,16.42,16.631,15.986,15.553,11.609,7.1255,8.2905,8.9963,11.668,11.105,11.668,10.219,9.8777,11.668,7.5997,5.0169,8.9963,9.1036,13.945,13.229,10.61,10.61,13.945,14.343,13.658,12.114,12.47,14.115,13.146,10.829,10.219,10.61,10.136,7.5997,2.9757,2.9757,8.6578,8.2905,9.5079,9.9654,9.1036,9.5079,11.105,12.27,10.61,10.219,12.27,7.1255,14.115,11.668,22.693,23.184,25.633,26.472,25.374,25.148,25.572,26.338,25.396,24.055,24.352,24.634,23.019,21.697,19.05,17.208,17.463,17.075,17.585,16.156,16.955,16.796,15.553,14.678,12.976,12.518,16.814,15.48,19.459,17.986,10.449,10.039,9.404,9.0298,8.8104,8.6531,8.8519,8.8121,8.78,8.6499,8.5675,8.3484,8.4053,8.3129,8.5426,8.5901,8.8508,9.6732,9.6481,9.7559,9.615,9.5465,9.8719,9.8553,9.889,10.112,10.394,10.645,10.173,10.449,8.6208,8.3452,8.1772,7.899,7.7992,7.6348,7.7211,7.5094,7.5799,7.6168,7.5533,7.4043,7.3606,7.6874,8.1629,8.6971,8.7444,8.9034,8.8709,8.7995,8.8009,8.9028,8.849,8.7989,8.8759,8.7269,8.6773,8.7003,8.3761,8.6208,9.2202,8.9373,8.5478,8.3704,8.1042,7.9446,7.9739,7.8912,7.8052,7.7701,7.7392,7.6462,7.6194,7.5927,7.8179,7.9944,8.0972,8.3985,8.3879,8.4368,8.7124,8.6718,8.6362,8.6103,8.9869,9.207,9.2851,9.2683,9.0347,9.2202
24.97,7.9769,12.22,15.597,15.597,15.204,14.657,15.204,16.369,17.223,17.025,18.548,18.044,16.106,17.158,13.096,9.9151,7.9769,8.2402,12.01,13.178,11.559,12.22,9.9151,11.559,8.6074,7.9769,6.9048,9.9151,15.021,13.3,12.064,12.925,13.789,14.539,14.065,13.57,13.894,13.789,12.838,11.559,12.22,12.838,9.9151,5.9357,6.9048,2.9254,5.9357,9.0532,12.01,11.618,9.4575,10.168,12.22,10.56,11.956,10.085,12.22,11.956,14.293,12.064,23.433,24.138,26.125,26.987,26.381,26.443,26.524,27.403,26.461,24.848,25.502,25.604,23.359,22.82,20.384,18.15,18.15,17.783,18.946,17.668,17.303,17.638,16.189,16.189,12.925,14.657,17.594,16.31,20.193,19.409,10.481,10.089,9.6486,9.3341,9.005,9.0071,9.0547,8.9297,8.9705,8.8652,8.7181,8.638,8.6074,8.4228,8.6529,8.6778,9.2906,9.6585,9.7309,9.8367,9.7446,9.78,9.8261,10.012,10.101,10.094,10.565,10.392,10.362,10.481,8.858,8.6531,8.3657,8.0977,8.0691,7.9716,7.7943,7.7893,7.6438,7.7665,7.7383,7.7209,7.6266,7.5704,7.9398,8.8109,9.2182,9.3351,9.2097,9.1387,9.2011,9.0084,9.1274,9.2194,8.9001,8.9303,9.1102,8.9772,8.7681,8.858,9.3792,9.0819,8.7922,8.5837,8.3703,8.2291,8.1505,8.0616,7.9471,7.9442,7.9358,7.8679,7.7662,7.7475,8.0618,8.1473,8.3724,8.5525,8.721,8.8075,8.7516,8.7931,9.0065,9.0053,9.1954,9.4342,9.496,9.4403,9.2269,9.3792
24.99,8.2926,11.107,14.313,15.856,13.947,13.947,13.66,15.923,16.5,16.576,16.957,16.798,15.833,15.856,13.021,6.9572,5.5306,9.1057,10.221,11.611,10.612,9.9675,10.831,10.221,8.9984,8.2926,8.2926,7.1276,13.509,13.352,11.107,11.611,13.622,13.352,13.231,13.352,12.978,12.272,12.52,11.107,12.063,10.138,7.6018,8.5409,4.1173,-0.032452,5.9881,9.1057,9.9675,9.1057,9.51,11.107,10.138,12.009,12.52,9.1057,12.116,10.831,14.345,13.148,22.287,23.411,25.272,25.59,25.453,25.59,25.531,26.076,25.761,24.342,24.978,24.345,22.563,22.246,19.221,17.632,18.097,17.821,17.602,16.095,16.957,16.816,14.68,14.345,12.272,12.009,16.576,16.095,19.373,18.137,10.589,10.304,9.7709,9.4846,9.0821,9.0599,9.1621,9.2667,9.1732,8.9997,8.8829,8.7996,8.6322,8.578,8.7324,8.8099,9.2893,9.7999,10.025,10.009,9.8232,9.8977,9.9662,9.9897,10.011,10.414,10.545,10.823,10.395,10.589,9.1463,8.8347,8.5696,8.464,8.2581,8.0259,8.2402,8.098,8.1239,7.9604,8.0076,7.9859,7.95,8.1359,8.1142,8.805,9.3713,9.5053,9.255,9.2885,9.4225,9.4008,9.5035,9.5508,9.3317,9.3238,9.3261,9.087,9.1261,9.1463,9.6075,9.3912,9.0165,8.793,8.5177,8.359,8.4267,8.2983,8.2219,8.1059,8.1416,8.0121,8.0096,8.0146,8.2957,8.403,8.5571,8.7685,8.8808,8.958,8.9935,9.0982,9.0463,9.1008,9.3093,9.4791,9.7164,9.7198,9.4413,9.6075
25.01,9.0083,11.455,14.662,14.94,14.466,14.19,15.058,15.998,15.879,15.605,17.306,17.306,15.998,16.182,12.869,7.9503,5.879,8.3778,10.961,10.569,9.8584,11.388,10.486,11.455,7.476,6.3366,9.4541,10.228,15.421,13.497,10.486,10.316,12.62,13.369,11.9,13.369,13.326,12.357,12.411,12.62,10.316,9.3469,10.316,7.3057,7.476,3.3263,5.6308,10.316,11.455,9.8584,10.961,10.569,11.96,12.019,10.316,10.316,13.369,11.455,13.971,11.651,22.47,23.505,26.079,26.444,25.467,25.83,25.519,26.735,25.684,24.509,24.719,24.985,23.243,22.319,19.454,17.218,17.559,17.559,17.95,17.306,17.018,16.77,15.367,15.707,12.019,12.62,16.337,15.605,19.721,17.995,10.771,10.522,10.1,9.7901,9.4347,9.3205,9.4379,9.4138,9.2892,9.2143,9.1352,9.1292,8.8626,8.7559,9.1871,9.1223,9.3549,9.9924,10.249,10.204,10.012,10.186,10.236,10.409,10.33,10.702,10.907,10.869,10.721,10.771,9.4084,9.1515,8.8849,8.7064,8.4054,8.3036,8.1444,8.2648,8.3851,8.2605,8.1242,8.2446,8.3649,8.1635,8.9449,9.0097,9.6705,9.7141,9.637,9.633,9.5147,9.4155,9.919,9.9113,9.7331,9.6736,9.5719,9.537,9.4499,9.4084,9.8011,9.6056,9.2341,9.0274,8.8011,8.6054,8.6071,8.4529,8.418,8.3855,8.361,8.2816,8.1653,8.168,8.464,8.5135,8.8174,9.029,9.0943,9.1298,9.1929,9.2347,9.3057,9.4136,9.5283,9.8686,9.8841,9.9297,9.6274,9.8011
25.03,9.447,10.309,14.655,15.872,14.288,14.288,14.391,15.624,16.974,16.704,17.665,17.617,15.624,15.991,12.613,9.3397,7.4689,7.4689,10.479,10.479,11.381,10.309,10.953,10.221,7.9431,6.3294,9.8512,9.0011,13.85,13.187,11.644,11.448,11.952,13.964,12.011,12.613,13.85,13.187,13.489,11.172,11.952,11.644,8.6339,9.8512,3.3191,3.3191,5.6236,9.0011,9.447,9.3397,10.309,10.309,8.6339,12.404,8.6339,9.3397,11.381,11.952,14.686,12.404,22.784,23.506,26.005,26.264,25.794,25.575,25.915,26.314,25.544,24.635,25.278,25.025,23.092,22.268,19.083,16.5,18.275,18.371,17.943,16.437,17.157,16.437,15.022,14.655,12.813,13.964,15.598,14.963,19.842,18.942,9.7032,9.2234,8.8931,8.4471,8.078,7.9926,8.229,8.0785,8.1549,8.0411,7.8603,7.7483,7.7275,7.5801,7.9049,8.0761,8.5099,8.6732,8.8408,9.0041,8.9742,8.747,8.9246,9.0778,9.2554,9.0869,9.6451,9.9047,9.4457,9.7032,8.1145,7.8463,7.6493,7.406,7.3319,6.9889,6.9847,7.0469,6.9272,6.9258,6.9044,6.7966,6.9971,6.9263,7.2804,7.7763,8.1955,8.2813,8.2676,8.1893,8.2215,8.074,8.3249,8.2804,8.236,8.0233,8.1975,8.3346,7.9673,8.1145,8.5415,8.3209,8.014,7.7434,7.511,7.3502,7.3887,7.2787,7.1336,7.1886,7.1222,7.0188,7.0037,6.9183,7.178,7.3005,7.566,7.7872,7.8852,7.897,8.047,7.9756,8.1023,8.2299,8.2611,8.5859,8.7084,8.7847,8.4801,8.5415
25.05,7.4422,11.422,13.974,15.597,13.974,14.995,13.823,15.139,17.442,17.638,17.442,16.556,15.571,16.556,14.262,9.4203,7.9165,9.4203,11.354,11.866,11.422,11.422,9.8246,8.9745,9.4203,7.9165,7.4422,8.344,13.463,13.546,9.4203,12.835,11.866,13.336,12.587,13.463,11.985,12.835,13.667,11.866,12.587,9.8246,7.9165,7.9165,4.4319,5.597,5.8452,8.6073,10.927,9.8246,7.4422,8.6073,9.8246,10.194,9.4203,9.3131,11.422,12.323,12.835,13.823,22.431,23.8,25.433,25.78,25.401,26.164,25.558,26.425,26.736,25.296,25.43,24.769,21.973,22.241,19.901,18.035,17.961,18.411,18.77,17.916,17.166,17.272,14.995,15.441,12.323,12.377,15.251,15.845,19.181,19.247,11.5,10.925,10.492,10.107,9.8753,9.7965,9.9171,9.9843,9.8945,9.7621,9.6723,9.5732,9.5744,9.3509,9.5671,9.7465,9.9052,10.874,10.873,10.762,10.775,10.806,10.892,10.938,10.881,11.261,11.358,11.444,11.53,11.5,9.6656,9.6932,9.188,9.1042,8.8978,8.835,8.6193,8.5924,8.5811,8.6891,8.7243,8.6439,8.5192,8.3601,8.7546,9.6995,9.761,10.118,9.7746,9.6743,9.6152,9.8741,9.9093,10.048,9.7534,10.002,9.7634,9.7773,9.5939,9.6656,10.233,10.008,9.6179,9.4267,9.198,9.0283,9.0212,8.9006,8.85,8.8031,8.7673,8.7224,8.677,8.569,8.8693,9.0015,9.3202,9.4598,9.5273,9.6391,9.6136,9.6697,9.7933,9.8941,10.072,10.219,10.33,10.333,10.061,10.233
25.07,9.432,10.294,13.835,15.976,14.948,13.474,14.444,16.249,16.422,16.689,17.124,17.602,14.888,16.314,11.937,7.4539,5.3453,8.8671,11.996,10.547,10.938,10.938,9.3247,9.8362,8.3556,4.4436,7.2835,9.3247,13.474,13.678,10.938,10.938,13.678,14.273,11.996,13.347,11.157,13.474,12.598,11.157,11.629,10.294,9.432,9.3247,3.3041,2.335,5.6086,8.9861,11.877,8.9861,11.157,9.8362,11.433,11.937,10.464,7.2835,11.937,10.938,15.007,11.996,23.149,23.221,25.632,26.76,25.609,25.772,25.722,26.578,25.781,24.143,24.948,25.125,23.382,22.297,19.588,17.928,17.913,16.996,17.928,17.284,16.959,16.902,15.976,15.263,12.847,13.304,17.196,16.422,19.588,18.695,9.8569,9.6854,9.2741,8.8394,8.5763,8.5349,8.4051,8.398,8.4769,8.415,8.2431,8.1712,8.0981,7.8953,8.0513,8.4725,8.8577,9.4403,9.4027,9.313,9.2125,9.034,9.5335,9.3307,9.5916,9.9768,9.9714,10.232,9.7632,9.8569,8.4659,8.179,7.8274,7.8789,7.6311,7.6333,7.3618,7.2059,7.3127,7.3595,7.2512,7.3872,7.3772,7.3257,7.2051,8.835,8.8175,8.9302,8.8328,8.7354,8.3983,8.5087,8.6923,8.732,8.6308,8.5656,8.7297,8.4454,8.3982,8.4659,8.9693,8.6281,8.4392,8.1932,8.0481,7.8712,7.6897,7.6015,7.5978,7.5543,7.5047,7.5343,7.4495,7.3101,7.5476,7.7732,7.9238,8.1606,8.4337,8.4162,8.3851,8.3769,8.4099,8.4966,8.8482,9.0558,9.1214,8.9759,8.8278,8.9693
25.09,7.9727,12.921,15.2,16.443,15.226,15.593,15.2,16.613,17.877,16.462,18.312,17.764,17.299,16.595,13.092,8.236,8.236,9.049,12.464,12.464,12.215,12.215,10.164,9.049,9.8232,7.5452,10.081,12.215,14.565,15.07,11.05,11.614,13.092,14.653,12.789,13.89,13.452,13.785,12.415,10.081,12.059,11.614,9.4533,8.6032,6.9006,2.4636,5.9315,8.236,12.059,8.9418,7.9727,11.246,10.555,12.415,11.05,10.555,13.603,12.059,13.993,12.215,23.596,24.42,26.462,27.154,26.284,26.52,26.4,27.267,26.621,24.505,25.381,25.674,23.39,22.326,20.317,18.399,19.038,18.146,18.544,16.576,17.545,18.04,16.306,15.932,13.295,14.061,17.071,16.462,20.031,18.909,10.23,10.044,9.4676,9.0289,8.778,8.6721,8.7245,8.732,8.7036,8.6244,8.5247,8.4174,8.3493,8.3664,8.6118,8.4736,9.0733,9.5386,9.5639,9.52,9.7328,9.6889,9.7916,9.7735,9.6984,9.9175,10.31,10.145,10.099,10.23,8.6097,8.4035,8.1887,7.919,7.9156,7.5721,7.7222,7.6324,7.5216,7.6358,7.4755,7.5043,7.5558,7.4654,8.169,8.7074,8.7821,8.7538,8.8624,8.9684,9.0432,9.0412,8.9297,8.8608,8.965,8.9741,8.9346,8.9957,8.638,8.6097,9.1851,8.93,8.5977,8.3789,8.1193,7.9478,8.0098,7.8415,7.7935,7.7562,7.7618,7.6218,7.6445,7.5436,7.8863,7.9936,8.2461,8.4755,8.4358,8.5617,8.6416,8.6558,8.7104,8.9019,9.012,9.1859,9.3387,9.2965,9.0587,9.1851
25.111,10.305,11.888,15.594,16.325,14.929,14.179,13.96,15.619,16.325,16.325,16.26,17.153,16.913,15.868,12.007,8.997,5.6195,8.878,10.475,10.558,11.444,10.475,10.558,10.558,10.305,7.4647,9.3356,9.4428,14.143,13.568,11.168,10.949,13.997,14.284,11.444,12.857,13.96,13.846,11.64,11.64,10.475,11.64,10.475,7.939,3.315,3.315,7.4647,10.558,11.168,9.3356,9.4428,9.4428,8.878,12.346,8.6298,10.217,12.809,10.949,13.96,12.609,22.976,23.315,26.266,26.949,25.581,25.73,25.469,26.312,25.581,24.114,24.404,25.26,23.568,21.996,19.078,16.837,17.189,17.294,18.158,16.496,17.693,16.325,16.171,15.274,12.453,12.609,16.837,16.433,19.769,18.63,10.289,10.254,9.6824,9.2567,8.879,8.8514,8.9887,8.9735,8.8733,8.8382,8.59,8.4843,8.4398,8.4521,8.5736,8.7269,8.9252,9.7786,9.799,9.7029,9.5138,9.6586,9.9573,10.009,10.11,10.131,10.22,10.476,10.188,10.289,8.7953,8.8716,8.4261,8.1706,8.019,7.8365,7.6817,7.7577,7.8312,7.8887,7.6983,7.9027,7.6172,7.5623,8.051,8.5984,9.0215,9.0932,9.0429,9.2173,8.7683,9.0944,8.9671,9.0508,9.0315,9.0386,9.0274,8.9675,8.7295,8.7953,9.3633,9.1475,8.8364,8.5744,8.3249,8.1952,8.1837,8.0369,7.9489,7.9725,7.9378,7.8097,7.8175,7.7411,7.9778,8.0967,8.4191,8.601,8.603,8.801,8.8097,8.7861,8.9548,8.9663,9.1325,9.3581,9.4881,9.5481,9.2282,9.3633
25.13,10.975,12.913,16.031,17.582,15.008,13.777,15.466,16.568,16.605,16.787,17.063,18.032,17.522,15.967,13.882,8.5952,7.0629,10.073,11.605,12.051,12.913,10.547,12.051,12.207,8.9338,7.0629,9.4453,11.042,15.192,13.444,11.944,10.156,14.053,14.616,13.287,13.084,14.053,15.062,12.051,10.547,11.238,12.207,9.4453,10.156,6.8926,-1.0662,7.0629,9.4453,11.944,11.238,9.9029,9.9029,11.042,13.444,10.156,11.042,11.605,9.8151,13.985,12.456,23.777,23.68,26.997,27.707,26.284,25.811,26.322,27.292,25.466,24.825,25.526,25.659,24.76,22.475,18.901,18.228,17.77,17.655,18.801,17.537,17.655,17.291,15.967,15.923,12.956,14.645,18.032,17.013,20.816,19.041,10.66,10.358,9.9076,9.5115,9.2342,9.1647,9.2356,9.1585,9.1814,9.1279,8.934,8.7008,8.738,8.4781,8.8812,8.8776,9.4706,9.7052,9.9678,9.8621,9.9545,10.057,10.167,10.041,10.279,10.385,10.744,10.781,10.492,10.66,9.2491,8.989,8.6184,8.4425,8.5546,8.0414,8.1465,8.0854,8.0901,8.1433,7.7911,7.8962,8.2199,7.9598,8.2503,8.819,9.5851,9.4928,9.4181,9.2782,9.3065,9.2317,9.5342,9.3753,9.5035,9.2748,9.4122,9.3606,9.144,9.2491,9.6223,9.4192,9.0861,8.7845,8.5531,8.3979,8.3901,8.2353,8.165,8.2532,8.1597,7.9911,8.0098,7.9459,8.276,8.2891,8.6904,8.894,8.8706,8.9897,9.0315,8.9897,9.1106,9.1362,9.4641,9.5225,9.7198,9.7637,9.3998,9.6223
25.151,9.0915,12.048,15.516,15.819,13.827,14.036,14.299,16.227,16.485,15.974,17.588,15.974,15.059,15.268,12.258,9.0915,5.9739,8.2784,12.102,9.0915,11.025,11.093,10.598,8.6457,5.5164,7.5876,7.1134,9.9533,13.933,13.338,10.598,11.093,13.007,13.217,14.103,13.217,12.258,13.007,13.494,12.258,8.6457,9.0915,10.206,6.943,6.943,-0.046657,6.943,7.5876,10.598,10.124,9.8656,9.4958,10.124,9.9533,9.0915,9.9533,12.506,11.093,13.338,10.817,22.413,23.142,25.379,26.231,25.47,25.576,25.635,26.476,25.95,23.877,24.864,24.49,22.394,21.777,18.863,17.063,16.619,17.558,17.933,16.784,16.943,16.227,16.227,14.696,13.608,13.007,16.619,15.635,19.155,17.974,10.785,10.526,10.055,9.7004,9.3851,9.1458,9.5376,9.3556,9.3434,9.1948,9.1049,8.8975,8.8908,8.8189,9.1603,9.1196,9.5453,10.259,10.245,10.096,10.058,10.176,10.166,10.232,10.249,10.481,10.934,11.232,10.62,10.785,9.3873,9.0429,8.6705,8.6433,8.4254,8.2316,8.4561,8.2274,8.1878,8.1341,8.3298,8.1785,8.3616,8.0194,8.599,8.7149,9.4743,9.7909,9.5851,9.5867,9.5783,9.6942,9.7547,9.8881,9.4298,9.4765,9.5924,9.4421,9.211,9.3873,9.8626,9.5949,9.1824,9.0018,8.7279,8.5044,8.7066,8.5436,8.4219,8.3538,8.3775,8.2465,8.2462,8.2235,8.5797,8.5698,8.8116,9.0153,9.1002,9.1378,9.3771,9.2744,9.3021,9.5539,9.5586,9.862,9.9417,9.9888,9.7469,9.8626
25.171,11.154,10.935,14.27,15.26,14.668,13.169,14.165,15.973,16.842,16.823,17.534,17.599,15.973,15.033,12.795,8.9831,7.4508,8.9831,11.874,11.43,11.874,11.934,10.544,10.291,7.4508,6.3114,10.461,10.544,14.44,13.169,11.363,11.993,13.344,13.983,13.301,13.301,13.301,13.301,12.843,12.595,11.154,8.9831,10.544,8.6158,5.6055,2.332,2.8435,9.3217,11.934,10.291,10.291,9.3217,9.3217,11.993,10.935,8.6158,10.935,10.291,12.795,12.439,22.595,22.962,25.621,26.331,25.649,26.25,25.766,26.431,25.961,24.39,25.03,24.971,23.16,22.57,19.9,18.158,16.975,18.144,18.42,16.745,17.4,17.451,15.033,15.58,12.843,13.301,16.419,15.148,19.429,18.42,11.224,10.784,10.098,9.8657,9.6771,9.5328,9.6834,9.4916,9.5889,9.5384,9.4559,9.2744,9.3173,9.0676,9.3257,9.5917,10.284,10.58,10.62,10.618,10.368,10.601,10.623,10.776,10.847,10.846,11.381,11.336,11.056,11.224,9.5729,9.2144,9.0865,8.7954,8.7994,8.4641,8.4126,8.3611,8.3475,8.3991,8.3337,8.3961,8.5447,8.3846,8.6812,9.8136,9.6202,9.8905,9.5922,9.6835,9.632,9.7604,9.7089,9.6721,10.049,9.6954,9.662,9.7072,9.4289,9.5729,10.033,9.7656,9.433,9.2558,9.0332,8.8307,8.8026,8.6771,8.6379,8.623,8.5958,8.5175,8.4604,8.3413,8.6817,8.927,9.0457,9.3226,9.3497,9.4535,9.3755,9.3914,9.5479,9.5347,9.8104,10.086,10.189,10.109,9.9547,10.033
25.191,7.2635,11.137,13.929,14.651,13.537,15.325,13.454,15.956,17.263,16.669,17.434,17.953,15.861,16.229,14.253,9.4119,7.2635,9.4119,10.274,11.976,10.444,11.346,8.5989,9.8162,7.2635,4.4235,7.2635,10.918,13.929,13.815,9.8162,11.413,11.976,13.537,12.827,12.778,12.422,14.253,13.966,12.422,11.976,10.444,8.8471,8.5989,7.2635,0.2738,8.5989,9.8162,9.3047,9.8162,9.8162,11.413,8.5989,11.976,10.186,8.5989,10.444,10.186,14.356,13.152,22.183,23.917,25.379,25.672,25.433,26.135,25.563,26.6,26.993,24.801,25.456,24.942,21.486,22.749,19.412,18.509,18.599,18.336,17.997,17.63,17.263,16.728,14.651,15.589,10.918,13.284,16.14,16.825,19.217,19.001,9.7645,9.4595,8.9553,8.6848,8.3999,8.229,8.2809,8.4205,8.3713,8.1267,8.14,8.0748,8.0301,7.6918,7.8705,8.2305,8.8327,9.1512,9.1894,8.9983,9.2068,9.1898,9.2204,9.2247,9.3321,9.3151,9.8307,9.8793,9.6649,9.7645,8.362,7.8905,7.6571,7.7249,7.4073,7.2281,7.2914,7.2283,7.2204,7.033,7.0347,7.1834,7.1066,7.0774,7.2018,8.1767,8.6112,8.5557,8.2815,8.6509,8.5186,8.4419,8.537,8.6382,8.5292,8.5,8.5689,8.4921,8.2179,8.362,8.7658,8.5026,8.131,7.9607,7.7032,7.5264,7.5909,7.464,7.36,7.3087,7.3487,7.3038,7.2379,7.1567,7.5094,7.6164,7.7488,8.02,8.0494,8.1903,8.1398,8.1447,8.2719,8.3626,8.5506,8.8282,8.9452,8.8668,8.6641,8.7658
25.211,11.237,11.545,15.584,15.922,15.584,14.525,15.216,16.803,17.257,17.867,18.487,18.227,16.175,15.767,12.206,10.155,8.4748,9.9015,12.78,12.206,11.041,10.765,9.4439,11.041,6.8912,6.8912,9.8138,11.237,14.247,13.775,12.206,9.8138,14.525,13.775,13.984,13.775,14.759,13.594,12.955,12.78,11.943,11.041,10.155,6.8912,5.2163,-0.098508,7.5358,9.9015,9.9015,10.155,11.041,12.206,11.041,11.237,11.604,10.155,12.206,12.206,14.525,12.206,23.361,24.326,26.292,26.893,26.169,26.24,26.144,27.116,26.723,25.524,25.598,25.81,23.526,22.955,20.155,18.39,19.155,18.201,18.943,17.755,18.582,17.257,16.175,16.356,12.406,13.286,17.062,17.144,19.796,19.04,10.069,9.6922,9.2951,8.8017,8.5921,8.4707,8.5776,8.6277,8.5095,8.5196,8.3647,8.2466,8.2532,8.0373,8.2937,8.4539,8.7661,9.4985,9.5289,9.6754,9.4329,9.4531,9.6311,9.6336,9.705,10.012,9.9587,10.304,10.109,10.069,8.4923,8.3031,7.9784,7.8619,7.5053,7.33,7.5138,7.2955,7.3266,7.3282,7.1587,7.3389,7.4557,7.3262,7.4471,8.1853,8.6216,8.9024,8.4946,8.507,8.6238,8.4054,8.7354,8.4908,8.6349,8.4822,8.5047,8.5342,8.2746,8.4923,8.9588,8.7463,8.3822,8.1457,7.9154,7.7425,7.7855,7.6771,7.588,7.5893,7.4964,7.4164,7.3884,7.354,7.6174,7.75,7.9678,8.0675,8.2558,8.3224,8.3677,8.4669,8.4725,8.542,8.7965,9.0583,9.1714,9.0828,8.8735,8.9588
25.231,9.0279,11.931,15.404,16.738,14.603,15.477,15.205,16.792,17.325,16.498,17.524,18.019,16.422,16.018,13.07,11.473,6.8795,9.0279,11.533,11.931,11.029,11.985,9.0279,11.533,8.5821,6.8795,9.0279,8.9207,13.582,14.267,12.943,13.431,13.728,13.972,13.728,14.514,11.931,13.07,14.04,11.533,13.545,11.592,7.0498,8.9207,4.0395,4.0395,7.5241,11.029,12.038,10.534,10.534,9.8898,12.194,12.443,11.225,9.8898,12.768,11.533,13.582,13.728,23.07,24.591,26.344,26.824,26.373,26.633,26.2,27.254,26.957,25.179,25.742,25.477,23.369,22.973,19.603,18.328,18.582,18.378,19.184,17.743,17.554,17.911,15.91,16.498,12.394,14.04,16.018,17.387,20.068,19.384,10.373,9.8416,9.5683,9.1632,8.8197,8.7539,8.7049,8.7716,8.8428,8.746,8.6171,8.4664,8.4854,8.3763,8.5748,8.5939,9.0591,9.6974,9.9884,9.7731,9.7921,9.8801,9.8124,9.8822,9.9653,9.8102,10.449,10.703,10.4,10.373,8.6317,8.4176,8.237,7.9898,7.7427,7.5542,7.7119,7.5891,7.6637,7.6509,7.4499,7.7483,7.5334,7.5525,7.8244,8.3627,9.1084,8.9754,9.1052,9.1278,8.905,8.8965,8.868,8.8658,8.8372,8.835,9.0061,8.7673,8.6815,8.6317,9.1888,8.9324,8.6002,8.4217,8.1784,7.9968,7.9845,7.8593,7.8097,7.7383,7.7851,7.696,7.5721,7.5463,7.825,8.0506,8.1657,8.4252,8.5192,8.6106,8.5634,8.5601,8.5787,8.8469,8.9635,9.155,9.2477,9.2764,9.054,9.1888
25.251,9.8349,11.365,14.442,15.582,14.67,13.947,15.607,16.247,16.356,16.995,17.453,17.123,15.582,16.42,13.346,8.6176,8.6176,8.6176,11.936,12.441,10.463,11.365,10.546,10.463,7.4525,6.3131,9.4306,8.9848,13.985,12.334,11.936,10.546,13.17,12.845,12.797,14.442,12.597,13.346,13.947,11.995,12.388,11.432,8.3543,8.9848,5.6073,-0.67663,7.4525,9.4306,10.292,9.3234,8.3543,11.365,10.292,11.995,8.9848,9.8349,12.334,10.546,13.556,12.441,23.237,23.864,25.868,26.298,25.78,25.721,25.741,26.376,25.807,24.375,24.973,24.94,22.964,22.571,18.926,17.453,17.971,17.648,18.016,16.687,16.42,16.313,15.582,14.131,12.334,12.597,16.747,15.807,20.336,18.462,10.533,10.044,9.7523,9.3145,9.1053,8.994,8.9884,8.9684,8.972,8.9023,8.8038,8.6308,8.5934,8.4678,8.5537,8.731,9.349,9.967,9.9134,10.062,9.8079,9.8379,10.178,10.091,10.318,10.275,10.682,10.569,10.434,10.533,8.7929,8.706,8.382,8.1922,8.052,7.7773,7.8852,7.6729,7.7429,7.7231,7.653,7.6841,7.9681,7.5677,8.0381,8.8333,9.1861,9.259,9.055,9.1416,9.2281,8.993,9.4013,9.1428,9.2379,9.1594,9.0661,8.8743,8.6391,8.7929,9.3518,9.1641,8.8222,8.6427,8.3959,8.264,8.143,8.0428,8.0062,8.0039,7.9657,7.8674,7.8034,7.7309,8.0025,8.2555,8.4097,8.6039,8.7849,8.8846,8.7359,8.7178,8.8835,9.045,9.1376,9.449,9.4861,9.4726,9.2482,9.3518
25.271,9.8427,11.636,14.28,14.954,13.685,14.954,13.992,16.255,17.608,16.909,18.023,17.29,15.352,15.982,14.174,9.8427,7.29,8.3621,11.44,9.8427,11.44,11.44,8.3621,10.553,9.3312,7.29,7.9346,8.9926,12.605,13.481,11.944,10.553,11.944,11.636,12.804,13.685,12.605,12.449,13.564,12.341,11.44,12.341,8.3621,7.9346,6.3209,-6.6894,9.4384,9.4384,10.213,9.8427,9.3312,11.44,7.9346,11.44,8.9926,10.3,10.553,10.945,12.853,12.853,21.944,23.744,24.598,25.566,25.597,26.064,25.569,26.584,26.846,25.109,25.691,24.954,21.835,22.259,19.843,18.739,18.898,18.6,18.321,16.428,17.477,17.608,14.28,15.157,12.804,12.804,15.013,16.695,18.739,18.739,10.679,10.444,9.7191,9.4561,9.2305,9.1396,9.2107,9.1786,9.2214,9.066,8.9404,8.9388,8.9225,8.5991,8.8371,9.0913,9.2549,10.024,9.9901,10.029,10.068,10.052,10.018,10.138,10.166,10.471,10.551,10.963,10.563,10.679,8.9603,8.8883,8.5197,8.4811,8.279,7.9941,7.9885,7.9556,7.903,7.8681,8.0939,8.071,8.3144,7.7136,8.1956,9.2243,9.1147,9.4585,9.3489,9.4504,9.2301,9.3491,9.6581,9.1573,9.4329,9.3778,9.4358,9.3177,9.0387,8.9603,9.6309,9.4042,8.98,8.8817,8.5594,8.425,8.4702,8.3244,8.3041,8.151,8.2427,8.1639,8.2168,7.9566,8.3535,8.4135,8.6644,8.9009,8.9611,9.0807,9.0636,9.1034,9.2021,9.3517,9.6125,9.7334,9.9144,9.8298,9.5983,9.6309
25.291,9.9076,12.212,15.928,15.495,15.298,15.59,13.782,16.302,17.761,17.572,17.969,17.572,16.099,16.181,14.057,7.5419,7.5419,8.9385,12.786,11.949,10.552,12.918,10.161,11.243,8.2327,7.0677,8.9385,10.078,13.782,13.6,12.003,12.212,14.532,12.918,13.782,15.066,13.292,13.171,12.83,12.056,12.412,11.047,11.047,8.2327,5.2224,4.0574,8.2327,6.8973,12.212,10.161,8.9385,10.771,10.98,12.46,10.771,9.9076,11.047,10.161,14.253,14.253,23.097,24.453,26.181,26.707,25.982,26.707,26.099,27.454,27.318,25.056,25.514,25.538,23.316,23.076,20.226,18.906,18.588,17.527,18.505,18.207,17.775,18.037,16.099,15.222,13.088,14.621,15.971,17.572,19.555,19.283,10.961,10.6,10.033,9.6966,9.4543,9.3081,9.4132,9.4717,9.4505,9.3225,9.2173,9.038,9.0572,8.8341,9.0945,9.2084,9.8516,10.436,10.339,10.293,10.068,10.189,10.467,10.587,10.445,10.745,10.869,10.851,10.815,10.961,9.2565,9.1251,8.757,8.49,8.5143,8.3261,8.2987,8.0773,8.3762,8.0574,8.1866,8.2707,8.4531,7.8756,8.1573,9.0775,9.6071,9.6439,9.5125,9.5058,9.4829,9.5058,9.3882,9.6437,9.6665,9.6909,9.607,9.4109,9.1693,9.2565,9.8444,9.5876,9.2033,9.0311,8.7578,8.6291,8.6219,8.5352,8.4941,8.3891,8.4366,8.3242,8.2837,8.1836,8.4479,8.5967,8.8122,8.9905,9.1375,9.2787,9.2233,9.2117,9.2636,9.4319,9.6469,9.8687,9.9325,9.9906,9.7317,9.8444
25.311,9.4104,10.272,14.252,15.378,14.252,14.422,14.896,16.463,16.546,17.449,17.936,17.449,15.242,15.324,13.813,7.9066,5.3238,8.9646,11.975,11.412,9.8147,11.412,10.272,10.443,7.4323,3.2826,10.443,10.443,13.15,13.195,9.3032,10.443,12.421,13.813,13.453,12.577,13.15,13.927,13.283,10.272,11.412,12.825,7.4323,8.3341,4.422,0.2723,5.5871,11.608,11.856,7.4323,9.4104,9.8147,8.9646,10.443,8.5974,10.525,10.272,11.344,13.195,13.657,22.367,23.078,25.367,26.008,25.75,25.72,25.895,26.881,26.465,24.896,25.541,24.905,22.732,22.074,20.167,17.66,18.238,17.66,18.025,16.463,17.449,16.546,15.378,15.324,12.577,13.657,15.587,16.804,19.815,19.271,11.226,10.842,10.246,9.935,9.6235,9.5474,9.6233,9.606,9.5553,9.5503,9.3726,9.2871,9.2499,9.0826,9.3394,9.5217,9.795,10.284,10.482,10.31,10.376,10.442,10.434,10.642,10.51,10.645,11.033,11.292,10.939,11.226,9.6667,9.3538,9.0785,8.8459,8.7882,8.479,8.6319,8.4301,8.4802,8.5754,8.5112,8.3782,8.4559,8.4648,8.8642,9.3368,9.715,9.8219,9.8783,9.8872,9.6119,9.7763,9.7444,9.9184,10.073,9.8511,9.9408,9.7523,9.5638,9.6667,10.009,9.7768,9.4091,9.2022,8.9552,8.8269,8.838,8.6954,8.6291,8.533,8.5826,8.4723,8.4206,8.3487,8.7025,8.7716,9.0592,9.2668,9.2519,9.4349,9.429,9.3665,9.4558,9.5885,10.082,10.168,10.052,10.081,9.8924,10.009
25.331,10.306,11.642,14.96,15.048,14.286,14.652,13.57,16.858,17.296,16.761,18.16,17.296,14.93,15.893,13.961,8.9986,6.3269,9.3372,11.17,10.559,10.951,11.17,7.4663,10.559,8.3681,6.3269,7.4663,9.3372,12.859,13.487,11.446,11.446,12.611,13.961,12.859,13.487,13.317,13.487,13.961,12.611,11.642,10.559,5.8693,8.9986,6.3269,4.456,8.9986,9.8487,10.477,10.219,11.446,11.17,9.3372,11.642,9.4445,9.3372,10.951,10.477,12.611,12.811,22.309,23.828,25.414,26.159,25.341,25.929,25.436,26.623,26.751,24.194,25.141,24.93,22.315,22.09,19.601,18.272,18.174,17.549,18.16,17.614,16.761,17.466,15.048,15.048,13.184,12.455,15.595,16.838,19.434,18.174,9.8355,9.3807,9.057,8.5952,8.3906,8.2458,8.2981,8.4331,8.3365,8.2898,8.11,8.1327,8.0195,7.8402,8.0635,8.0933,8.3704,9.0878,9.2904,9.2682,9.1605,9.4462,9.3431,9.4429,9.5114,9.7652,10.074,10.131,9.7791,9.8355,8.2452,8.1127,7.7908,7.7026,7.3451,7.337,7.1182,7.1831,7.1162,7.1456,7.193,7.1808,7.1847,7.0755,6.9577,8.5204,8.2783,8.4909,8.4827,8.4058,8.3977,8.5518,8.6898,8.6342,8.7154,8.6522,8.4366,8.3697,8.0741,8.2452,8.728,8.4924,8.1523,7.9945,7.7478,7.5939,7.5567,7.4483,7.3924,7.3417,7.343,7.311,7.2582,7.1116,7.4123,7.5814,7.8125,7.9735,8.0731,8.1646,8.1086,8.1572,8.1869,8.3536,8.6772,8.8857,8.8963,8.8798,8.6035,8.728
25.351,7.288,12.603,13.99,15.156,14.922,15.011,13.953,16.362,17.977,16.753,17.654,16.963,14.448,15.813,13.309,10.469,8.6234,7.9326,11.942,11.162,10.298,11.942,8.6234,9.3292,6.3189,7.288,6.3189,10.298,12.001,12.603,9.4364,12.447,12.603,13.683,13.176,13.953,12.447,13.309,13.683,13.176,12.603,11.942,7.288,8.6234,8.3601,4.448,9.4364,10.551,11.162,9.4364,8.9906,11.438,8.6234,11.438,9.8407,9.4364,10.211,12.001,12.851,14.278,21.747,23.566,24.72,25.254,25.707,26.362,25.417,26.689,27.197,25.11,25.481,24.676,21.126,22.168,20.298,18.932,18.823,17.541,17.962,17.541,16.83,17.288,15.689,15.613,11.882,13.176,15.613,16.164,18.152,18.896,10.072,9.7979,9.0896,8.94,8.5567,8.466,8.5086,8.5923,8.612,8.3453,8.3456,8.284,8.3674,8.0678,8.2394,8.4884,9.0291,9.4575,9.3065,9.3775,9.4129,9.5005,9.4172,9.7868,9.5897,9.7143,10.123,10.105,9.8851,10.072,8.4384,8.1776,7.8829,7.8368,7.6517,7.4042,7.4376,7.4294,7.3181,7.133,7.3672,7.3884,7.5542,7.5384,7.818,8.54,8.7565,8.8847,8.4362,8.7595,8.7745,8.6148,8.6281,8.7366,8.6732,8.7654,8.6153,8.5196,8.4154,8.4384,8.9404,8.7218,8.3028,8.1722,7.8881,7.7351,7.7725,7.6372,7.6225,7.4511,7.5214,7.4109,7.446,7.3121,7.5701,7.8111,7.8831,8.1386,8.2812,8.2628,8.3303,8.2505,8.3019,8.4135,8.7206,8.8791,9.0634,8.9843,8.6984,8.9404
25.371,9.3247,9.8362,14.132,15.976,15.151,13.557,14.918,15.263,16.959,16.567,17.729,16.996,15.453,15.685,12.598,10.294,8.6189,9.4319,11.433,11.157,11.937,10.206,9.4319,10.547,7.928,8.3556,7.2835,10.294,13.216,13.172,11.629,10.464,12.598,13.216,13.347,14.376,13.172,12.846,12.598,10.294,12.846,11.157,8.8671,8.6189,4.4435,0.29377,2.335,9.8362,9.3247,10.294,10.294,10.294,9.4319,11.937,10.938,8.6189,12.846,10.294,14.639,13.347,22.851,23.36,25.624,26.029,25.652,25.742,25.583,26.777,26.087,24.681,25.271,24.888,22.734,22.335,19.578,17.973,18.273,18.017,18.161,16.845,17.196,16.978,15.151,15.345,11.996,12.798,16.902,16.182,19.588,18.891,10.113,9.9204,9.4057,9.0562,8.7749,8.5487,8.7172,8.7273,8.6532,8.5625,8.4338,8.2576,8.3727,8.2218,8.443,8.4688,8.8163,9.5431,9.3365,9.3586,9.4338,9.6675,9.5853,9.56,9.4937,9.6813,10.132,10.223,9.888,10.113,8.6057,8.4046,8.1345,8.1044,7.756,7.6069,7.7764,7.5731,7.5693,7.5392,7.6122,7.5945,7.4364,7.4327,7.9217,8.5827,8.7976,9.0125,8.7638,8.8368,8.7299,8.9827,8.9865,8.9859,8.7589,8.67,8.988,9.061,8.7092,8.6057,9.2104,8.9549,8.5669,8.3621,8.0541,7.8705,8.0324,7.8829,7.778,7.7088,7.7158,7.5957,7.611,7.5706,7.8333,7.9843,8.1221,8.3289,8.4597,8.5269,8.5377,8.5232,8.7575,8.7317,8.9742,9.1233,9.2382,9.2795,9.0154,9.2104
25.391,9.4262,11.623,14.438,14.438,14.162,14.37,14.666,15.97,18.011,17.398,18.921,17.398,14.438,15.803,12.436,9.4262,7.2778,10.458,11.427,11.991,10.933,12.436,9.4262,9.319,8.9804,7.2778,9.4262,10.288,12.593,13.673,10.2,11.991,12.436,11.991,14.438,12.792,13.551,13.342,13.298,12.593,11.623,10.288,7.4481,6.3087,2.8408,3.2984,5.8511,9.8305,10.288,11.152,10.933,8.9804,8.6131,9.8305,10.933,10.288,9.319,11.427,13.943,13.342,21.786,23.81,24.507,25.145,26.026,26.021,25.407,26.498,27.314,25.407,25.795,24.713,21.264,22.135,19.907,18.613,17.967,18.156,18.813,17.448,17.119,17.172,14.267,14.666,13.298,11.991,15.001,16.416,18.588,18.98,10.352,10.041,9.5908,9.2726,8.8812,8.7955,8.9679,8.9297,8.8867,8.813,8.7361,8.5851,8.4707,8.3968,8.6684,8.7133,9.0698,9.6233,9.7687,9.6332,9.6965,9.79,9.835,9.8697,9.9918,10.123,10.479,10.555,10.314,10.352,8.7282,8.653,8.3582,8.1724,8.0332,7.7534,7.7934,7.7317,7.733,7.5695,7.6509,7.6556,7.6127,7.4967,8.5054,8.7288,8.8102,9.0336,8.9731,8.9654,9.0393,9.0143,9.1842,9.1625,8.8391,9.0037,9.0851,8.7893,8.6632,8.7282,9.4141,9.1639,8.7537,8.608,8.2786,8.1338,8.2292,8.093,8.0566,7.9405,7.9858,7.8991,7.8823,7.7726,8.1222,8.247,8.4702,8.6059,8.6931,8.8178,8.9918,8.9353,8.9794,9.0097,9.274,9.5259,9.6298,9.5912,9.4024,9.4141
25.411,8.5991,12.829,15.196,16.897,15.589,15.927,14.764,16.439,18.54,17.873,17.541,18.587,15.927,17.067,14.649,9.8191,7.0668,8.5991,11.49,12.055,10.551,11.046,8.4801,10.077,7.5411,5.2216,8.9377,11.609,13.087,14.531,8.9377,12.46,14.057,13.087,13.599,13.562,14.057,13.448,13.087,12.785,12.411,10.979,9.045,9.9068,7.5411,-1.0623,8.5991,10.551,11.046,11.046,8.2319,10.77,9.9068,11.609,9.4492,11.046,12.211,10.16,14.057,13.562,22.758,24.204,25.394,26.085,26.39,26.611,26.085,27.067,27.589,25.981,26.018,25.577,22.579,23.058,20.281,19.282,19.401,18.783,18.681,18.206,17.571,17.659,15.066,15.589,12.96,14.284,16.439,17.586,19.282,19.371,10.654,10.33,9.7764,9.5487,9.2248,9.0512,9.2909,9.2352,9.1134,9.0194,8.9593,8.8524,8.7248,8.6904,8.876,8.8919,9.7158,9.9798,9.9862,9.938,10.049,10.029,10.136,10.175,10.199,10.2,10.75,10.748,10.557,10.654,9.2629,8.9072,8.496,8.3552,8.1415,8.1108,8.0356,8.0215,8.0717,8.0277,8.0053,8.0183,7.9152,8.3761,8.5428,8.7339,9.4707,9.4722,9.3971,9.3252,9.4807,9.7167,9.4516,9.5449,9.6296,9.6132,9.6005,9.5883,9.2205,9.2629,9.628,9.3408,8.9654,8.7974,8.4747,8.3493,8.4513,8.3363,8.252,8.1061,8.1843,8.1109,8.1314,7.9878,8.2937,8.4228,8.5868,8.8672,8.9739,8.9676,9.1126,9.1507,9.2222,9.1962,9.569,9.6921,9.6852,9.7303,9.5702,9.628
25.431,11.058,12.223,14.661,16.602,15.233,15.601,15.482,16.527,17.161,17.553,18.552,17.011,16.313,16.527,12.471,9.0567,8.2436,9.461,12.067,11.502,11.254,12.423,9.9185,10.172,9.9185,7.5528,9.9185,10.172,14.296,13.898,11.058,11.254,14.068,14.264,13.573,14.068,14.068,14.543,13.898,11.562,10.172,11.502,10.563,8.9494,2.9288,4.0683,6.9082,11.254,11.058,9.461,10.991,11.562,11.058,12.067,9.9185,12.471,12.067,10.782,14.543,13.611,23.456,24.174,26.229,26.936,26.275,26.202,26.259,27.249,26.835,24.669,25.73,25.494,23.592,23.002,20.6,17.553,18.492,17.642,18.817,17.598,17.786,17.98,15.939,16.109,12.797,14.631,17.275,16.373,20.196,19.412,10.873,10.678,10.138,9.6139,9.3098,9.2425,9.4025,9.4445,9.3865,9.2241,9.1728,8.9886,9.133,8.827,9.011,9.0749,9.5789,10.14,10.204,10.168,10.266,10.101,10.512,10.087,10.218,10.451,10.851,11.069,10.763,10.873,9.3721,9.1878,8.7081,8.4812,8.4112,8.3442,8.2806,8.2825,8.3156,8.147,8.0898,8.1625,8.3618,8.215,8.7948,9.1084,9.349,9.5303,9.7408,9.3378,9.454,9.6751,9.562,9.7333,9.4171,9.5333,9.6807,9.6765,9.2971,9.3721,9.8297,9.6096,9.163,8.9589,8.7094,8.5385,8.6229,8.5577,8.4119,8.3342,8.3838,8.2099,8.2408,8.1926,8.4423,8.5645,8.7665,9.0506,9.1008,9.148,9.3073,9.3231,9.3001,9.4366,9.4545,9.784,9.9564,9.951,9.709,9.8297
25.451,11.236,12.778,15.215,15.855,15.006,15.215,14.554,16.432,17.579,17.335,18.898,17.962,16.091,15.855,12.404,10.764,8.931,6.8898,11.995,11.04,13.163,11.04,9.4425,11.04,8.5924,7.5344,10.545,11.04,14.613,14.524,10.764,9.9001,12.823,14.494,12.91,14.05,13.88,13.983,14.05,13.081,12.91,11.941,8.5924,8.2252,6.8898,2.9104,5.9207,10.545,10.972,10.764,9.4425,11.04,11.04,13.441,9.9001,10.545,12.404,12.91,15.582,14.246,23.532,23.88,26.028,26.401,26.241,26.451,26.184,26.926,27,25.523,26.208,25.815,23.422,22.756,19.943,18.931,18.776,19.038,19.394,17.579,17.397,17.143,15.788,14.524,14.05,12.91,17.208,16.451,19.839,19.547,9.6021,9.2527,8.8261,8.4516,8.1531,8.0028,8.0576,8.1152,8.1471,8.0169,7.8816,7.6703,7.7094,7.6084,7.6794,7.9202,8.1054,8.9855,8.9002,8.9393,8.953,9.1286,9.0988,9.0691,9.2734,9.286,9.8198,9.7313,9.6053,9.6021,8.2126,7.6937,7.5493,7.263,7.1185,6.9566,7.0095,6.903,6.8829,6.9184,6.9713,7.0067,7.2073,7.0008,7.3968,7.2903,8.5747,8.3715,8.4657,8.27,8.3567,8.2678,8.372,8.5383,8.1766,8.4127,8.3044,8.2449,8.1152,8.2126,8.4979,8.312,7.9153,7.7039,7.4494,7.2809,7.3064,7.2249,7.1115,7.0934,7.0588,6.9706,6.9156,6.8868,7.171,7.3064,7.5483,7.7307,7.782,7.8499,7.9292,7.9025,8.027,8.076,8.3922,8.5143,8.742,8.519,8.4594,8.4979
25.471,8.5998,11.949,14.65,15.222,15.495,14.532,14.285,16.591,18.023,17.15,18.784,17.969,15.222,16.035,13.887,9.0457,8.5998,8.9384,13.088,12.83,12.212,12.46,9.0457,11.243,7.5418,5.9281,7.9693,11.243,14.253,13.887,10.078,12.212,12.918,13.746,15.066,15.298,13.088,13.99,14.285,14.057,12.212,11.243,8.5998,9.0457,1.9487,4.0573,6.8972,10.161,10.552,11.61,12.961,10.552,10.771,10.552,11.047,9.9075,11.551,13.292,14.057,12.961,22.991,24.163,25.76,26.246,26.476,26.899,25.965,27.305,27.478,25.395,26.136,25.393,22.579,22.579,20.353,18.982,18.6,18.541,19.046,17.587,18.194,17.631,14.532,15.59,13.171,12.918,16.181,16.738,19.62,19.802,9.8639,9.4961,8.9958,8.6867,8.3461,8.1042,8.4127,8.3165,8.339,8.1712,8.1738,8.027,8.0607,7.857,8.1786,8.3203,8.3848,9.1156,9.1706,9.1567,9.1641,9.1978,9.1977,9.342,9.2907,9.7817,10.034,10.068,9.8565,9.8639,8.099,8.234,7.5924,7.4532,7.2828,7.0437,7.198,7.1143,7.182,7.0713,6.9797,7.0204,7.1146,6.888,7.503,7.81,8.6536,8.5089,8.3301,8.2887,8.2725,8.2722,8.3054,8.5199,8.495,8.3382,8.4159,8.27,8.1561,8.099,8.6786,8.5056,8.101,7.9268,7.6295,7.4551,7.5658,7.4419,7.3555,7.2424,7.3113,7.2422,7.23,7.1297,7.3791,7.5791,7.7056,7.8839,8.0022,8.0459,8.1643,8.2399,8.2165,8.3486,8.6538,8.7473,8.8959,8.8707,8.6622,8.6786
25.491,8.3501,11.932,14.268,16.154,14.882,14.438,13.552,16.309,16.352,15.803,17.448,16.953,15.97,15.97,12.593,9.3192,7.9226,7.9226,11.991,10.288,11.152,10.541,10.288,11.991,8.6134,7.4483,9.3192,8.3501,14.126,13.943,11.624,11.152,14.268,13.98,13.673,12.841,12.593,12.437,12.793,11.152,10.288,11.428,9.4265,7.278,6.3089,0.28831,5.6031,9.4265,9.8307,10.288,10.459,9.3192,10.288,12.793,8.6134,8.9806,11.991,9.8307,13.552,13.299,23.215,23.338,26.197,26.226,25.842,26.061,25.805,26.168,25.739,24.371,24.942,24.96,23.477,22.763,19.198,17.596,16.991,17.398,17.676,16.743,17.119,16.743,14.912,16.177,11.428,12.841,17.278,16.177,19.426,18.588,10.037,9.475,9.3085,8.8986,8.4377,8.3586,8.5378,8.4706,8.5086,8.4322,8.2681,8.2032,8.0817,8.0201,8.1918,8.2332,8.7563,9.3382,9.35,9.1697,9.1987,9.1828,9.3445,9.448,9.6197,9.8586,9.9213,10.039,9.8359,10.037,8.5393,8.1275,7.9592,7.7193,7.5558,7.4705,7.458,7.388,7.2466,7.4571,7.1484,7.299,7.45,7.3032,8.2948,7.8954,8.642,8.7401,8.8356,8.758,8.8398,8.7067,9.0547,8.8821,8.9383,9.0909,8.8334,8.8744,8.4316,8.5393,8.9051,8.6465,8.3206,8.1228,7.9073,7.6933,7.683,7.5736,7.5169,7.5157,7.4718,7.3899,7.3377,7.2368,7.5727,7.7139,7.7802,8.1699,8.1955,8.3237,8.3711,8.2921,8.3156,8.4808,8.7626,8.8411,9.0819,9.0085,8.8129,8.9051
25.511,10.743,11.974,15.767,15.943,14.592,15.466,15.168,17.122,17.513,17.513,18.653,18.571,16.153,16.274,14.592,9.4215,7.9409,10.049,11.523,11.523,12.802,11.019,11.214,9.8791,9.8791,9.8791,9.4215,9.4215,14.931,13.961,11.214,12.889,13.858,13.571,12.757,14.848,14.503,14.592,14.225,11.019,12.028,12.889,9.4215,8.4524,2.8894,5.1939,8.2042,10.743,11.214,10.049,10.049,9.7913,11.92,13.42,9.8791,9.4215,13.42,9.7913,14.503,12.757,23.564,24.072,26.345,26.763,26.206,26.65,26.153,27.389,26.729,24.966,25.788,25.461,23.612,22.928,19.982,18.571,18.512,18.571,18.56,18.166,17.513,17.602,15.745,15.9,13.264,12.383,17.187,16.972,19.999,19.555,10.1,9.9984,9.3875,8.9272,8.8,8.4947,8.6443,8.6568,8.5663,8.5155,8.4471,8.2279,8.3857,8.1799,8.4438,8.4077,8.6786,9.4687,9.4374,9.3125,9.4786,9.4102,9.6336,9.6859,9.6351,10.228,10.215,10.164,9.9714,10.1,8.7169,8.3641,8.1524,7.9202,7.8913,7.5094,7.7003,7.6745,7.5046,7.529,7.4349,7.4377,7.5098,7.5818,7.7957,8.8981,8.6484,9.0298,8.9344,8.6371,8.778,8.7257,8.7977,8.945,8.9038,8.8339,9.1144,8.7981,8.6072,8.7169,9.1659,8.8597,8.5322,8.3047,8.0689,7.9248,7.9402,7.8245,7.7663,7.7217,7.7045,7.6219,7.59,7.4931,7.7404,7.9828,8.1417,8.4211,8.4439,8.6011,8.5709,8.5503,8.6687,8.8235,8.931,9.2048,9.3892,9.2744,9.0923,9.1659
25.531,10.534,11.145,15.139,15.333,14.261,14.261,14.659,15.44,17.391,16.965,17.637,17.441,15.251,15.333,12.586,8.6065,7.4414,9.3123,10.926,9.4195,11.421,12.586,9.3123,10.281,8.3432,8.3432,8.8547,10.452,14.659,14.261,10.452,11.617,13.936,13.545,12.834,13.545,14.155,12.786,12.786,10.281,11.865,12.586,9.3123,8.3432,7.2711,-3.698,6.302,10.281,11.984,9.8238,7.9156,9.4195,9.3123,10.281,8.6065,8.9737,11.617,11.145,13.292,12.786,23.004,23.462,25.44,26.302,25.835,25.796,25.558,26.565,26.19,24.656,25.333,24.656,22.986,22.306,19.775,17.637,18.41,17.716,18.45,16.555,17.271,16.89,15.333,16.302,11.984,13.462,16.736,15.963,19.355,18.149,10.46,9.9177,9.5897,9.1972,9.0234,8.9915,8.7907,8.8551,8.8544,8.8519,8.6894,8.5369,8.5962,8.3867,8.6114,8.9013,9.1699,9.9059,9.7908,9.9113,9.7238,9.7512,9.8224,9.9703,9.9384,10.55,10.376,10.4,10.377,10.46,8.6651,8.4679,8.3831,8.2405,7.9523,7.751,7.6939,7.7666,7.8537,7.6938,7.5909,7.5648,7.5651,7.6421,8.0408,8.7233,8.9422,8.8773,8.9396,8.9934,8.6898,8.9362,8.9026,8.9796,8.6317,8.7971,8.9276,8.8372,8.6831,8.6651,9.3607,9.06,8.7413,8.5406,8.2938,8.1617,8.1179,8.0115,7.9313,7.926,7.8825,7.7925,7.7943,7.7289,7.9771,8.1906,8.4011,8.5431,8.6359,8.8004,8.667,8.7475,8.8466,8.9365,9.3248,9.4554,9.4685,9.423,9.248,9.3607
25.551,7.9446,11.174,14.46,15.362,15.28,15.362,14.46,15.992,16.265,16.842,17.553,16.994,16.199,15.28,11.894,9.8528,7.3,9.0026,10.481,12.352,12.615,10.31,9.0026,10.955,7.3,7.9446,7.9446,9.4485,14.29,12.815,11.45,10.955,13.965,15.28,13.364,13.574,12.405,14.46,12.615,12.615,11.174,10.223,10.563,7.3,3.3206,0.31033,4.4601,10.31,8.3721,10.563,10.481,10.481,10.31,10.563,10.481,11.646,11.45,11.954,14.688,11.894,23.308,23.398,26.37,26.588,25.329,25.761,25.825,26.298,25.532,24.087,24.919,24.697,23.259,22.23,18.908,17.698,17.159,17.212,17.945,16.705,17.212,16.438,16.176,14.656,12.863,13.364,16.501,16.199,19.605,17.945,10.713,10.266,9.7514,9.3968,9.2039,9.0824,9.1226,9.0751,9.1458,9.0592,8.9455,8.8367,8.8129,8.5746,8.9167,9.2232,9.3877,10.181,10.056,10.165,10.111,10.173,10.18,10.239,10.344,10.71,10.577,10.69,10.463,10.713,8.8493,8.7533,8.5188,8.3787,8.3305,7.9173,7.961,7.8508,7.7106,7.8241,7.7175,7.5736,7.8461,7.748,7.9771,8.6698,9.345,9.1659,9.0733,9.117,8.8015,8.9576,9.0623,9.1929,9.0393,9.2471,9.0338,8.8918,8.7351,8.8493,9.509,9.2563,8.9658,8.727,8.5127,8.3942,8.2829,8.1733,8.1345,8.1162,8.1135,8.0073,7.9765,7.8742,8.133,8.3139,8.5302,8.7734,8.9335,8.9459,8.8977,8.7879,9.036,9.0987,9.445,9.5886,9.6653,9.6147,9.414,9.509
25.571,10.289,11.625,14.269,14.913,14.269,14.439,13.343,15.852,17.279,16.954,17.677,17.279,15.604,15.604,12.33,9.8317,7.9236,10.289,12.33,9.8317,11.429,11.873,8.9816,8.6144,8.6144,7.4493,9.3202,8.6144,13.3,14.269,8.8626,10.46,12.438,12.594,13.47,13.3,13.674,13.47,12.594,12.438,10.46,10.542,8.9816,8.3511,4.439,3.2996,5.6041,8.8626,10.46,10.46,10.542,9.4274,8.6144,10.542,11.153,11.429,10.934,11.933,13.553,11.153,22.584,23.377,25.384,26.155,25.352,25.872,25.971,26.497,26.489,24.714,25.109,25.04,22.832,22.443,19.288,17.532,17.597,18.013,18.524,17.466,16.821,16.841,15.852,15.876,13.47,14.913,16.155,16.417,19.583,18.923,10.925,10.534,10.027,9.7592,9.3741,9.2831,9.3606,9.4362,9.2896,9.2019,9.1115,8.992,8.9486,8.944,9.196,9.1914,9.7471,10.147,10.181,10.176,10.227,10.205,10.224,10.157,10.306,10.602,10.721,11.142,10.75,10.925,9.2004,9.1843,8.6627,8.6366,8.5437,8.2746,8.2107,8.2937,8.2008,8.1746,8.0479,7.9152,8.0436,7.9952,8.3697,8.6753,9.1704,9.4973,9.4812,9.6582,9.3638,9.3179,9.7554,9.5086,9.4827,9.2355,9.5268,9.2915,8.9975,9.2004,9.7773,9.5167,9.1871,8.9461,8.7258,8.5366,8.5713,8.439,8.3555,8.3246,8.281,8.2029,8.1516,8.1196,8.4946,8.583,8.6923,8.977,9.1015,9.1355,9.1683,9.171,9.2204,9.4257,9.4699,9.7689,9.9036,9.8729,9.6216,9.7773
25.591,9.9342,12.083,15.223,15.998,15.223,15.093,14.791,16.836,17.322,16.765,17.554,17.788,16.818,16.543,14.676,8.9651,7.5685,10.187,12.812,10.579,12.239,10.798,9.9342,12.487,6.9239,7.5685,10.187,11.518,15.249,13.475,11.578,11.975,13.115,14.084,13.589,14.28,13.914,14.647,12.857,12.083,11.074,11.074,7.0943,9.0724,2.9445,5.4973,8.2593,10.187,11.074,11.637,11.27,10.798,11.27,11.578,11.637,11.074,12.812,11.975,14.904,11.518,23.574,23.854,26.486,27.114,26.261,26.161,26.464,27.044,26.466,25.2,25.78,25.36,23.452,22.879,19.339,18.627,18.063,18.063,18.708,17.111,17.569,17.027,16.062,15.616,14.084,13.914,16.924,16.208,20.442,19.309,10.894,10.646,10.228,9.7952,9.5578,9.5307,9.5273,9.4664,9.4436,9.394,9.2215,9.1481,9.1509,8.9713,9.1408,9.1501,9.8566,10.402,10.353,10.253,10.277,10.449,10.363,10.547,10.589,10.973,10.962,11.103,10.888,10.894,9.4782,9.2368,8.9082,8.6309,8.6827,8.3429,8.3573,8.3096,8.2705,8.1768,8.1281,8.1767,8.0413,8.1451,8.1519,9.1966,9.5328,9.8517,9.6354,9.7851,9.501,9.451,9.5824,9.5597,9.5491,9.6343,9.6728,9.565,9.1831,9.4782,9.9493,9.7021,9.3268,9.1294,8.9236,8.7237,8.7314,8.6283,8.5139,8.4998,8.4844,8.4035,8.4007,8.2593,8.6073,8.7508,8.9109,9.1076,9.3186,9.3221,9.4256,9.3149,9.474,9.5559,9.7849,9.9303,10.096,10.001,9.8314,9.9493
25.611,7.9362,11.441,14.648,15.271,15.015,14.384,14.956,15.984,16.834,16.322,17.737,17.545,15.984,15.693,14.281,7.9362,7.2916,8.9942,12.343,11.441,10.555,11.165,10.555,10.946,9.8443,7.2916,9.3328,9.44,12.855,13.312,11.441,10.946,13.686,13.994,12.855,13.565,12.806,13.312,11.886,10.555,10.555,10.472,7.4619,7.2916,4.4516,0.30189,9.44,8.8752,9.44,9.8443,10.555,9.44,10.555,11.945,9.44,10.302,10.302,10.302,14.384,11.945,23.03,23.565,25.787,26.154,25.789,25.693,25.816,26.512,26.038,24.689,24.651,24.982,22.777,22.456,19.503,17.545,17.61,17.737,17.412,16.697,15.984,16.853,15.461,15.271,12.45,13.957,17.15,16.911,19.864,18.155,11.293,10.896,10.41,10.039,9.8017,9.52,9.8301,9.7738,9.8138,9.6973,9.5086,9.4207,9.3329,9.2203,9.5781,9.5203,10.452,10.643,10.683,10.764,10.635,10.706,10.958,10.944,10.911,11.116,11.463,11.557,11.23,11.293,9.6486,9.3259,9.0528,8.7747,8.715,8.4875,8.5837,8.6265,8.4424,8.5367,8.5814,8.4783,8.689,8.4495,8.7115,9.832,10.001,9.9276,9.8542,10.023,9.8825,9.8661,10.071,10.035,10.099,10.168,9.8419,9.7998,9.4738,9.6486,10.176,9.9257,9.5873,9.3267,9.0977,8.9138,8.9706,8.8508,8.7643,8.7193,8.6971,8.5679,8.5656,8.453,8.7446,8.9665,9.1009,9.3618,9.4576,9.5059,9.6625,9.5719,9.5684,9.7764,9.9924,10.106,10.306,10.258,10.011,10.176
25.631,10.566,11.176,15.827,16.441,14.967,13.576,14.937,15.055,16.767,16.201,16.997,17.992,15.9,15.627,11.956,7.3024,7.947,9.4508,11.648,11.452,11.956,11.452,9.4508,9.3436,9.005,7.947,9.4508,9.8551,14.292,13.323,11.452,9.3436,12.865,13.576,12.617,13.854,13.493,13.323,12.817,10.225,10.957,11.896,10.566,7.947,5.8757,-0.65642,5.6275,7.947,11.452,7.3024,9.8551,9.005,11.452,13.576,10.225,9.8551,11.176,11.956,14.462,12.617,22.97,23.493,25.936,26.512,25.535,25.326,25.62,26.539,25.144,24.236,24.922,25.193,23.43,21.956,19.005,16.864,17.669,17.932,17.947,16.586,17.7,16.845,16.201,15.703,12.354,13.323,16.441,17.015,20.433,18.638,10.064,9.674,9.1544,8.826,8.5502,8.4964,8.4893,8.545,8.5112,8.3842,8.3155,8.2299,8.0923,7.8659,8.1671,8.1818,8.5021,9.3795,9.533,9.3521,9.2424,9.3425,9.3754,9.3843,9.4806,9.8485,9.9162,10.288,9.9442,10.064,8.2533,8.0396,7.9123,7.6866,7.477,7.3599,7.3547,7.03,7.1775,7.1351,7.2465,7.3822,7.3913,7.2487,7.36,8.6616,8.9328,8.5037,8.5151,8.5122,8.5647,8.4521,8.6144,8.586,8.5951,8.6477,8.7515,8.2142,8.1794,8.2533,8.8409,8.6139,8.3337,8.0742,7.8977,7.7267,7.6691,7.5439,7.4433,7.4867,7.4788,7.3868,7.3201,7.2061,7.5362,7.6396,7.8518,8.1306,8.2757,8.3755,8.1843,8.2174,8.4648,8.4687,8.6814,9.0253,9.0542,8.9481,8.8214,8.8409
25.651,10.251,10.861,15.312,15.863,14.855,14.343,14.622,15.156,15.049,14.855,16.392,16.7,16.882,15.388,11.333,9.54,6.9873,8.3227,11.137,11.137,12.039,9.9976,9.9976,9.0285,8.6899,7.6318,10.168,8.6899,14.147,12.039,11.641,11.137,12.876,13.69,12.146,13.539,13.178,13.261,13.008,9.9098,10.642,8.3227,10.251,8.3227,4.1473,-0.002435,5.5606,7.1576,11.333,10.168,9.9976,10.642,9.1357,11.641,9.9976,9.9976,12.302,11.137,13.261,13.008,22.669,23.008,26.055,26.53,25.534,25.271,25.356,26.29,24.908,23.128,24.039,24.666,23.516,21.89,18.896,16.549,16.271,16.392,17.721,15.953,17.158,16.681,16.271,15.68,13.008,13.539,16.125,15.287,19.998,17.632,10.09,9.7064,9.343,8.9664,8.7828,8.5868,8.5527,8.5505,8.5657,8.5884,8.3459,8.244,8.1548,7.8968,8.3939,8.1212,8.8904,9.3768,9.5501,9.4961,9.4975,9.4814,9.4273,9.5531,9.6556,10.03,10.017,10.183,9.9466,10.09,8.5441,8.3805,7.9724,7.9371,7.7677,7.5557,7.5636,7.3884,7.4974,7.3832,7.5076,7.4114,7.6786,7.3891,7.8708,8.5245,8.732,8.6733,8.7602,8.5517,8.6348,8.6173,8.8768,8.8688,8.8974,8.7832,8.7457,8.5372,8.5219,8.5441,9.0336,8.7674,8.494,8.2645,8.0744,7.9069,7.8353,7.7021,7.662,7.6585,7.5889,7.5646,7.4491,7.373,7.6673,7.8495,8.0386,8.3569,8.4342,8.4192,8.3627,8.3966,8.6572,8.6143,8.8033,9.1287,9.1549,9.083,8.9046,9.0336
25.671,9.4323,10.294,14.274,15.263,14.274,15.036,14.948,16.249,17.143,16.903,16.826,17.537,15.857,14.948,12.443,8.6193,8.356,8.356,10.547,10.939,10.465,10.294,9.8366,11.158,8.8675,7.2839,8.356,10.547,13.986,13.986,10.294,11.938,12.599,13.172,12.847,11.938,12.599,13.304,11.434,11.997,11.434,11.158,7.9285,8.9865,2.8469,5.609,5.609,10.294,10.547,10.465,9.8366,10.294,9.3251,11.997,11.434,8.6193,11.997,11.434,13.986,12.599,22.837,23.738,25.381,25.869,25.782,25.801,25.772,26.748,26.485,24.669,25.088,24.64,22.599,22.026,19.837,18.147,18.423,17.125,17.928,16.959,17.454,17.178,16.422,15.609,13.172,12.599,16.422,16.315,19.432,18.619,10.41,9.9783,9.6195,9.263,8.9778,8.7937,8.8667,8.9752,8.8675,8.8211,8.6515,8.516,8.4735,8.3994,8.4686,8.6452,9.0067,9.6131,9.7125,9.6357,9.6643,9.5408,9.8255,10.02,9.9312,9.8942,10.359,10.458,10.198,10.41,8.6505,8.6888,8.2345,8.1366,7.8448,7.7032,7.7388,7.5692,7.5891,7.6967,7.7398,7.4597,7.5032,7.4965,8.2007,8.4947,9.0337,9.0323,9.0642,8.7369,8.7568,8.6902,9.0494,8.9596,8.754,8.8769,9.0058,8.8002,8.4808,8.6505,9.3075,9.039,8.7167,8.4731,8.2297,8.0758,8.1112,7.9722,7.882,7.8521,7.8639,7.7588,7.7029,7.653,7.9136,8.0902,8.2829,8.5163,8.6243,8.7102,8.7306,8.7098,8.8157,8.8561,9.0642,9.3234,9.4432,9.4185,9.1135,9.3075
25.691,8.9701,11.861,14.257,14.257,14.623,15.96,14.257,15.96,17.387,17.52,18.03,17.438,14.655,15.567,13.288,9.3086,7.4378,8.9701,11.98,12.319,11.613,11.417,10.278,10.531,4.4275,7.912,9.3086,11.141,13.331,14.257,10.922,11.921,10.448,12.782,12.319,13.97,12.426,13.288,13.933,10.531,13.2,12.582,7.912,8.6028,6.2983,-3.7017,7.2674,8.9701,11.861,10.278,7.912,10.278,9.3086,12.319,9.8202,8.8511,11.417,10.922,13.933,13.288,22.125,23.951,24.994,25.668,25.593,26.298,25.354,26.537,26.744,25.098,25.554,24.887,21.98,22.426,20.172,17.775,18.603,18.577,17.912,16.673,16.673,17.438,14.902,14.902,12.426,13.458,15.96,15.567,18.97,18.958,10.497,10.164,9.8162,9.5064,9.1198,9.0054,9.1446,8.9999,9.0511,8.8642,8.8275,8.7512,8.6658,8.5398,8.6248,8.9205,9.4137,9.6686,9.831,9.9616,9.8705,9.6813,9.9216,10.119,10.032,10.442,10.357,10.602,10.243,10.497,8.972,8.7245,8.3374,8.4729,8.0103,8.0508,7.9118,7.9386,7.9515,7.8524,7.9049,7.8979,7.8584,7.7682,8.2511,9.1325,9.5503,9.3013,9.2407,9.1569,9.1941,9.3489,9.4449,9.2192,9.1354,9.2314,9.2719,9.1848,8.9591,8.972,9.5093,9.2777,8.8584,8.7558,8.4479,8.3043,8.3308,8.2006,8.1789,8.0203,8.1189,8.0628,8.0253,7.8594,8.1227,8.4755,8.6347,8.7282,8.8438,8.9737,8.9558,8.9025,8.8652,9.3127,9.2617,9.5187,9.6523,9.6701,9.3534,9.5093
25.711,9.0417,10.976,15.193,16.094,14.616,15.491,15.193,16.893,16.788,17.146,17.924,17.583,17.146,15.836,14.281,8.2286,8.9344,7.5378,11.043,12.208,12.208,11.945,11.043,11.999,7.9653,7.9653,9.9035,10.548,14.761,14.053,12.456,11.945,14.053,12.782,13.084,13.883,13.596,14.528,13.445,11.547,10.548,9.9035,9.9035,8.2286,8.2286,-4.0759,5.4666,8.2286,9.446,11.043,11.999,10.074,11.945,12.957,10.767,10.157,13.084,9.9035,14.497,11.945,23.767,24.136,26.725,26.998,26.094,26.29,26.606,27.171,26.31,25.022,25.491,25.785,24.201,22.575,19.904,18.501,17.883,17.146,18.902,16.512,18.033,17.568,17.146,16.436,13.596,13.777,17.146,16.358,20.585,19.397,10.783,10.523,9.9831,9.6362,9.4545,9.1924,9.3851,9.3045,9.3861,9.1419,9.0583,8.9111,8.8353,8.7292,9.0164,8.9706,9.3879,10.083,10.214,10.265,10.258,10.211,10.259,10.376,10.226,10.862,10.855,10.944,10.659,10.783,9.2389,9.0222,8.75,8.6343,8.2479,8.1556,8.2051,8.1027,8.0358,8.1113,7.9164,8.1046,8.0299,7.9163,8.485,8.8088,9.3775,9.7013,9.2659,9.2467,9.2963,9.277,9.3266,9.5314,9.3057,9.2767,9.3697,9.3504,9.1338,9.2389,9.7315,9.4669,9.1278,8.8986,8.6877,8.458,8.5238,8.4261,8.3127,8.2892,8.2256,8.1201,8.133,8.0934,8.3719,8.5379,8.7762,8.8973,8.9514,9.0899,9.2115,9.1644,9.1973,9.3162,9.5539,9.6335,9.9345,9.8639,9.5787,9.7315
25.731,9.4062,12.573,14.142,15.237,15.237,13.653,13.449,16.289,17.887,17.117,17.947,17.152,15.125,16.134,13.278,8.9604,7.4281,8.9604,11.852,10.18,10.913,10.913,8.9604,10.438,8.9604,4.4178,8.5932,9.8105,13.531,13.531,8.8414,11.852,12.821,12.772,13.449,13.531,12.417,13.96,13.653,11.912,11.132,10.268,8.9604,8.5932,5.3196,3.2784,7.2578,8.5932,10.438,10.521,10.268,9.8105,8.9604,11.971,11.408,9.299,10.438,10.268,13.278,12.573,22.547,23.556,25.279,25.427,25.694,26.032,25.544,26.609,26.913,24.981,25.783,24.795,22.32,22.358,20.163,17.991,18.793,18.021,18.568,17.576,16.722,16.396,15.583,15.659,11.604,13.278,16.663,15.583,19.299,18.437,11.212,10.975,10.188,9.8627,9.5198,9.3956,9.5625,9.6302,9.5006,9.371,9.3585,9.2024,9.2271,9.1098,9.3663,9.2134,9.837,10.525,10.56,10.431,10.682,10.576,10.662,10.5,10.733,10.636,11.339,11.428,11.113,11.212,9.5877,9.3906,8.8718,8.7696,8.6019,8.3239,8.5157,8.4053,8.3023,8.2403,8.3113,8.3467,8.628,8.351,8.3989,9.3089,9.5754,9.6233,9.7692,9.4912,9.5724,9.8389,9.7984,9.6012,9.6936,9.8358,9.763,9.6214,9.4243,9.5877,9.9805,9.8074,9.3273,9.1275,8.8562,8.6761,8.8143,8.7121,8.5932,8.491,8.55,8.4089,8.4548,8.3905,8.7175,8.7823,8.9848,9.1952,9.2243,9.2942,9.5759,9.3948,9.4176,9.5979,9.7946,9.9905,10.151,10.175,9.919,9.9805
25.751,9.0096,10.317,15.03,16.712,13.972,13.581,14.941,15.632,16.445,16.445,16.849,17.427,16.381,15.174,12.466,8.6424,7.307,9.4554,11.653,10.57,11.901,10.317,9.0096,11.181,9.3482,5.6321,10.962,10.317,13.498,13.195,10.488,12.358,13.195,14.297,13.498,13.858,13.702,13.972,12.622,11.457,12.358,11.901,9.3482,9.3482,5.6321,-0.65183,7.9515,9.4554,11.457,7.9515,9.4554,9.0096,10.962,13.24,9.3482,10.488,12.02,9.8597,14.297,12.02,23.063,23.634,25.871,26.517,25.583,25.668,25.947,26.51,25.622,24.223,24.941,24.941,23.498,22.209,19.283,17.148,16.869,17.148,18.617,16.982,16.869,17.307,15.999,15.369,12.622,13.581,16.381,16.591,20.36,17.952,9.7264,9.3376,8.9489,8.5989,8.2862,8.1648,8.1364,8.2145,8.2046,8.1229,7.9685,7.8243,7.7628,7.6845,7.8906,8.0226,8.4813,8.7905,8.9225,8.961,9.0157,8.934,9.1887,9.0395,9.2283,9.2234,9.6252,9.8065,9.3855,9.7264,8.0049,7.9858,7.6039,7.415,7.2539,7.0993,7.172,7,7.0183,6.934,6.846,7.0243,7.0606,6.9171,7.4939,8.2388,8.3583,8.3427,8.2923,8.2875,8.2719,8.2623,8.1923,8.3117,8.3481,7.9383,8.4061,8.4192,7.9919,8.0049,8.6224,8.4353,8.059,7.8337,7.6155,7.4204,7.4662,7.3302,7.2263,7.1681,7.2088,7.0713,7.048,7.0205,7.3276,7.3801,7.5589,7.8709,7.8521,7.9776,8.0121,7.9791,8.1486,8.3476,8.3132,8.5307,8.6587,8.7573,8.4217,8.6224
25.771,9.9788,12.02,14.721,16.107,13.958,13.363,13.671,15.294,16.043,15.999,16.863,16.587,15.845,15.37,12.531,8.3038,6.9685,7.1388,11.314,10.149,11.118,11.562,9.9788,11.118,5.9994,7.1388,8.6711,10.842,14.128,14.128,10.842,9.891,12.283,13.032,13.671,13.032,12.989,12.531,12.531,12.02,11.314,11.562,9.0097,5.9994,4.1285,-4.0006,6.9685,9.0097,10.149,10.623,9.0097,10.842,9.9788,11.314,8.3038,9.9788,11.681,9.0097,13.52,12.531,22.65,23.355,25.687,26.252,25.161,25.286,25.585,26.374,25.878,23.577,24.438,24.718,22.551,21.803,18.889,17.088,16.644,17.222,17.832,16.968,16.433,17.139,15.268,14.948,12.127,13.363,16.433,15.493,19.598,18.041,11.338,11.04,10.634,10.131,9.9023,9.8151,9.7917,9.9483,9.8537,9.7784,9.6097,9.5341,9.5413,9.3191,9.5126,9.4719,10.243,10.465,10.69,10.62,10.576,10.583,10.607,10.614,10.694,11.095,11.401,11.358,11.065,11.338,9.8661,9.605,9.3578,9.1644,8.8962,8.8235,8.8946,8.904,8.8754,8.7049,8.6112,8.6858,8.837,8.6666,8.7624,9.5747,10.332,10.341,10.046,10.083,9.9714,10.213,10.094,10.322,10.152,10.084,10.221,10.207,9.7814,9.8661,10.379,10.149,9.7529,9.5252,9.2786,9.1356,9.1646,9.0693,8.9391,8.8924,8.9078,8.7703,8.7764,8.7007,9.0389,9.0623,9.3373,9.6178,9.6375,9.7022,9.8084,9.8125,9.9108,9.8517,10.08,10.296,10.467,10.478,10.216,10.379
25.791,8.9275,12.775,14.754,16.351,15.287,15.763,14.948,17.561,18.298,18.026,18.53,17.531,15.96,16.599,13.771,10.76,9.0348,10.76,10.15,11.938,10.76,12.045,10.067,11.599,7.0567,8.2217,7.9584,10.541,13.876,14.046,9.8089,12.819,12.95,14.521,13.735,13.438,13.16,14.61,13.979,11.54,12.201,11.48,7.5309,10.15,6.8863,4.9481,10.541,11.036,10.969,11.938,9.4391,11.036,10.067,11.036,11.036,10.541,11.938,9.8089,13.438,13.281,23.077,24.457,25.374,26.427,26.162,26.718,26.104,27.292,27.54,25.433,26.181,25.201,22.752,23.225,20.067,18.895,19.391,18.589,18.862,17.75,17.139,17.918,15.579,15.211,13.16,12.907,16.799,17.057,19.764,19.302,9.9279,9.772,9.4486,8.9547,8.6484,8.3424,8.7202,8.6238,8.6287,8.5245,8.3417,8.2362,8.0759,7.9723,8.2684,8.2484,8.8525,9.2353,9.403,9.2452,9.4169,9.417,9.3024,9.524,9.2905,9.5316,9.8707,10.074,9.7899,9.9279,8.6375,8.3837,8.0303,7.9349,7.6224,7.4351,7.6219,7.4812,7.3926,7.4976,7.4517,7.4166,7.5433,7.4161,7.5825,8.7576,8.8843,8.7692,8.7816,8.8496,8.7377,8.93,8.7492,8.8172,8.7053,8.9564,8.7857,8.8537,8.5333,8.6375,9.1151,8.8726,8.4679,8.287,7.9927,7.8443,7.8986,7.7985,7.7013,7.6491,7.6417,7.5387,7.503,7.4477,7.7295,7.9102,8.0453,8.1892,8.3553,8.4082,8.5277,8.5829,8.5125,8.6731,8.7787,9.1782,9.2504,9.1983,8.9767,9.1151
25.811,10.164,11.952,15.498,15.932,15.07,14.769,15.498,16.614,17.088,17.779,17.891,18.312,16.614,15.975,13.296,8.4846,8.6036,8.9422,12.834,11.247,9.4537,11.952,12.006,12.415,8.2364,8.6036,11.555,10.556,13.891,13.452,12.789,11.555,14.257,14.535,14.653,13.785,13.891,14.257,13.092,12.415,13.296,11.555,10.082,6.901,4.9628,-0.088713,7.0713,10.556,9.4537,11.051,10.775,11.247,9.8235,13.452,10.082,9.9113,12.415,11.051,13.603,13.175,23.544,24.289,26.338,27.1,26.434,26.195,26.443,26.951,26.029,25.185,25.649,25.773,23.994,22.86,20.254,18.211,18.198,17.664,18.35,17.154,18.604,17.891,15.932,15.2,12.922,14.061,17.154,16.614,20.278,19.049,10.389,10.172,9.5861,9.2172,9.074,8.7653,8.7833,8.8589,8.892,8.8532,8.6377,8.5967,8.3776,8.3009,8.5177,8.8372,9.2831,9.7375,9.8849,9.9554,9.8578,9.8253,9.9727,10.025,10.164,10.07,10.487,10.291,10.317,10.389,8.6052,8.3668,8.2338,8.1488,7.8105,7.829,7.8133,7.7851,7.5859,7.7633,7.5811,7.4695,7.7789,7.3346,7.8732,7.9482,9.1478,9.0841,8.9204,8.871,8.8392,8.7467,9.0404,8.8601,9.1347,8.9434,9.0653,8.7161,8.5423,8.6052,9.2213,8.9981,8.6965,8.471,8.3263,8.1386,8.0154,7.9006,7.8304,7.8728,7.7851,7.6921,7.6572,7.5812,7.8442,8.0507,8.3252,8.5349,8.6368,8.7133,8.5886,8.6934,8.7416,8.8984,9.0512,9.3324,9.3173,9.3202,9.1299,9.2213
25.831,9.4462,11.448,15.597,16.174,15.021,14.654,13.963,15.823,15.895,16.241,17.192,17.551,16.703,16.329,12.613,7.2978,6.3287,7.2978,10.308,10.478,11.448,11.643,10.478,11.643,9.0004,8.3699,10.478,10.22,14.932,13.362,11.952,10.478,13.963,14.654,13.186,13.963,12.011,13.318,12.812,10.478,10.561,11.892,9.339,7.4681,3.3184,3.3184,6.3287,8.6332,10.22,8.6332,9.339,10.308,10.478,11.952,11.643,10.308,12.403,10.478,14.686,12.457,23.109,22.994,26.19,26.671,25.815,25.543,25.646,26.647,24.962,23.826,24.902,24.917,23.952,22.446,18.989,16.582,17.011,16.703,17.942,16.436,17.485,15.99,15.165,15.823,13.318,13.318,16.917,15.623,19.841,18.543,10.571,10.174,9.7455,9.4459,9.1916,9.1093,9.0827,9.0987,9.1108,9.0013,8.9298,8.8624,8.8064,8.4947,8.7574,8.6721,9.1155,9.9186,10.04,9.9337,10.093,9.9525,10.233,10.118,10.331,10.334,10.76,10.796,10.575,10.571,9.0336,8.6447,8.6002,8.2371,8.1828,7.9419,7.9297,7.8673,7.8666,8.0002,7.6918,7.7425,7.8367,7.8754,8.3089,8.8667,9.2827,9.2738,9.2912,9.3086,9.1578,9.252,9.3638,9.2976,9.2517,9.2691,9.0415,9.0114,8.9352,9.0336,9.4518,9.1746,8.9431,8.689,8.5142,8.3113,8.24,8.1114,8.0551,8.0979,8.0356,7.9661,7.9406,7.8371,8.1399,8.3058,8.3924,8.6582,8.8459,8.9171,8.8878,8.8887,9.0672,9.1578,9.3034,9.5819,9.6333,9.4964,9.3913,9.4518
25.851,7.9269,10.546,14.638,14.67,14.272,14.946,14.442,15.607,16.747,17.535,18.016,17.649,16.42,15.582,11.365,9.835,7.2823,8.3544,11.628,9.835,9.835,11.628,10.293,11.936,7.4526,8.3544,7.9269,10.293,14.442,13.473,12.334,12.597,13.171,14.272,11.936,12.845,12.597,13.473,12.334,11.432,11.432,10.463,9.835,7.2823,2.8453,4.4423,5.6074,10.463,10.205,10.293,9.3235,10.205,10.463,12.334,12.597,9.4307,12.597,11.432,14.272,12.441,22.767,23.148,25.88,26.298,25.597,25.607,25.86,26.609,25.982,24.3,25.262,24.792,22.633,22.179,18.926,18.422,17.453,17.282,18.258,16.995,17.282,17.177,15.683,15.15,13.215,12.334,16.844,16.158,19.987,19.169,10.751,10.469,9.7906,9.5315,9.4031,9.1429,9.2899,9.1821,9.1511,9.1335,8.958,8.8825,8.8352,8.7216,8.9569,9.1233,9.5735,10.062,10.151,10.073,10.059,9.9807,10.07,10.274,10.348,10.39,10.615,10.723,10.585,10.751,9.0448,8.924,8.5515,8.5149,8.0442,7.9251,8.0997,7.9964,7.8968,7.8703,8.0369,7.886,7.9283,8.0261,8.5876,8.5611,9.4655,9.2892,9.2626,9.0387,9.1365,9.3762,9.3497,9.392,9.2711,9.1552,9.2606,9.0842,9.0577,9.0448,9.6882,9.4619,9.0477,8.8353,8.6197,8.4436,8.5125,8.378,8.3093,8.2261,8.2492,8.1609,8.1451,8.0559,8.4115,8.5044,8.6167,8.9953,9.0676,9.0956,9.1524,9.1741,9.2079,9.3863,9.4218,9.676,9.8549,9.8363,9.6033,9.6882
25.871,8.9831,11.993,14.945,16.224,15.878,14.129,14.44,15.342,16.745,16.686,18.27,17.451,16.419,15.973,11.363,7.925,6.3114,9.4289,12.332,10.544,12.795,12.439,11.43,11.934,7.4508,7.2805,9.8332,10.291,14.915,13.471,11.993,11.43,13.301,14.27,13.169,12.595,13.554,13.554,12.439,11.993,10.544,10.544,9.4289,8.8641,3.3011,0.29075,4.4405,9.4289,11.934,7.4508,8.6158,10.203,8.6158,11.43,8.9831,9.4289,12.595,10.544,12.595,12.595,22.977,23.037,25.98,26.311,25.449,25.761,25.961,26.654,25.606,24.611,24.971,25.148,23.235,22.508,18.42,16.823,17.534,17.121,18.692,16.419,16.993,16.311,15.342,15.148,13.554,13.983,16.899,15.854,19.018,18.525,11.095,10.628,10.23,9.7349,9.6509,9.4618,9.4496,9.5105,9.4946,9.4096,9.2785,9.1618,9.0804,8.9984,9.0185,9.2868,9.8526,10.29,10.507,10.414,10.329,10.308,10.549,10.505,10.597,10.8,10.985,11.029,10.975,11.095,9.3455,9.1013,8.9154,8.7499,8.7338,8.3819,8.2381,8.2635,8.449,8.3001,8.2098,8.2352,8.1994,8.1066,8.3668,8.8069,9.2645,9.5384,9.8044,9.8302,9.5792,9.6208,9.6623,9.7331,9.6308,9.7031,9.6077,9.6927,9.2009,9.3455,9.8734,9.6271,9.3461,9.0792,8.9126,8.7197,8.6588,8.5523,8.4505,8.4976,8.4306,8.3206,8.2964,8.2467,8.4912,8.7395,8.8689,9.0105,9.2259,9.3078,9.2655,9.2651,9.389,9.4098,9.7352,9.8471,9.9792,9.9705,9.8218,9.8734
25.891,9.8095,11.602,13.652,15.009,15.124,13.959,14.246,16.288,17.702,16.932,17.655,17.575,15.124,16.721,12.82,7.4271,7.9014,9.298,11.97,9.8095,11.602,11.407,10.267,11.407,7.2568,6.2877,10.52,10.52,14.613,13.277,11.339,11.131,14.141,13.277,12.308,12.572,13.808,14.141,12.82,11.131,10.52,8.5922,10.267,7.2568,7.2568,0.26708,5.5819,9.298,12.572,10.267,10.437,10.267,9.8095,11.339,11.131,10.912,12.362,11.131,13.448,13.652,22.607,23.277,25.897,26.299,25.774,25.693,25.492,26.541,25.854,24.812,24.876,25.006,23.19,22.357,20.179,18.233,16.951,17.257,18.396,17.886,17.427,17.377,16.541,15.426,12.308,12.572,16.288,16.288,19.341,19.405,9.4791,9.3281,8.8513,8.5068,8.3494,8.074,8.1125,8.0646,8.1928,8.1559,7.872,7.9512,7.6081,7.5778,7.7194,8.1526,8.1324,8.7488,9.0079,9.0787,8.9277,8.6787,8.859,9.1504,9.1889,9.2829,9.6552,9.6563,9.4618,9.4791,8.0406,7.8434,7.5555,7.3189,7.3528,7.168,7.1654,6.9016,6.9867,6.93,7.0111,6.6899,6.9424,6.6546,7.1521,8.1133,8.3922,8.323,8.2801,8.2109,7.9786,8.2787,8.4545,8.4884,8.1099,8.3176,8.4102,8.213,8.0319,8.0406,8.5124,8.2742,8.0015,7.8041,7.6406,7.4642,7.3181,7.2371,7.1818,7.1902,7.1097,7.0955,7.0376,6.9017,7.261,7.2618,7.5724,7.8469,7.974,8.0439,7.9866,7.9095,8.198,8.3059,8.3779,8.6373,8.7811,8.642,8.4607,8.5124
25.911,9.0997,11.101,13.941,15.525,14.339,13.941,13.503,15.917,16.356,16.864,17.318,17.581,14.586,15.067,11.101,9.9615,7.1216,10.215,10.825,11.297,10.215,12.266,9.8738,8.9924,9.0997,5.2763,8.6539,8.9924,13.616,12.972,9.504,11.101,12.514,12.514,12.466,13.941,11.664,12.84,13.015,11.664,11.297,8.9924,8.9924,8.9924,5.2763,5.013,5.013,9.9615,9.0997,11.034,10.215,10.825,8.9924,10.215,10.132,7.1216,11.605,11.664,12.11,11.664,22.115,23.962,25.469,25.894,25.165,25.632,25.312,26.152,26.318,24.194,24.489,24.473,22.173,21.937,19.256,18.091,17.397,17.941,18.131,17.269,16.645,16.513,15.251,15.12,12.84,13.015,15.251,16.846,19.416,18.45,9.907,9.4592,9.0489,8.6942,8.5084,8.2685,8.4527,8.3778,8.3851,8.3444,8.2084,7.945,7.9445,7.8148,8.1211,8.0326,8.5497,9.0413,9.0161,9.1389,9.1882,9.1768,9.0408,9.2916,9.2898,9.4326,9.9253,10.011,9.715,9.907,8.5093,8.0514,7.8464,7.7277,7.5622,7.3486,7.433,7.4256,7.4326,7.4368,7.2561,7.2143,7.7391,7.3367,7.2948,8.0647,8.5895,8.9725,8.7432,8.5933,8.8399,8.9483,8.9189,8.8437,8.6641,8.7983,8.767,8.7001,8.4941,8.5093,8.8433,8.567,8.1918,8.001,7.7579,7.5814,7.6644,7.5285,7.4539,7.3809,7.4392,7.2731,7.3099,7.1709,7.5175,7.6947,7.8035,8.0385,8.162,8.1372,8.294,8.3292,8.3881,8.4071,8.6709,8.8726,8.8984,8.9373,8.7629,8.8433
25.931,9.9128,11.496,15.427,16.367,14.882,15.427,15.304,16.367,17.766,17.766,17.766,18.605,17.221,16.521,13.605,9.0509,9.0509,9.4552,12.008,10.776,12.466,12.217,9.9128,13.297,8.6051,6.9025,11.496,8.6051,14.537,13.176,12.791,12.791,13.605,15.801,13.892,12.417,13.787,13.176,12.923,11.052,12.791,10.083,8.6051,7.5471,5.4758,-4.0666,7.9746,9.4552,12.217,9.9128,8.6051,10.557,10.083,12.417,11.052,9.0509,12.217,10.083,14.567,13.892,23.605,24.063,26.445,27.156,26.055,26.186,26.197,27.128,26.535,24.593,25.481,25.676,24.145,23.081,20.776,17.022,17.892,17.934,18.823,17.547,17.975,17.348,16.743,16.186,14.063,13.454,17.41,16.041,20.42,19.407,10.027,9.6831,9.2541,8.8364,8.5772,8.3158,8.5196,8.5177,8.499,8.4387,8.276,8.2902,8.1149,7.9099,8.0377,8.3128,8.8961,9.2682,9.3878,9.2763,9.3052,9.348,9.3645,9.4538,9.5804,9.6853,10.127,10.09,9.781,10.027,8.4979,8.2846,7.7994,7.7048,7.6788,7.3675,7.2392,7.3438,7.4447,7.4466,7.425,7.3815,7.4796,7.455,7.5712,8.0922,8.6132,8.8125,8.6512,8.6055,8.5063,8.4573,8.7952,8.892,8.7301,8.4794,8.5444,8.2588,8.2236,8.4979,8.9757,8.7883,8.4078,8.195,7.9721,7.7756,7.7698,7.6567,7.5999,7.5907,7.4986,7.4653,7.3731,7.3278,7.5989,7.6927,7.9983,8.1475,8.3036,8.3599,8.3667,8.36,8.5785,8.5688,8.7153,9.0535,9.1668,8.9607,8.834,8.9757
25.951,10.203,11.285,14.032,15.265,13.642,14.604,13.491,15.905,16.404,16.852,16.94,17.673,15.265,16.798,12.828,8.5232,7.1099,7.5842,11.534,11.285,10.12,10.12,7.1099,11.089,9.4923,7.1099,8.9808,9.0881,12.96,13.213,10.594,8.5232,12.454,13.824,13.491,13.788,11.089,13.605,12.254,10.12,11.285,11.089,8.0117,7.1099,2.9602,-0.050085,7.1099,8.9808,10.12,10.203,9.0881,9.0881,8.6422,11.285,9.4923,11.089,11.991,11.593,11.991,11.534,22.415,23.067,25.3,25.651,25.428,25.632,25.288,26.369,26.093,24.437,24.919,24.559,22.254,21.953,19.483,17.584,18.012,17.702,18.388,17.193,16.78,16.652,15.632,15.239,13.929,12.254,16.404,15.464,19.035,18.583,10.358,9.9137,9.4871,9.2286,8.9263,8.5154,8.8269,8.6499,8.8393,8.6789,8.4972,8.4721,8.3788,8.2739,8.5104,8.6959,9.1022,9.5228,9.7216,9.7849,9.5557,9.7646,9.5829,9.8648,9.8806,10.218,10.303,10.553,10.261,10.358,8.4697,8.5933,8.1097,7.9889,7.8893,7.5659,7.5753,7.4326,7.362,7.5212,7.3119,7.4711,7.3386,7.2791,7.932,8.6025,8.8647,8.8741,8.7416,8.4038,8.5359,8.8432,8.5318,8.9805,8.6469,8.8361,8.7766,8.5568,8.2629,8.4697,9.2152,8.9415,8.5932,8.4181,8.1272,7.9796,7.9846,7.8667,7.8159,7.7995,7.7535,7.6552,7.6314,7.5272,7.8402,8.0175,8.1556,8.4095,8.5068,8.5787,8.5534,8.6384,8.7499,8.7456,9.0736,9.218,9.2418,9.1786,9.031,9.2152
25.971,9.8177,10.275,15.862,16.73,14.929,13.93,14.358,15.59,15.245,16.549,16.94,17.452,17.106,16.466,12.424,6.2959,7.265,8.6004,11.415,9.3062,11.139,10.528,11.919,11.139,8.8486,3.2856,10.446,10.446,14.255,13.286,13.153,10.275,13.286,14.255,13.198,11.347,13.286,11.919,10.528,10.275,11.611,10.92,7.265,8.9676,5.5901,2.828,5.5901,7.9096,10.528,9.3062,8.6004,10.528,10.92,11.978,9.8177,9.8177,11.415,11.415,14.899,10.528,23.18,23.393,26.039,26.884,25.671,25.582,25.915,26.466,24.991,23.967,24.893,25.289,23.719,22.492,18.8,16.67,17.631,17.435,18.8,16.466,17.91,16.959,16.466,15.59,12.828,14.899,17.435,16.296,19.837,18.714,10.434,10.08,9.712,9.248,9.0586,8.8633,9.0702,8.9734,9.0091,8.8278,8.7564,8.5828,8.5535,8.4431,8.5776,8.6151,9.047,9.7619,9.8625,9.6334,9.6909,9.8863,9.861,9.9555,9.8726,10.163,10.508,10.725,10.285,10.434,8.7159,8.7022,8.4633,8.1864,8.1274,7.8885,7.7914,7.7694,7.6788,7.7182,7.7242,7.6208,7.6449,7.713,8.3394,8.6409,8.9424,9.3533,8.9878,8.9342,8.7721,9.0564,8.9197,8.9205,9.3104,8.9296,8.8881,9.0398,8.6177,8.7159,9.3699,9.2002,8.888,8.584,8.3733,8.2176,8.2183,8.1229,7.9841,8.0594,7.9021,7.8323,7.8657,7.8077,8.0503,8.0883,8.3956,8.5826,8.7046,8.8367,8.8637,8.8095,8.9347,8.9797,9.1375,9.2888,9.5201,9.4153,9.2615,9.3699
25.991,9.3061,11.611,15.017,15.564,14.425,15.245,13.967,15.59,16.339,16.884,17.71,17.773,16.403,16.403,12.424,10.446,7.2649,9.4134,9.3061,12.316,11.415,12.424,10.275,10.92,9.3061,5.8383,10.446,8.8486,14.358,12.828,9.8177,11.611,12.779,13.66,12.779,13.329,12.779,13.456,13.153,11.978,10.528,9.4134,8.337,5.59,3.2855,2.3164,6.2958,8.337,11.415,10.92,11.415,10.275,11.415,11.415,10.188,9.8177,10.528,11.415,13.93,11.415,22.534,23.427,25.375,26.141,25.684,25.905,25.838,26.426,26.403,24.784,25.208,25.084,22.947,22.3,19.569,17.663,17.895,17.773,18.241,17.265,17.631,17.159,15.957,15.132,12.779,11.978,16.296,15.245,19.413,18.968,10.791,10.414,9.837,9.4593,9.1774,9.0396,9.1839,9.1469,9.1658,9.041,8.9649,8.8962,8.7887,8.7105,9.0165,8.9457,9.518,9.8932,10.168,10.01,10.05,10.048,10.001,10.249,10.15,10.314,10.744,10.784,10.626,10.791,9.0134,8.8668,8.6615,8.3733,8.2145,8.1182,8.2212,7.9683,7.9146,7.9442,7.6076,7.7731,8.2244,7.7559,8.2411,8.3394,9.223,9.4632,9.3641,9.3968,9.312,9.4967,9.3975,9.0322,9.4697,9.568,9.3011,9.0656,8.9564,9.0134,9.6464,9.3652,9.0698,8.8281,8.565,8.422,8.3981,8.3186,8.2265,8.2017,8.1825,8.1048,8.0761,8.084,8.3752,8.4966,8.6333,8.9037,8.9545,9.1041,9.1107,9.0529,9.23,9.2598,9.5195,9.7008,9.7958,9.7278,9.5827,9.6464
26.011,7.2458,10.256,13.911,15.571,14.13,14.88,14.634,15.113,17.14,16.277,17.499,17.366,15.415,16.211,13.134,10.426,6.2767,7.2458,11.591,11.959,11.396,11.396,9.7985,10.256,8.3179,6.2767,8.9484,8.5812,13.437,13.641,11.591,10.509,13.437,13.134,12.561,12.297,11.84,13.266,13.134,10.901,11.9,10.256,7.4161,7.8904,5.8191,-0.71301,9.3942,8.9484,11.9,9.3942,10.256,10.426,9.3942,12.351,9.7985,9.287,12.561,10.426,12.561,12.561,22.961,23.374,25.809,26.32,25.614,26.029,25.822,26.757,26.384,24.709,25.375,25.167,22.596,22.08,19.75,17.366,18.385,18.277,18.109,16.865,17.14,17.246,14.91,15.843,13.134,13.437,16.384,16.122,19.132,18.556,10.826,10.679,9.9844,9.675,9.3994,9.22,9.3624,9.4065,9.4133,9.2145,9.1654,8.9989,9.0244,8.8375,8.9858,9.0591,9.5726,10.39,10.14,10.072,10.214,10.208,10.258,10.29,10.285,10.601,10.94,10.872,10.677,10.826,9.1367,9.1879,8.6674,8.6263,8.2669,8.1591,8.4119,8.2011,8.3574,8.1842,7.9951,8.143,7.7347,8.1262,8.2958,9.6558,9.5556,9.3992,9.4498,9.4871,9.5287,9.3734,9.6399,9.5397,9.6505,9.4397,9.4738,9.2842,9.0521,9.1367,9.8188,9.6023,9.2085,9.0956,8.8212,8.6624,8.6823,8.563,8.5026,8.4081,8.4534,8.3535,8.3292,8.243,8.6195,8.7211,8.9072,9.1683,9.2636,9.3064,9.332,9.3654,9.2048,9.4864,9.6544,10.021,9.9793,9.9567,9.7591,9.8188
26.031,6.2764,11.899,14.094,14.406,14.235,16.122,13.436,16.71,18.008,17.246,17.499,17.691,13.64,15.819,13.178,10.168,8.8292,7.4159,11.839,11.395,9.7983,11.899,9.2867,9.394,7.4159,7.8901,7.2455,10.509,13.134,14.235,10.168,11.119,12.56,12.56,13.309,13.178,13.64,12.76,14.602,12.404,11.119,9.2867,7.8901,8.5809,5.5706,-3.7236,9.2867,10.509,10.426,10.256,8.5809,10.426,10.256,8.3176,10.256,8.5809,11.119,11.395,12.56,12.809,21.791,23.712,24.406,25.375,25.563,26.144,25.726,26.801,27.242,25.291,25.734,24.865,21.958,22.55,20.15,18.542,18.936,18.694,18.948,17.499,16.921,17.753,14.88,15.113,12.809,13.266,15.571,16.276,18.936,18.581,10.952,10.78,10.218,9.9581,9.4834,9.5543,9.4788,9.5884,9.58,9.4498,9.3199,9.2132,9.1552,9.05,9.3783,9.2429,9.8929,10.345,10.407,10.396,10.458,10.36,10.329,10.405,10.578,10.65,11.037,11.038,10.991,10.952,9.453,9.343,8.833,8.7742,8.5507,8.4497,8.5405,8.2751,8.3881,8.3217,8.3224,8.3528,8.2352,8.1701,8.4594,9.5845,9.7056,9.6903,9.5705,9.7091,9.6115,9.7539,9.6087,9.5499,9.4912,9.3936,9.6426,9.4083,9.2552,9.453,10.032,9.8296,9.3707,9.2194,8.9504,8.7619,8.8851,8.7355,8.6375,8.5014,8.5791,8.4816,8.4752,8.4076,8.6348,8.8092,9.0216,9.2139,9.3824,9.3932,9.5653,9.4537,9.5085,9.6229,9.6523,9.9267,10.162,10.05,9.8916,10.032
26.051,8.9253,9.3711,15.284,15.284,13.925,14.887,14.212,16.297,16.121,16.687,17.393,17.393,16.297,15.624,13.618,9.3711,7.2227,8.5581,11.372,10.878,11.097,10.233,9.7754,11.936,7.393,6.2536,9.3711,7.2227,14.383,13.156,11.877,11.877,12.274,12.274,12.537,13.243,12.381,13.111,12.537,11.305,10.403,11.097,8.9253,7.8673,4.3827,2.7857,4.3827,8.5581,11.372,10.878,10.403,10.233,9.7754,11.097,10.233,9.7754,12.537,11.305,14.212,11.936,22.81,23.907,25.856,26.361,25.948,25.996,25.548,26.687,26.094,24.383,24.778,25.065,23.142,22.08,19.608,17.589,18.362,17.223,18.866,16.898,17.343,17.223,16.628,16.188,13.414,13.243,16.297,16.254,19.527,18.758,9.8742,9.6087,8.9654,8.6125,8.2772,8.2954,8.2634,8.3319,8.3885,8.2527,8.1185,8.0495,8.0625,7.9045,8.0349,8.0047,8.5479,9.0192,9.1776,9.2228,9.326,9.3476,9.3165,9.4041,9.5556,9.469,9.8324,10.154,9.8189,9.8742,8.3149,7.9696,7.6551,7.5195,7.345,7.1443,7.1193,7.0984,7.1623,6.9616,6.8815,7.2826,7.0796,7.0419,7.3423,8.4381,8.358,8.4236,8.5154,8.494,8.424,8.4858,8.3882,8.4837,8.4387,8.3411,8.604,8.2497,8.2939,8.3149,8.7231,8.4901,8.0889,7.9228,7.6694,7.5166,7.6035,7.4556,7.3388,7.2716,7.2816,7.1773,7.1673,7.1001,7.3657,7.5091,7.7217,7.9686,8.0551,8.1507,8.1965,8.1665,8.2083,8.2987,8.5431,8.6101,8.8817,8.851,8.5399,8.7231
26.071,8.5348,10.463,14.587,15.797,14.084,13.22,14.587,15.724,17.452,16.761,17.37,17.874,16.483,16.076,13.263,8.902,7.3697,8.5348,10.854,10.122,10.38,10.854,10.21,11.349,9.2406,7.3697,10.463,10.21,14.048,13.902,11.282,11.073,12.514,14.189,11.853,12.514,11.912,13.22,11.545,11.912,12.514,12.251,8.5348,5.5245,-0.7594,2.2509,5.2612,8.5348,11.853,8.783,8.5348,9.7521,8.902,13.132,9.7521,10.122,10.38,10.463,13.473,12.714,22.685,23.622,25.318,26.055,25.499,26.021,25.727,27.026,26.638,24.622,25.112,24.881,22.305,22.685,19.922,18.231,17.707,17.302,18.937,17.452,16.912,17.386,15.315,15.892,13.22,13.594,16.23,15.892,19.494,18.231,9.8412,9.603,9.2399,8.7389,8.5721,8.4185,8.4205,8.4255,8.4041,8.3092,8.3041,8.1918,8.1353,7.9514,8.1036,8.4193,8.9676,9.2052,9.1603,9.3359,9.3285,9.3312,9.3649,9.5682,9.4189,9.4803,9.98,10.053,9.8486,9.8412,8.3067,8.1344,7.9994,7.8395,7.6135,7.5584,7.349,7.2511,7.5285,7.3453,7.4661,7.3062,7.2619,7.4888,7.7662,7.5032,8.811,8.793,8.6438,8.8074,8.7894,8.745,8.6386,8.5408,8.7414,8.8002,8.7346,8.5525,8.2894,8.3067,8.9813,8.6646,8.3795,8.1851,7.9405,7.7985,7.743,7.6599,7.582,7.5452,7.5327,7.4793,7.4722,7.338,7.6235,7.8372,8.0046,8.2323,8.3919,8.4644,8.4504,8.403,8.5287,8.5723,8.8043,9.0434,9.0799,9.1235,8.8485,8.9813
26.091,8.4965,9.9231,13.903,14.636,14.006,13.903,13.903,14.892,15.238,17.166,18.052,17.646,16.377,15.212,12.228,10.176,7.0832,8.6154,11.063,10.568,11.063,9.9231,9.0613,11.063,6.9128,4.0729,7.0832,8.6154,12.801,13.797,10.787,10.176,13.464,13.104,11.626,11.567,11.259,12.228,11.964,12.476,11.507,9.9231,7.5574,7.9849,4.0729,-0.076871,5.4862,8.6154,10.787,9.4656,8.6154,9.4656,6.9128,11.063,7.9849,7.0832,11.063,10.787,12.977,11.964,22.466,23.276,25.331,26.114,25.51,25.476,25.751,26.191,25.858,24.432,24.854,24.78,22.933,21.724,18.556,16.754,16.455,17.358,18.615,16.913,17.166,15.944,15.811,15.51,11.964,13.903,16.377,15.51,18.954,18.411,10.263,10.077,9.4269,9.0839,8.7323,8.7257,8.6811,8.6723,8.6951,8.6289,8.4545,8.3777,8.3691,8.2302,8.5153,8.5304,8.6536,9.2848,9.5298,9.482,9.5517,9.4896,9.9779,9.7777,9.8575,10.117,10.325,10.562,10.173,10.263,8.563,8.4989,8.0355,7.9146,7.6307,7.5726,7.5025,7.5725,7.7077,7.456,7.526,7.4162,7.4275,7.5563,7.8926,8.3019,9.1573,9.0708,8.7446,8.8658,8.7707,9.0059,9.076,8.8418,8.7144,8.6601,8.872,8.654,8.5926,8.563,9.156,8.9163,8.5885,8.3534,8.1123,7.9357,7.9565,7.8503,7.7655,7.7538,7.6959,7.6288,7.6414,7.5507,7.8637,8.0396,8.198,8.3834,8.51,8.573,8.6073,8.5486,8.5808,8.7565,8.9236,9.1811,9.1996,9.246,9.0545,9.156
26.111,8.8654,9.377,14.459,14.804,15.124,14.212,13.673,15.517,16.289,15.723,17.222,16.665,16.025,16.386,12.713,8.8654,5.8551,6.9946,11.17,11.537,10.974,10.005,6.8242,10.974,6.8242,5.3976,10.005,8.8654,13.814,13.708,10.974,11.537,13.015,13.527,12.888,12.757,12.139,13.219,12.757,9.8345,10.974,10.479,8.5269,5.1493,3.9843,2.8448,5.3976,8.5269,10.088,8.9727,11.478,10.479,10.005,10.088,8.9727,10.479,10.907,10.005,14.459,12.387,22.69,23.489,25.552,25.962,25.371,25.7,25.517,26.215,25.598,24.054,24.577,24.407,22.581,22.113,18.919,17.077,17.688,17.8,18.562,17.587,16.824,17.222,15.855,15.149,12.339,13.219,16.443,16.683,18.876,17.964,10.328,10.147,9.5602,9.1757,8.8853,8.6619,8.9169,8.8919,8.8967,8.7903,8.6271,8.5337,8.4153,8.3645,8.6166,8.3896,9.1353,9.4728,9.6342,9.5324,9.6403,9.5317,9.7962,9.6322,9.7168,10.179,10.585,10.279,10.098,10.328,8.8082,8.8608,8.2613,8.0244,7.8852,7.7479,7.7296,7.768,7.8225,7.7274,7.6149,7.5166,7.8253,7.9636,8.1691,8.9838,9.0686,8.9968,9.1018,9.2538,9.265,9.0498,9.0204,9.2591,8.8545,8.9118,9.0554,9.0159,8.6647,8.8082,9.3994,9.1883,8.7826,8.6143,8.2972,8.1215,8.2631,8.1152,8.0013,7.914,7.9692,7.8053,7.8159,7.8451,8.1519,8.0585,8.387,8.6096,8.7107,8.7207,8.8454,8.8723,8.8494,8.9801,9.0902,9.3787,9.5102,9.413,9.2331,9.3994
26.131,8.5098,10.462,13.51,15.107,14.441,14.411,13.51,15.107,16.091,15.499,17.06,17.125,15.132,15.881,12.122,9.8174,5.838,6.8071,11.52,10.89,10.681,10.07,10.07,8.9556,8.5098,6.8071,8.1425,8.8483,13.472,12.74,9.9878,10.957,12.122,12.871,12.122,13.202,12.37,12.828,12.122,9.9878,10.957,8.8483,8.8483,6.9775,-0.18256,-0.18256,6.9775,8.8483,9.3599,10.957,8.9556,8.8483,9.7297,11.52,8.8483,8.1425,10.681,9.8174,13.51,13.202,22.623,23.006,25.457,26.182,25.213,25.488,25.514,26.61,25.996,24.144,24.981,24.649,22.905,22.096,18.956,17.452,17.879,16.927,18.545,17.452,17.06,16.994,15.881,15.332,13.967,12.828,16.501,15.132,19.071,18.256,10.551,10.168,9.7921,9.4265,9.1995,9.0901,9.1193,9.1485,9.0926,9.0461,8.8492,8.7366,8.6214,8.4303,8.5804,8.8371,9.1325,9.5699,9.88,9.877,9.7995,9.8189,9.8795,10.1,9.9866,10.439,10.515,10.424,10.339,10.551,9.0682,8.7753,8.5078,8.3108,8.068,8.0627,8.015,7.975,8.1156,7.8745,7.9763,7.7009,8.2664,7.7802,8.612,9.1775,9.4767,9.5231,9.3032,9.2807,9.2958,9.287,9.5307,9.4759,9.4126,9.116,9.3458,9.3585,9.1941,9.0682,9.5522,9.34,8.9736,8.7757,8.579,8.403,8.3803,8.296,8.1737,8.1501,8.1701,8.0694,8.0243,7.9625,8.2474,8.4671,8.6312,8.799,8.9347,9.006,9.0581,9.0612,9.1256,9.2357,9.3116,9.5034,9.6967,9.6373,9.4632,9.5522
26.151,7.3872,10.48,12.532,15.084,14.207,14.605,13.237,15.542,17.95,17.725,18.514,16.892,15.279,16.892,14.065,10.398,8.289,9.3653,10.48,11.367,10.872,11.563,9.3653,9.2581,7.3872,7.2169,7.8615,8.8005,13.237,12.376,9.3653,12.376,11.091,12.376,13.15,13.237,12.731,11.871,13.281,11.811,11.367,7.8615,8.289,8.9195,7.8615,-0.74191,7.3872,10.227,11.563,10.48,10.398,11.563,8.5523,11.871,8.8005,10.398,10.872,12.268,13.408,11.563,22.365,23.671,24.714,25.279,25.516,26.304,25.623,26.826,27.111,25.635,25.909,24.605,21.93,22.532,20.095,18.514,18.86,18.08,18.552,17.725,17.058,17.861,14.377,14.605,12.532,13.237,14.851,15.542,18.666,19.001,10.907,10.452,9.9505,9.6362,9.4134,9.2403,9.3012,9.3738,9.3162,9.3079,9.1319,9.1178,9.0305,8.8257,9.0602,9.1116,9.5535,10.082,10.325,10.167,10.16,10.149,10.359,10.424,10.544,10.737,10.83,11.089,10.801,10.907,9.3476,8.9218,8.7374,8.513,8.4193,8.2149,8.2373,8.1649,8.2874,8.1827,8.1027,8.1788,8.3549,7.9854,8.351,9.3125,9.6961,9.6891,9.7297,9.7874,9.6639,9.4119,9.6975,9.6069,9.8291,9.8221,9.8252,9.5377,9.2089,9.3476,9.7615,9.5289,9.2228,8.9995,8.7263,8.5686,8.5571,8.4575,8.3901,8.3014,8.3776,8.2648,8.2441,8.1397,8.4187,8.6302,8.8038,9.0488,9.1523,9.1741,9.1916,9.1647,9.3097,9.2757,9.4969,9.8592,9.8799,9.8111,9.659,9.7615
26.171,8.5559,9.2617,14.21,14.855,14.21,14.576,13.284,15.546,15.913,16.359,17.408,17.619,15.794,15.52,13.153,10.231,5.2823,7.3908,11.094,11.874,11.37,10.484,8.8041,10.401,8.5559,5.5456,9.2617,8.5559,12.784,13.153,10.231,10.401,12.379,12.535,13.284,13.494,11.874,12.272,11.933,11.37,10.401,8.5559,8.9231,8.2926,0.2308,2.272,7.2205,10.143,9.3689,11.566,9.7732,10.231,11.37,11.37,10.875,11.566,11.933,11.37,13.241,12.784,22.888,23.411,25.861,26.459,25.767,25.913,26.047,26.839,26.251,24.684,25.35,25.133,23.037,22.651,20.17,17.728,17.539,17.85,18.36,18.098,17.408,17.474,16.626,15.794,13.284,13.886,17.115,16.186,18.911,18.084,10.857,10.636,10.208,9.8258,9.5608,9.3518,9.5526,9.5278,9.4637,9.3744,9.258,9.0824,9.0534,8.8365,9.0875,9.0855,9.5852,10.029,10.173,10.298,10.061,9.9295,10.293,10.346,10.545,10.892,10.966,10.899,10.679,10.857,9.4068,9.2665,8.984,8.7544,8.5815,8.5643,8.449,8.2162,8.3189,8.4127,8.2899,8.4372,8.3212,8.2906,8.5584,9.4698,9.9175,9.8636,9.7785,9.7171,9.5981,9.8659,9.7945,9.7406,9.6835,9.6232,9.8376,9.601,9.4228,9.4068,9.9224,9.6943,9.4229,9.1962,8.9663,8.8195,8.7393,8.5986,8.5378,8.5318,8.4902,8.4067,8.3641,8.3106,8.6199,8.7735,9.0126,9.1794,9.226,9.333,9.2751,9.3012,9.5846,9.5634,9.7914,9.9032,9.9996,9.9682,9.8141,9.9224
26.191,8.777,10.204,15.493,14.581,14.353,14.353,14.078,15.362,16.092,15.886,17.364,16.906,16.224,16.159,13.384,9.3418,5.7667,8.2655,8.896,9.2346,10.374,10.204,10.848,11.906,7.3637,5.5185,9.2346,10.374,13.384,13.896,10.374,13.467,11.343,13.082,12.352,13.126,11.539,12.245,12.508,11.343,10.848,10.374,8.5288,7.3637,3.214,3.214,4.3534,9.3418,11.276,10.374,10.204,10.457,8.777,10.204,9.2346,9.7461,11.906,9.7461,13.896,12.508,23.214,23.659,25.562,26.141,25.772,26.163,25.834,26.899,26.403,24.591,25.061,24.952,23.059,22.342,19.169,18.057,17.823,18.183,18.503,17.868,17.838,17.823,15.767,15.493,12.508,12.508,16.658,15.594,19.342,18.333,9.6741,9.4506,8.8323,8.567,8.1191,8.0376,8.2426,8.2204,8.2535,8.1497,7.9585,7.8039,7.7778,7.6257,7.9189,7.7822,8.4548,9.0167,8.9584,9.0334,8.9343,9.0501,9.0652,9.0815,9.2206,9.3402,9.8253,9.7262,9.5027,9.6741,7.9836,8.0049,7.4756,7.3391,7.3072,7.1294,7.0859,6.8742,6.9726,6.8853,6.853,6.772,7.2214,6.9805,7.9966,7.85,8.0807,8.2696,8.0918,8.0008,8.3003,8.2902,8.5088,8.2203,8.2536,7.9652,8.3055,8.3156,7.7609,7.9836,8.6642,8.4967,8.091,7.8691,7.6233,7.4504,7.5234,7.4189,7.2878,7.2413,7.2388,7.1159,7.1909,7.1291,7.4192,7.4465,7.7257,7.9499,7.9608,8.0445,8.1372,8.2163,8.1094,8.1561,8.4477,8.468,8.8539,8.779,8.5624,8.6642
26.211,7.4622,8.966,13.807,15.219,13.91,12.132,13.807,15.143,15.783,15.51,16.102,17.216,15.391,15.51,11.412,7.4622,6.8176,8.8588,10.967,9.9982,11.976,9.9982,10.691,8.8588,7.4622,5.8485,8.966,9.8279,14.987,12.706,10.691,11.163,12.332,13.483,11.869,13.091,11.976,12.838,10.967,9.7401,8.966,9.3703,8.5202,7.8897,1.8691,-0.17211,3.9776,9.3703,9.8279,8.966,10.967,8.8588,10.691,13.483,9.3703,9.8279,11.163,10.472,13.807,12.881,22.877,23.59,25.765,26.185,25.259,25.591,25.621,26.478,25.256,23.9,24.529,24.947,23.116,21.836,18.153,16.938,17.492,17.462,18.738,16.938,17.957,16.73,16.437,16.493,13.978,12.332,16.379,15.117,19.292,17.944,9.6649,9.7177,9.1475,8.7613,8.3916,8.3931,8.2791,8.3069,8.3798,8.2479,8.1525,8.0059,7.9036,7.7098,7.7911,7.9545,8.1423,9.0323,9.1545,9.2591,8.9553,8.8249,9.1051,9.3004,9.1664,9.6515,9.7874,9.8228,9.5745,9.6649,8.2657,8.1488,7.8595,7.7421,7.4122,7.3264,7.2229,7.2043,7.3104,7.3055,7.1451,7.2269,7.4427,7.0064,7.5207,8.3567,8.7466,8.7417,8.6504,8.6318,8.3744,8.4425,8.5838,8.6025,8.2726,8.4651,8.439,8.3034,8.1154,8.2657,8.8689,8.6088,8.3454,8.1218,7.9507,7.7767,7.6351,7.5358,7.4678,7.4869,7.4284,7.4027,7.3257,7.2365,7.5003,7.7439,7.9723,8.1535,8.3414,8.3968,8.271,8.2766,8.4702,8.4574,8.726,8.8995,8.9322,8.9955,8.7866,8.8689
26.231,9.3121,10.427,14.324,14.256,13.227,13.184,13.559,14.828,14.798,15.565,16.706,17.853,15.143,15.463,11.313,8.4991,7.1637,7.1637,11.313,11.509,10.344,11.313,9.2049,10.174,7.8083,7.1637,8.4991,8.4991,14.153,13.097,11.313,11.038,13.227,13.184,13.559,12.727,11.877,13.355,12.215,11.313,10.086,8.4991,10.344,8.8663,3.1843,5.2255,7.334,11.038,10.819,10.427,9.7164,10.174,10.174,12.478,9.2049,9.7164,13.184,10.086,14.52,11.877,23.363,23.715,26.365,26.72,25.919,26.056,26.073,26.826,25.91,24.494,24.747,24.983,23.437,22.044,18.855,17.793,17.004,17.853,19.312,17.334,17.808,17.609,16.858,16.195,13.559,13.184,16.706,16.129,19.468,18.236,10.134,9.7729,9.3387,8.879,8.586,8.6341,8.5903,8.4642,8.6387,8.6567,8.4526,8.2344,8.2099,8.1253,8.1981,8.3741,8.5792,9.455,9.6389,9.4667,9.3209,9.4493,9.5952,9.7235,9.9106,10.122,10.174,10.276,10.148,10.134,8.5084,8.2139,7.962,7.7434,7.6321,7.5435,7.4393,7.541,7.4045,7.341,7.3464,7.3306,7.4127,7.5144,8.1956,8.3984,8.7256,8.7528,8.8062,8.6475,8.3432,8.546,8.7868,8.7446,8.7287,8.4679,8.5288,8.4099,8.394,8.5084,9.061,8.7836,8.5447,8.2843,8.1075,7.9418,7.8539,7.7515,7.6457,7.7046,7.6364,7.5812,7.5347,7.4373,7.7455,7.8748,8.1808,8.3385,8.4167,8.4748,8.4323,8.4551,8.5427,8.6684,8.7705,8.9538,9.2054,9.026,8.9504,9.061
26.251,6.9615,8.9396,13.781,14.514,13.951,13.64,11.843,15.484,15.756,16.256,16.911,17.044,15.69,15.365,13.343,8.3748,6.7912,6.7912,9.3439,9.3439,10.874,10.665,10.055,9.8015,6.7912,7.4358,6.9615,10.055,13.186,12.982,10.446,9.9718,13.065,12.354,11.445,12.68,11.897,10.941,12.68,12.106,9.8015,9.8015,8.8324,8.9396,7.4358,-0.1985,8.1266,9.8015,9.9718,8.1266,9.7138,11.504,10.446,10.941,10.665,9.8015,11.137,9.8015,14.514,11.843,22.276,23.214,25.389,25.936,25.822,25.756,25.701,26.587,26.14,24.425,24.845,25.16,22.584,22.106,19.344,18.29,17.436,17.931,18.435,17.655,17.109,17.48,15.69,15.865,12.354,12.855,16.256,15.992,18.494,18.088,10.488,10.226,9.4755,9.143,8.9262,8.6259,8.7717,8.9027,8.8121,8.755,8.5939,8.3989,8.5467,8.3253,8.6796,8.437,9.0465,9.6559,9.8017,9.7676,9.9134,9.6468,9.8398,10.029,10.137,10.199,10.626,10.76,10.368,10.488,8.8418,8.8076,8.2562,8.0579,7.9211,7.6709,7.7964,7.8209,7.7312,7.638,7.6149,7.5151,7.5951,7.5645,7.814,8.4408,9.0612,8.9226,9.0202,9.1215,9.1247,9.0482,9.0462,9.0606,9.0339,8.8434,9.0002,9.0035,8.5966,8.8418,9.2854,9.1093,8.7416,8.5139,8.2132,8.0466,8.1329,8.0066,7.8549,7.8678,7.8027,7.6516,7.7204,7.708,8.0105,7.9762,8.2613,8.5283,8.5926,8.6228,8.6676,8.6766,8.7398,8.7694,8.9529,9.079,9.3831,9.2908,9.0937,9.2854
26.271,7.4678,10.004,13.813,14.211,12.338,13.983,13.014,14.939,15.224,15.699,16.536,17.453,15.123,15.123,11.536,7.4678,6.9936,7.4678,9.376,8.8644,10.087,10.697,10.478,9.8335,5.8541,5.8541,6.8232,8.1586,13.813,13.218,10.906,10.004,11.477,13.097,11.982,12.138,11.982,13.813,11.477,11.929,10.004,10.087,8.4069,6.8232,2.8438,3.9833,5.1483,9.7458,8.9717,9.376,9.8335,10.697,10.004,9.8335,11.417,9.376,11.477,10.004,13.983,10.973,22.689,23.293,25.464,26.107,25.597,25.679,25.749,26.262,25.788,24.358,24.819,24.896,22.689,21.982,19.035,17.331,18.235,17.701,18.003,16.823,17.141,17.468,15.397,15.148,13.014,12.138,15.699,15.516,19.239,18.159,10.62,10.271,9.7269,9.3037,9.0153,8.8884,9.0437,9.0747,9.0609,8.9992,8.7729,8.7045,8.6374,8.4669,8.5301,8.9093,9.3452,10.147,9.9222,9.7557,9.7747,9.7959,10.125,10.197,9.851,10.47,10.625,10.704,10.472,10.62,9.1837,8.7605,8.3733,8.2279,8.1697,7.9777,7.9393,7.9246,7.7357,7.9365,7.9081,7.7631,8.0444,7.9604,7.9145,9.1351,8.9568,9.2714,9.1562,9.2833,9.2373,9.2441,9.5156,9.3452,9.2613,9.4991,9.2362,9.1717,8.877,9.1837,9.525,9.3041,8.9581,8.7395,8.4471,8.3033,8.3509,8.2361,8.0676,8.0845,8.0882,7.9879,7.9228,7.9273,8.2562,8.3198,8.5538,8.72,8.8541,8.9856,8.9561,8.923,8.9645,8.9879,9.1825,9.3303,9.5847,9.7347,9.3783,9.525
26.291,8.486,8.8533,13.853,15.45,13.342,12.665,13.816,15.018,15.748,16.182,17.045,17.321,15.476,16.116,13.342,7.1506,4.3107,6.1815,10.161,10.806,8.8533,9.1918,8.2227,10.806,8.8533,7.1506,10.806,10.414,13.853,12.309,9.7034,10.414,12.665,12.465,13.171,13.214,11.025,13.342,12.714,11.025,11.233,10.331,8.486,3.1712,3.1712,2.7137,5.4757,10.161,11.3,10.806,10.414,9.7034,11.3,11.496,10.414,9.2991,12.309,11.3,13.546,12.714,22.889,23.379,26.06,26.352,25.954,26.182,25.897,26.796,26.278,24.697,25.218,24.862,23.577,22.372,19.723,17.517,17.84,17.338,19.126,17.658,18.223,17.78,16.863,15.45,12.465,10.806,15.476,16.225,18.935,18.141,10.712,10.475,9.9542,9.599,9.2479,9.1194,9.1153,9.1173,9.1518,9.1885,8.9794,8.8552,8.7916,8.4864,8.8452,8.7429,9.3149,9.8181,10.124,10.205,9.8314,9.972,10.136,10.383,10.44,10.59,10.695,10.639,10.562,10.712,9.0431,8.8698,8.7047,8.4962,8.3563,8.1818,8.1555,8.0456,8.0952,8.1096,7.9836,7.9643,8.0907,7.7973,8.366,9.2565,9.5802,9.6086,9.5162,9.5557,9.2369,9.0637,9.5769,9.339,9.3844,9.3354,9.34,9.279,9.0875,9.0431,9.672,9.422,9.1562,8.8892,8.7154,8.554,8.4413,8.3122,8.2743,8.2712,8.2385,8.1438,8.1344,8.0303,8.3409,8.4417,8.6542,8.9654,9.0638,9.2273,9.0353,8.9927,9.2748,9.2572,9.3644,9.6353,9.7283,9.6939,9.591,9.672
26.311,7.1247,9.6774,14.759,14.992,13.013,13.013,13.676,14.759,15.817,16.263,16.819,16.965,15.424,14.789,11.274,8.1968,6.1556,7.1247,11.47,11.274,10.78,8.8273,7.1247,9.1659,7.7692,5.698,8.46,8.8273,14.114,13.188,10.999,11.274,11.719,13.145,12.439,11.274,12.639,13.827,13.316,10.135,11.274,10.78,10.135,5.4497,0.13495,0.13495,6.1556,10.135,10.047,9.6774,11.778,10.135,10.999,10.78,10.388,10.305,11.274,10.78,14.009,11.778,22.839,23.614,25.698,26.772,25.871,25.817,26.143,27.077,26.246,24.848,25.649,25.099,23.084,22.555,19.677,17.799,18.264,18.434,17.769,17.491,17.799,17.125,15.45,15.45,12.439,13.316,16.156,16.199,19.599,18.862,11.144,10.684,10.14,9.6972,9.4362,9.2463,9.4591,9.4699,9.4046,9.3202,9.204,9.092,9.0832,8.9803,9.0759,9.0614,9.3862,10.213,10.461,10.343,10.343,10.419,10.588,10.629,10.573,10.814,11.216,11.157,10.862,11.144,9.1864,9.194,8.8622,8.6548,8.3706,8.3644,8.2594,8.4132,8.2058,8.1957,8.1127,8.1614,8.3589,8.3964,9.1931,8.8438,9.4218,9.678,9.4706,9.5849,9.4145,9.4918,9.517,9.6238,9.5186,9.3921,9.2577,9.5551,8.8765,9.1864,9.9601,9.6809,9.3348,9.1181,8.8614,8.7241,8.7427,8.6202,8.5113,8.451,8.4587,8.3578,8.322,8.3334,8.5558,8.7188,8.8941,9.1486,9.2602,9.3925,9.3784,9.3615,9.4223,9.3684,9.6625,9.7409,9.9912,10.037,9.789,9.9601
26.331,6.7651,9.7754,14.518,14.429,11.111,13.43,12.08,14.488,15.457,15.09,16.384,17.018,15.166,15.457,10.639,8.4677,5.0902,6.7651,10.42,9.7754,9.7754,9.3178,7.8372,11.111,5.796,6.7651,9.3178,8.4677,13.925,14.153,10.42,10.42,11.478,12.328,12.08,10.915,11.817,12.28,11.924,10.915,10.915,10.028,10.028,7.4097,2.7857,2.7857,8.1005,8.8063,10.028,8.9136,10.915,9.3178,9.7754,12.08,10.028,9.9457,12.08,10.42,13.755,12.829,22.72,23.152,25.569,26.53,25.789,25.675,25.783,26.495,25.603,24.477,24.934,24.672,23.039,22.161,19.643,18.075,17.905,18.3,18.214,17.131,17.41,17.629,15.73,14.745,13.316,12.28,15.73,14.745,19.24,17.41,9.6528,9.429,8.8886,8.4129,8.0753,8.0114,8.0913,8.1095,8.2074,8.0635,7.9258,7.878,7.7634,7.5436,7.8579,7.5596,8.5313,8.848,9.0047,9.1858,8.8201,9.0599,9.2998,9.321,9.1739,9.5557,9.6536,9.9168,9.6522,9.6528,8.0811,7.7762,7.7354,7.2983,7.2628,7.1834,7.1003,7.0566,7.1136,6.9887,6.961,7.2251,7.1734,6.7663,7.2124,7.7173,8.4408,8.7271,8.6319,8.519,8.4735,8.3904,8.5735,8.5117,8.5196,8.32,8.4556,8.3369,8.1395,8.0811,8.5831,8.3071,8.0413,7.8239,7.6284,7.4942,7.3358,7.2436,7.1831,7.1962,7.157,7.0506,7.0699,6.9157,7.2943,7.3622,7.6687,7.7484,7.9647,7.9527,7.9993,7.8658,8.0673,8.1431,8.2944,8.6381,8.6547,8.588,8.4628,8.5831
26.351,7.8017,10.338,14.006,14.791,14.317,13.708,13.348,14.545,15.849,16.122,17.016,17.327,16.033,15.219,13.221,9.3055,7.1571,8.4925,11.031,11.307,10.167,10.42,7.8017,10.167,7.8017,5.2189,6.188,9.3055,14.006,12.672,10.167,11.751,13.348,13.09,12.472,13.86,13.431,14.041,13.178,11.307,11.503,10.338,9.3055,8.7407,5.2189,0.16737,8.8597,11.031,11.811,10.812,10.167,10.812,10.08,12.672,9.1983,8.8597,11.031,9.7098,14.147,12.672,22.725,23.611,26.082,26.558,25.849,26.329,25.94,26.894,26.574,24.423,24.836,25.089,22.763,22.472,19.729,17.555,18.402,17.41,18.454,17.327,17.802,18.229,16.358,16.188,13.348,13.431,16.188,14.791,19.077,17.891,9.8349,9.4404,9.0317,8.7616,8.3427,8.331,8.3836,8.4115,8.3923,8.2663,8.1262,8.0392,7.9608,7.8139,7.9665,7.9654,8.5707,9.2478,9.4862,9.2412,9.1542,9.2211,9.1363,9.3055,9.4746,9.6682,9.7786,9.9202,9.8195,9.8349,8.2727,8.1467,7.6814,7.6109,7.5616,7.2725,7.3143,7.234,7.1987,7.308,7.0614,7.2359,7.4453,7.2881,7.8056,7.8594,8.6754,8.6633,8.6635,8.4174,8.5544,8.6914,8.804,8.7629,8.5899,8.6205,8.6084,8.7135,8.3037,8.2727,8.7981,8.5864,8.2082,8.0325,7.7895,7.5935,7.6356,7.5028,7.426,7.3854,7.3928,7.3109,7.3065,7.1855,7.5262,7.63,7.8776,8.0463,8.2383,8.2182,8.2769,8.2736,8.2736,8.3466,8.5264,8.7358,8.9767,8.7935,8.6978,8.7981
26.371,9.3163,7.8124,14.802,14.802,13.232,13.188,13.359,13.833,14.802,15.467,16.242,16.73,15.86,15.035,12.731,5.7411,2.2193,7.1678,10.823,9.209,10.178,8.7514,9.209,11.042,7.3382,5.4929,8.5032,8.5032,14.328,13.719,10.178,11.042,14.158,13.719,14.556,13.056,13.056,13.232,11.042,10.823,10.431,10.178,9.7205,8.8704,3.1884,3.1884,7.3382,7.1678,10.823,10.823,12.483,10.431,10.178,11.762,11.318,10.431,13.719,10.178,14.328,11.881,23.359,23.507,26.357,27.168,26.235,25.867,26.03,26.777,25.308,24.25,25.01,25.278,23.563,22.39,19.721,17.355,17.857,17.534,18.199,17.08,18.347,17.062,16.369,15.493,14.328,12.682,16.044,15.467,19.143,18.031,10.204,9.7386,9.2212,8.8836,8.647,8.4091,8.5527,8.5645,8.6906,8.5536,8.2583,8.2288,8.1232,8.0159,8.0388,8.1649,8.7546,9.4862,9.5535,9.4166,9.5426,9.3469,9.6149,9.8316,9.7427,9.89,10.184,10.284,10.067,10.204,8.304,8.2666,8.0857,7.7024,7.7146,7.463,7.244,7.2415,7.1618,7.206,7.0382,7.0464,7.2401,7.1266,7.4854,8.6443,8.6405,8.7098,8.7027,8.4083,8.4664,8.5515,8.6467,8.5185,8.3729,8.4856,8.4273,8.3657,8.0781,8.304,8.9949,8.7466,8.5175,8.2514,8.0576,7.8512,7.7714,7.6048,7.574,7.6858,7.5098,7.4742,7.4275,7.341,7.6753,7.8021,8.0704,8.2401,8.3508,8.4414,8.3988,8.3464,8.5901,8.6106,8.7993,9.0386,9.0862,9.0899,8.9075,8.9949
26.391,7.8084,7.1638,12.479,13.829,13.184,13.559,13.052,13.184,15.565,16.04,17.53,17.076,15.463,14.828,11.038,7.3342,5.4889,6.1947,10.174,9.3123,8.8665,9.7166,10.344,10.086,7.1638,7.1638,8.4992,8.8665,14.52,12.323,10.819,10.819,13.052,13.866,13.184,13.184,12.479,13.437,11.314,10.086,11.877,10.427,8.8665,9.3123,7.1638,3.1844,8.2359,8.8665,10.819,8.4992,10.086,10.344,10.174,11.246,9.7166,9.3123,11.314,10.344,14.048,12.727,22.832,23.848,25.919,26.452,26.047,25.907,26.074,27.09,26.18,25.071,25.463,25.051,23.223,22.595,19.468,17.927,18.236,17.778,19.172,17.417,18.14,17.53,15.689,15.856,12.678,13.559,15.689,15.761,18.303,18.154,10.479,10.06,9.5188,9.1523,8.7335,8.7027,8.5982,8.6942,8.8085,8.7329,8.5403,8.4368,8.3296,8.1133,8.4503,8.3767,9.0294,9.8532,9.8528,9.9251,9.469,9.7756,9.8616,9.8787,9.8404,10.162,10.664,10.563,10.303,10.479,8.6346,8.4124,8.128,8.1023,8.053,7.6645,7.7785,7.5915,7.5857,7.6054,7.5239,7.3905,7.4858,7.515,8.085,8.9456,9.0207,8.9392,8.908,8.8213,8.8197,8.7704,9.1118,8.8652,8.9404,9.0467,8.7864,8.8616,8.5082,8.6346,9.1618,8.9886,8.6452,8.4179,8.1856,8.0441,7.9291,7.81,7.7809,7.7925,7.7367,7.6635,7.6107,7.491,7.8589,7.9804,8.2326,8.452,8.5136,8.5635,8.4646,8.5053,8.5747,8.7138,8.8716,9.1456,9.1685,9.2036,8.9622,9.1618
26.411,7.1808,9.222,13.846,14.341,13.245,12.496,12.744,14.17,15.297,15.506,17.04,16.146,15.35,14.17,11.526,7.1808,5.7541,7.1808,10.444,8.5162,10.361,10.191,8.5162,10.444,5.5059,9.222,9.3292,10.103,14.815,12.232,11.835,9.7335,12.496,13.069,12.232,12.232,13.732,14.065,11.835,11.055,10.103,9.3292,9.7335,7.3511,3.2014,2.7438,7.8254,10.361,11.263,9.3292,10.361,10.103,9.7335,13.069,10.191,9.3292,12.496,10.836,14.17,11.263,23.245,23.388,26.124,26.556,26.064,26.146,26.359,26.675,25.899,24.65,25.071,25.291,23.309,22.651,19.485,17.547,17.87,18.044,18.824,17.434,18.491,17.499,14.904,15.873,11.894,12.695,15.582,14.845,19.09,18.824,10.556,9.9189,9.6622,9.2325,9.0342,8.6841,8.9091,9.0193,9.0255,8.9287,8.6784,8.5761,8.4418,8.3374,8.5244,8.4539,9.2076,9.9613,9.9241,9.7172,9.8867,9.7686,9.9818,9.8416,9.9301,10.465,10.503,10.44,10.325,10.556,8.9372,8.6688,8.3344,8.2515,8.1166,7.7433,8.0422,7.6536,7.9395,7.9762,7.8355,7.7148,7.8364,7.7294,8.1591,9.0349,9.2084,9.1601,9.1261,9.0054,9.2514,9.2174,9.3078,9.1729,9.1668,9.188,9.0646,8.9951,8.8469,8.9372,9.4319,9.1897,8.881,8.6266,8.4082,8.2748,8.2388,8.1318,8.0075,8.0364,7.9874,7.923,7.9053,7.8646,8.1052,8.2277,8.4254,8.6899,8.8397,8.8365,8.8203,8.8556,8.9249,9.021,9.2591,9.4269,9.5808,9.5613,9.3952,9.4319
26.431,7.1947,9.3431,12.509,13.59,12.509,13.386,12.246,13.746,16.16,15.792,16.16,16.269,14.582,14.947,11.908,8.7783,2.7577,5.5197,9.3431,10.205,9.2359,9.3431,7.8392,9.2359,9.3431,7.365,7.365,9.3431,13.386,13.897,10.85,11.908,12.758,11.908,12.758,11.908,12.509,12.246,13.86,9.2359,11.789,10.458,9.2359,9.3431,3.2153,3.2153,6.2256,10.458,11.789,10.458,9.2359,11.069,10.205,12.246,9.7474,10.117,10.375,10.458,14.184,12.509,22.834,23.59,25.887,26.819,26.016,26.404,25.922,27.107,26.193,24.814,25.062,24.885,22.895,22.353,19.669,18.267,18.171,18.058,18.44,16.737,18.058,17.448,14.829,15.494,12.353,11.848,15.364,15.719,18.73,18.73,10.411,10.352,9.8539,9.4093,9.0253,8.9766,8.9317,9.1594,9.128,8.8348,8.7894,8.6485,8.7283,8.3849,8.6611,8.657,9.2731,9.6442,9.8305,9.6925,9.8449,9.8867,10.209,10.122,10.164,10.303,10.524,10.442,10.186,10.411,8.9525,8.9643,8.5797,8.5083,8.1237,8.0524,8.2082,8.0833,7.9141,7.7693,7.863,7.9134,7.8707,8.0752,8.0583,8.6157,9.315,9.1305,9.1808,9.2311,9.1885,9.1916,9.1962,9.1481,9.062,9.1558,9.1252,8.9781,8.7936,8.9525,9.6608,9.4077,9.0595,8.8687,8.589,8.4437,8.4201,8.2995,8.2438,8.1944,8.226,8.1004,8.0875,8.0155,8.3288,8.4847,8.7749,8.934,8.9284,9.022,9.0791,9.0534,9.084,9.2067,9.2732,9.5971,9.6318,9.7558,9.5424,9.6608
26.451,7.388,9.7538,12.258,13.446,12.807,12.764,12.058,14.131,15.341,15.709,16.208,16.286,13.836,15.069,10.893,6.7435,5.0686,8.0789,9.666,9.9241,9.666,9.2962,8.0789,8.4461,5.7744,5.3168,6.9138,8.0789,13.138,13.138,9.2962,10.398,10.007,13.138,12.058,13.138,11.456,13.592,13.733,10.893,12.807,11.456,8.8919,6.7435,1.795,2.7641,5.0686,8.0789,11.397,9.7538,8.4461,9.9241,9.9241,11.849,9.2962,10.007,9.7538,9.9241,12.934,12.764,22.374,23.446,24.873,25.635,25.606,26.111,25.653,26.828,26.659,24.723,25.261,24.299,21.445,22.229,19.754,18.387,17.733,17.775,18.664,16.863,17.388,17.733,15.268,14.859,12.632,12.306,15.043,15.317,18.079,18.155,11.038,10.637,10.13,9.6301,9.3939,9.2977,9.236,9.3154,9.4731,9.3159,9.2012,9.1103,8.9718,8.7565,8.9611,9.4836,9.4482,10.391,10.497,10.556,10.22,10.403,10.484,10.755,10.773,11.098,11.157,11.067,10.974,11.038,9.2757,8.9869,8.6792,8.6892,8.6984,8.2781,8.1989,8.1584,8.2746,8.2665,8.2275,8.2867,8.5907,7.8523,8.2903,9.3337,9.9903,9.7848,9.4654,9.6186,9.5782,9.4049,9.5899,9.5818,9.6979,9.4489,9.6086,9.3475,9.1419,9.2757,9.8296,9.5503,9.2379,9.0418,8.85,8.6826,8.5999,8.4694,8.4358,8.3835,8.4006,8.3618,8.2766,8.1383,8.4482,8.6735,8.8667,9.0708,9.2818,9.2717,9.2159,9.2175,9.2887,9.3142,9.5311,10.019,9.8862,9.7579,9.6596,9.8296
26.471,7.1414,10.405,13.03,13.844,13.205,12.456,12.193,14.301,16.343,16.172,16.018,16.425,14.894,15.009,11.854,7.3117,5.4664,7.1414,9.1826,9.2898,10.064,10.322,8.4767,8.844,9.2898,7.7859,7.3117,9.2898,14.776,13.162,10.322,10.796,12.704,14.131,13.03,13.807,13.162,12.456,13.162,10.405,11.487,10.322,5.4664,9.2898,4.3014,0.15166,7.1414,10.064,11.291,10.405,10.064,10.152,10.796,13.332,10.322,8.844,11.854,11.291,12.656,12.456,22.704,23.723,25.924,26.703,26.269,26.26,26.051,26.971,26.697,24.77,25.129,25.107,23.003,22.532,19.684,18.005,18.019,17.786,18.386,17.539,17.875,17.261,15.715,16.018,12.3,12.704,15.739,16.425,19.061,18.438,10.979,10.98,10.199,9.8431,9.4106,9.4517,9.7031,9.6232,9.5567,9.4767,9.2259,9.0695,9.0377,8.832,9.1067,9.0036,9.7011,10.106,10.434,10.51,10.485,10.547,10.755,10.699,10.618,10.974,11.046,10.998,10.89,10.979,9.633,9.2318,8.9793,8.7856,8.6883,8.4812,8.5261,8.2556,8.4224,8.3651,8.4335,8.2873,8.536,8.2079,8.8863,9.6023,9.7303,9.6785,9.751,9.5693,9.8827,9.6889,9.9001,9.8895,9.6957,9.5342,9.6708,9.831,9.345,9.633,10.092,9.8395,9.4799,9.2901,9.0227,8.8248,8.9133,8.7328,8.6786,8.6206,8.5804,8.5597,8.5377,8.4441,8.7648,8.7974,9.0884,9.3606,9.4239,9.4224,9.5089,9.5514,9.6256,9.6469,9.8298,9.9978,10.187,10.228,10.018,10.092
26.491,7.7838,9.2876,14.129,14.862,11.013,12.298,10.794,14.527,15.201,15.464,16.277,16.833,14.299,14.803,11.485,8.4746,4.2992,7.1392,9.1804,11.485,8.4746,8.7228,7.1392,9.1804,7.7838,8.2113,8.4746,10.149,14.527,13.203,10.403,10.794,11.289,14.129,11.485,13.028,13.33,13.691,13.33,12.191,11.289,10.403,7.1392,7.7838,7.3095,-0.81961,7.7838,9.2876,11.289,9.6919,9.6919,11.289,10.32,11.793,10.403,9.6919,13.203,10.32,14.023,13.028,22.821,24.167,25.922,26.633,25.637,26.392,25.637,27.034,26.672,24.47,24.862,24.862,23.094,22.624,19.862,17.585,17.828,17.505,18.449,18.003,17.326,17.585,16.082,16.277,12.454,12.702,16.423,16.17,18.747,18.674,11.339,10.729,10.257,9.9818,9.7885,9.6896,9.8406,9.69,9.6861,9.6703,9.559,9.4175,9.2661,9.0548,9.5397,9.4208,10.04,10.651,10.712,10.812,10.693,10.819,10.842,10.903,10.867,11.129,11.55,11.535,11.121,11.339,9.6519,9.365,9.0416,9.0542,8.9462,8.6393,8.6243,8.5704,8.6496,8.5892,8.6018,8.405,8.6405,8.6943,8.7171,9.5151,9.7352,9.8203,9.8706,9.8832,9.8404,9.853,9.99,9.9666,9.9302,9.702,9.9387,9.8517,9.5602,9.6519,10.21,9.9785,9.6214,9.4306,9.1757,8.9971,9.005,8.9121,8.8402,8.7912,8.7718,8.7377,8.6555,8.5295,8.8939,9.0919,9.247,9.4943,9.5633,9.6184,9.6162,9.6066,9.6446,9.8216,10.001,10.224,10.233,10.335,10.107,10.21
26.511,6.2326,8.9043,11.915,13.867,12.765,12.253,12.516,14.362,15.775,16.607,16.34,16.403,14.806,13.135,11.547,5.5268,5.2635,5.5268,9.3501,9.2429,10.212,9.3501,9.7544,10.465,5.775,4.3617,8.7853,9.7544,13.597,13.393,11.351,11.547,12.253,13.222,13.753,14.086,13.475,12.716,13.266,11.915,11.351,11.351,8.5371,8.5371,5.5268,4.3617,5.5268,11.547,10.212,10.212,10.212,11.796,11.547,11.351,10.212,8.9043,11.351,11.796,13.266,12.716,22.765,23.691,25.255,26.039,26.22,26.51,26.005,26.931,26.862,24.773,25.434,25.131,22.592,22.475,19.506,17.202,18.341,17.709,18.904,16.896,17.372,16.763,14.558,15.527,12.765,12.36,13.867,15.894,18.845,18.499,10.066,9.7103,9.1813,8.7671,8.4852,8.2865,8.4746,8.6189,8.4756,8.449,8.3306,8.1456,8.1442,7.9454,7.9917,8.0883,8.92,9.2616,9.4185,9.4308,9.5538,9.6076,9.7618,9.6065,9.6861,10.075,10.074,10.197,9.9679,10.066,8.4318,8.1923,7.8548,7.9158,7.5885,7.4849,7.4118,7.4314,7.4971,7.3018,7.3951,7.2762,7.3848,7.4195,7.6487,8.5164,8.698,8.7327,8.717,8.5981,8.839,8.7201,8.7044,8.8597,8.7233,8.6277,8.468,8.7264,8.366,8.4318,8.9703,8.7038,8.364,8.1541,7.8888,7.7352,7.7931,7.6863,7.5377,7.4438,7.5145,7.4262,7.4173,7.3628,7.6107,7.7775,7.9276,8.1698,8.2377,8.37,8.3973,8.3389,8.3924,8.4561,8.7385,8.8334,9.0909,9.0568,8.8505,8.9703
26.531,7.1632,9.7159,13.227,14.916,13.354,11.876,12.322,13.437,14.827,14.886,16.039,17.334,15.761,14.012,10.427,7.1632,2.2147,6.1941,11.313,10.427,9.7159,8.8658,9.2044,11.313,9.2044,6.1941,10.174,9.2044,14.519,12.678,11.509,11.037,13.227,14.323,14.153,14.323,11.313,11.509,13.096,11.817,11.509,11.876,8.4986,7.8078,5.225,3.1838,7.8078,9.3117,12.322,8.4986,10.344,10.086,8.2353,14.153,8.8658,9.3117,11.509,10.427,15.143,11.509,23.011,23.617,26.457,27.079,26.055,25.78,25.99,26.893,25.796,24.551,24.913,25.488,23.906,22.432,19.083,17.334,17.334,17.075,18.575,17.334,17.838,17.058,16.301,15.856,12.678,12.478,16.628,15.031,19.457,17.852,10.32,9.8119,9.4032,8.9422,8.7328,8.5784,8.6675,8.6485,8.6102,8.6172,8.3383,8.2847,8.275,8.0357,8.3562,8.3059,9.0466,9.3236,9.583,9.7791,9.549,9.8493,9.9611,9.8299,10.231,10.045,10.322,10.457,10.193,10.32,8.4272,8.3209,8.0513,8.0147,7.8095,7.4934,7.6275,7.3882,7.3725,7.4706,7.3917,7.2108,7.6558,7.2596,8.1649,8.3679,8.8339,8.8431,8.5825,8.6774,8.7598,8.6966,8.4359,8.639,8.5349,8.5501,8.4238,8.4252,8.1569,8.4272,9.1029,8.8764,8.5423,8.331,8.1345,7.9637,7.8946,7.7734,7.6892,7.6853,7.6511,7.5613,7.5543,7.477,7.7365,7.8668,8.1557,8.354,8.4172,8.4464,8.5009,8.5212,8.5752,8.6032,8.8808,9.1148,9.2868,9.2364,8.9553,9.1029
26.551,7.1845,8.5199,13.458,14.819,12.499,11.334,11.334,14.174,14.908,14.819,15.51,17.043,15.709,14.344,11.334,5.2463,0.19477,7.3548,10.448,8.5199,11.53,9.3329,9.2257,10.448,9.3329,6.2154,8.8871,9.7372,14.174,13.073,12.499,9.2257,12.499,13.375,13.073,12.499,13.248,13.736,11.838,10.448,11.897,10.195,9.2257,8.2566,3.2051,3.2051,3.2051,8.8871,10.365,9.7372,11.53,10.365,11.838,12.236,11.058,8.8871,12.699,10.365,14.572,12.499,23.603,23.639,26.678,27.223,25.818,26.254,25.958,26.684,25.463,24.004,24.607,25.038,24,22.285,19.737,16.879,17.079,17.859,18.364,17.503,17.63,17.814,16.386,16.083,12.499,12.499,16.386,16.061,19.333,18.161,10.387,9.9673,9.5301,9.1598,8.8247,8.6019,8.8174,8.8396,8.8211,8.8698,8.7127,8.4608,8.5124,8.2348,8.4544,8.5455,8.6921,9.9634,10.098,9.9561,9.781,9.7401,9.9974,10.008,10.221,10.399,10.711,10.692,10.375,10.387,8.6868,8.688,8.1993,8.0762,8.0022,7.61,7.8333,7.7558,7.8042,7.7088,7.5782,7.3577,7.7195,7.7975,7.8755,8.4172,8.9588,9.0136,9.1324,9.1549,8.9879,8.7918,9.1042,8.8234,8.9527,8.9647,8.7826,8.9001,8.505,8.6868,9.3657,9.058,8.7776,8.5385,8.3014,8.1451,8.1476,8.0203,7.962,7.9099,7.8869,7.7911,7.7702,7.7342,7.9679,8.1105,8.3384,8.5547,8.6376,8.6448,8.8534,8.8343,8.7986,8.7353,9.1391,9.2541,9.437,9.5346,9.2059,9.3657
26.571,6.779,8.9274,12.094,13.769,11.492,11.125,11.938,14.413,15.304,15.98,16.492,15.98,14.167,13.444,10.653,6.779,2.7996,8.4816,10.042,9.3317,9.7893,8.9274,9.3317,9.7893,8.1144,7.4236,9.7893,9.3317,12.97,13.174,11.125,12.094,12.843,12.094,11.938,13.33,12.342,13.444,12.667,11.938,10.653,10.434,8.4816,7.8511,2.7996,1.8305,5.8099,8.4816,10.653,9.9596,10.929,10.653,8.8202,10.042,10.653,9.7893,9.3317,10.929,13.939,10.653,22.667,23.609,25.306,26.116,25.662,26.016,25.506,26.532,25.98,24.458,24.803,24.395,22.347,22.366,19.728,17.643,17.513,17.224,18.387,16.691,16.673,16.899,15.352,15.655,12.094,11.938,14.759,15.078,18.788,17.755,10.86,10.17,9.6832,9.4228,8.9669,8.8894,9.1619,9.1739,9.1846,8.9979,8.8406,8.6832,8.6773,8.576,8.7085,8.6419,9.5917,10.063,10.248,10.047,10.069,10.165,10.36,10.383,10.612,10.591,10.696,11.003,10.721,10.86,8.9438,8.8838,8.6326,8.4273,8.1652,7.981,8.1411,7.996,7.7811,7.8094,7.7825,7.8685,8.1859,7.7925,7.886,8.9068,9.1422,9.4009,9.0982,9.3673,9.2121,9.1989,9.2017,9.1588,9.1182,9.1226,9.0742,9.0433,8.8151,8.9438,9.5208,9.3348,8.9353,8.7378,8.4317,8.2767,8.3819,8.2137,8.1126,8.0639,8.0823,7.9677,8.0084,7.8993,8.2245,8.2406,8.5968,8.7816,8.8269,8.8747,9.0263,8.958,8.996,8.9809,9.2356,9.4703,9.6456,9.533,9.3963,9.5208
26.591,7.4248,9.333,11.374,12.971,12.343,11.493,11.493,13.77,15.473,15.181,16.951,15.918,12.669,14.648,11.886,6.7802,3.9403,6.7802,10.435,9.7905,10.93,8.3639,7.4248,10.435,8.4829,5.3536,8.9287,9.7905,13.483,13.175,10.654,10.863,12.713,12.844,11.374,12.844,12.295,13.175,13.175,12.095,10.044,9.333,6.7802,6.7802,4.842,2.8008,6.9506,7.8523,11.939,9.9609,9.333,10.93,9.9609,10.435,10.044,8.9287,10.044,9.333,13.445,11.939,22.265,23.43,25.141,25.726,25.591,25.969,25.526,26.576,26.319,24.602,25.327,24.599,21.939,22.334,19.622,17.644,18.388,17.77,18.09,17.288,17.147,16.78,15.811,14.842,11.374,12.295,15.105,15.354,18.229,17.543,10.67,10.57,9.9474,9.5915,9.1666,8.8514,9.148,9.3344,9.1525,8.99,8.945,8.7313,8.7288,8.448,8.8298,8.8131,9.4955,10.067,10.171,10.251,9.9683,10.076,10.322,10.164,10.22,10.227,10.743,10.837,10.339,10.67,9.1438,9.0185,8.8025,8.4869,8.3706,8.2543,8.1654,8.0141,8.0006,7.9993,8.1384,7.9659,8.0717,7.9976,8.567,9.4582,9.5085,9.4899,9.3846,9.2554,9.3056,9.2871,9.3928,9.3844,9.2706,9.2223,9.3953,9.2227,9.0655,9.1438,9.7227,9.4661,9.12,8.9349,8.6926,8.4758,8.5029,8.3974,8.306,8.2463,8.252,8.1797,8.1636,8.0802,8.3522,8.5233,8.7399,8.9777,9.0547,9.1486,9.1771,9.0333,9.146,9.2588,9.3715,9.7211,9.8157,9.8517,9.5919,9.7227
26.611,5.7275,10.164,11.867,13.819,12.717,12.469,11.748,14.144,15.679,16.228,16.716,17.049,13.549,14.818,11.028,7.1542,3.1748,6.1851,8.8568,10.335,9.7069,8.8568,7.1542,10.335,7.7988,6.1851,9.3026,11.028,13.819,13.175,11.304,10.418,13.428,13.218,13.087,13.549,12.717,13.087,12.469,13.042,11.028,10.418,7.3245,8.2263,4.3142,-0.80462,9.3026,10.418,12.469,10.164,8.8568,10.418,11.028,12.206,10.164,8.4896,11.808,11.304,13.706,13.549,22.376,24.182,25.392,26.343,25.642,26.432,25.835,26.779,27.008,24.907,25.368,25.022,22.545,22.073,19.292,18.49,18.451,17.407,18.892,17.784,17.066,17.325,15.479,15.216,13.857,12.469,15.846,15.555,19.13,18.144,9.2501,9.1531,8.6072,8.153,7.831,7.8372,7.817,8.0418,7.8979,7.7862,7.7135,7.4988,7.4607,7.2892,7.3863,7.8816,8.1064,8.7949,9.0429,8.8363,8.8637,8.7815,8.8496,9.0569,9.3959,9.0983,9.4338,9.779,9.2503,9.2501,7.9785,7.6764,7.3863,7.2749,7.0845,7.0859,6.968,6.9997,6.9283,6.7868,7.0056,6.9032,6.9228,6.8302,7.1281,8.6063,8.4269,8.3044,8.3028,8.2314,8.1065,8.1584,8.2373,8.3202,8.21,8.3069,8.1306,8.1428,7.9105,7.9785,8.4835,8.2236,7.8609,7.6641,7.4128,7.2651,7.3089,7.1694,7.0848,7.0259,7.0769,7.0124,6.9708,6.8814,7.161,7.2913,7.4955,7.7639,7.8038,7.9308,7.9651,7.875,7.9305,8.0299,8.2615,8.4852,8.573,8.6198,8.4136,8.4835
26.631,7.4219,8.1127,13.662,14.133,12.968,10.927,10.927,13.937,14.412,14.412,16.636,15.808,14.757,13.443,10.86,6.7773,-0.21237,5.8082,8.9258,9.7876,8.1127,9.958,8.4799,10.041,6.7773,6.9477,9.6999,8.9258,13.937,13.172,11.123,11.371,12.841,14.946,13.767,14.133,11.829,12.798,12.092,8.9258,9.7876,10.927,9.958,8.4799,5.1024,-0.21237,4.8391,8.1127,10.927,9.6999,10.651,10.432,9.6999,10.927,10.927,9.7876,12.666,9.3301,13.937,11.49,22.939,23.247,26.104,26.453,25.285,25.707,25.599,26.387,25.355,24.133,24.456,24.665,23.52,22.331,19.726,16.471,16.777,17.422,18.087,17.095,16.948,16.453,15.851,14.839,12.798,11.936,15.851,15.915,18.664,17.422,9.6849,9.3288,8.9539,8.3977,8.2247,7.9352,8.1053,8.2795,8.2664,8.0215,7.884,7.8053,7.7289,7.6028,7.7871,7.7084,8.4531,9.018,9.1504,9.1824,9.0649,9.1873,9.3293,9.4507,9.6503,9.4852,9.8526,9.7427,9.6777,9.6849,8.0335,7.9935,7.6089,7.5343,7.3185,7.0986,7.0323,7.0691,6.8609,7.1739,6.8577,6.9809,7.0177,7.0952,7.1855,8.3946,8.4314,8.3914,8.3806,8.3619,8.1676,8.1968,8.2924,8.2736,8.2416,8.3648,8.3051,8.1166,7.8871,8.0335,8.6288,8.3816,8.0601,7.8327,7.6859,7.466,7.4115,7.2938,7.259,7.234,7.1773,7.1203,7.116,7.0298,7.3615,7.4763,7.7549,7.8829,8.0595,8.0435,8.0206,7.9999,8.2275,8.1727,8.3594,8.7572,8.6906,8.7465,8.5652,8.6288
26.651,6.806,8.5086,13.201,13.508,12.87,12.121,11.519,13.69,14.786,14.674,16.482,16.482,13.966,13.966,11.152,2.8266,2.8266,6.9764,8.9545,8.8472,9.8163,8.9545,8.5086,9.8163,6.806,5.8369,9.8163,10.461,13.471,12.87,11.152,11.46,11.46,13.471,13.08,11.46,11.519,12.694,11.152,9.8163,11.152,10.069,6.806,5.8369,1.8575,7.4506,8.3897,9.3588,11.519,6.9764,10.461,11.519,10.461,13.08,12.121,8.5086,12.121,10.68,13.69,11.519,22.502,23.501,25.498,26.271,25.88,25.88,25.804,26.425,25.754,24.425,24.648,24.916,22.618,21.819,18.954,17.451,16.976,16.647,18.693,17.059,17.67,17.059,16.348,15.379,13.201,12.827,15.379,14.558,18.944,17.436,9.9984,9.483,8.9459,8.6435,8.3374,8.1062,8.4414,8.4888,8.4759,8.2265,8.1537,7.9697,7.8757,7.8092,7.9702,7.9806,8.5576,9.2591,9.1375,9.3615,9.475,9.2979,9.3653,9.6354,9.427,9.8242,10.08,10.11,9.9015,9.9984,8.2742,8.1877,7.8518,7.6298,7.464,7.1154,7.3713,7.3563,7.2104,7.1873,7.1642,7.1583,7.3104,7.3641,8.2031,8.3156,8.4524,8.5061,8.5365,8.6309,8.546,8.5177,8.8196,8.425,8.5872,8.561,8.6946,8.5545,8.2864,8.2742,8.8566,8.6113,8.2247,8.0199,7.7475,7.5379,7.6507,7.557,7.3922,7.2973,7.352,7.2617,7.2526,7.2295,7.5016,7.6707,7.8396,8.0994,8.0998,8.1336,8.2355,8.1561,8.2163,8.271,8.6171,8.844,8.8987,8.9206,8.6793,8.8566
26.671,8.8477,9.2935,12.708,13.54,11.739,12.46,11.491,13.848,16.283,16.021,16.429,16.283,14.135,14.305,11.739,8.4804,3.1657,6.176,8.7287,9.6978,8.8477,9.1863,8.4804,8.4804,8.7287,7.1451,10.326,10.155,14.305,13.54,10.326,11.491,12.708,12.197,12.46,13.078,13.209,13.848,11.295,12.304,11.858,10.326,8.7287,7.1451,6.176,3.1657,7.1451,9.1863,11.491,9.2935,10.068,11.799,11.019,12.46,10.8,8.2172,12.304,10.8,13.033,12.304,22.576,23.696,25.742,26.61,25.967,26.447,25.893,26.809,26.578,24.898,25.306,25.032,22.957,22.698,19.85,17.398,18.217,17.398,18.455,17.265,17.879,17.543,15.47,15.125,11.858,11.799,15.47,15.47,18.729,18.848,10.128,9.8795,9.2532,8.887,8.4017,8.4264,8.5542,8.8026,8.6224,8.4747,8.3017,8.1825,8.0992,7.9608,8.0331,8.3796,8.7524,9.4857,9.6136,9.7414,9.3908,9.4954,9.8682,9.9697,10.021,9.9687,10.221,10.082,9.9061,10.128,8.3852,8.1725,8.131,7.8708,7.7137,7.6721,7.5116,7.3491,7.4107,7.5274,7.3217,7.4843,7.4215,7.3032,7.3648,8.6753,8.8788,8.7984,8.7569,8.631,8.4815,8.6479,8.6558,8.7049,8.6066,8.7512,8.6017,8.6113,8.3889,8.3852,8.9943,8.7714,8.4959,8.2849,8.0507,7.8851,7.7802,7.6726,7.6716,7.634,7.5828,7.5197,7.5154,7.3607,7.6783,7.7919,8.0462,8.2136,8.3949,8.4745,8.4493,8.4681,8.6408,8.5973,8.6788,8.9499,9.047,9.0897,8.94,8.9943
26.691,7.8341,9.2308,13.253,13.892,12.753,11.339,10.2,13.463,15.489,15.882,16.391,16.751,14.824,14.038,11.339,5.7629,0.19986,6.2205,10.453,10.844,9.7423,10.453,7.1896,11.339,8.8922,7.1896,10.2,10.2,14.35,13.855,10.453,11.783,12.295,14.282,12.348,11.902,13.078,12.504,11.063,10.453,10.844,9.338,8.8922,8.8922,3.2102,2.2411,7.1896,9.7423,12.295,10.37,10.2,11.535,10.844,12.753,11.339,9.338,10.453,11.339,14.179,12.295,23.078,23.463,26.283,26.607,26.079,26.197,25.963,27.057,26.328,24.574,24.869,25.155,22.983,22.252,19.484,17.36,17.697,17.819,18.601,16.22,18.262,17.635,16.133,15.763,13.122,13.463,15.591,15.515,19.338,17.834,10.148,10.041,9.4877,9.0011,8.6872,8.5531,8.7716,8.7185,8.6454,8.5479,8.4594,8.4007,8.2189,8.0881,8.1648,8.4943,8.7684,9.3642,9.7747,9.6873,9.5809,9.4348,9.6654,9.853,9.7646,9.882,10.336,10.288,10.081,10.148,8.4893,8.5143,8.2609,8.0076,7.8649,7.6661,7.6658,7.561,7.617,7.5513,7.4001,7.441,7.4635,7.6652,8.0407,8.1091,8.7831,8.8515,8.9199,8.8639,8.5551,8.7003,9.0724,8.7603,8.8463,8.6066,8.7423,8.4769,8.4209,8.4893,9.2891,8.9976,8.6714,8.4169,8.239,8.0482,8.0184,7.891,7.8183,7.8325,7.7987,7.7174,7.6734,7.6143,7.933,8.0973,8.217,8.577,8.6759,8.732,8.6735,8.6847,8.6604,8.7437,8.969,9.2377,9.4302,9.2579,9.1538,9.2891
26.711,6.9796,8.9577,13.083,13.658,13.512,11.155,11.861,14.165,14.677,15.883,15.84,16.352,13.693,14.444,11.155,4.8711,3.9693,4.8711,9.8196,8.5119,10.464,8.9577,6.9796,10.073,8.9577,6.9796,8.8505,9.8196,13.969,13.512,10.683,12.372,11.522,13.799,12.698,13.204,11.968,13.902,10.959,11.861,9.9899,10.073,8.8505,5.8402,3.9693,7.4539,2.8299,8.8505,12.83,10.073,9.9899,9.9899,8.3929,11.522,10.959,8.8505,9.9899,10.073,13.969,12.324,22.377,23.418,25.739,26.367,25.502,25.807,25.752,26.522,26.118,24.38,24.628,24.775,22.2,21.773,18.818,17.127,17.255,17.176,18.145,16.668,17.317,17.317,15.883,15.334,11.968,13.474,15.84,15.21,18.344,17.949,10.746,10.275,9.7165,9.2757,8.9158,8.7057,9.11,9.1661,9.0036,8.9864,8.7817,8.6192,8.6893,8.3774,8.5186,8.8965,8.9314,10.142,9.9798,9.9825,10.035,10.167,10.313,10.46,10.465,10.611,10.714,10.874,10.445,10.746,8.8337,8.832,8.4426,8.2245,8.179,7.8705,8.021,7.8988,7.7904,7.755,7.7885,7.4748,7.9839,7.7511,8.4281,8.7732,9.267,9.1761,9.1232,9.3106,8.9969,9.1547,9.1193,9.0516,9.1728,8.8845,9.1709,9.019,8.6322,8.8337,9.4366,9.2777,8.847,8.6387,8.4281,8.1928,8.2708,8.0984,8.05,8.0401,7.9945,7.8767,7.8414,7.7826,8.0342,8.2419,8.4557,8.6868,8.7806,8.7714,8.8464,8.7981,8.7735,8.872,9.0921,9.3797,9.5323,9.4571,9.3033,9.4366
26.731,7.3578,10.198,12.751,13.251,12.502,12.346,12.239,13.461,15.712,15.88,16.218,16.73,14.822,15.303,11.533,7.1875,3.2081,5.5126,9.3359,8.8901,9.7402,10.368,8.8901,11.061,8.5229,8.8901,8.5229,9.7402,13.582,13.208,10.842,11.533,13.89,12.751,11.337,13.076,13.582,13.739,12.346,12.751,11.061,12.346,9.2287,9.3359,0.19778,4.3475,7.3578,8.8901,10.842,10.198,10.368,10.842,10.198,11.781,10.451,10.451,10.198,11.533,13.739,12.239,22.775,24.118,25.991,26.524,25.712,26.34,25.88,26.837,26.496,24.852,25.357,24.866,22.751,22.751,20.11,17.832,17.586,17.358,17.862,17.802,17.554,18.051,15.88,14.822,12.346,13.461,15.167,15.487,18.523,18.497,10.817,10.469,9.9965,9.4817,9.1545,8.9698,9.2514,9.2859,9.1866,9.106,8.9699,8.8192,8.8934,8.6595,8.7536,9.1433,9.4561,10.167,10.151,10.276,10.282,10.397,10.279,10.384,10.683,10.612,10.871,10.939,10.818,10.817,9.1434,8.7883,8.5212,8.426,8.151,8.0834,7.9396,8.0781,7.9027,8.0361,8.0477,8.0295,8.163,8.1545,8.5093,9.1995,9.3748,9.5781,9.1432,9.4461,9.2821,9.27,9.2891,9.2115,9.2703,9.2795,9.3383,9.3638,8.9658,9.1434,9.6423,9.364,9.0285,8.8231,8.6042,8.3964,8.4138,8.2671,8.2022,8.11,8.2101,8.08,8.0686,7.9946,8.2423,8.4312,8.5687,8.8259,8.9122,9.055,9.0841,8.9961,9.036,9.0598,9.4354,9.6084,9.6135,9.6836,9.3909,9.6423
26.751,7.8035,7.8035,13.861,13.824,12.318,12.21,12.21,13.223,14.793,15.484,16.19,16.701,14.911,14.043,10.814,6.1899,2.2105,7.159,10.082,7.8035,10.814,10.169,8.2311,10.814,7.8035,6.1899,9.7117,8.8616,14.823,12.264,11.309,10.422,12.673,13.35,12.673,12.318,13.092,13.223,11.813,12.21,12.318,11.033,7.8035,7.8035,5.4841,2.2105,6.1899,10.34,11.309,10.169,10.169,10.34,11.033,12.264,11.872,10.422,13.35,10.169,14.007,12.21,23.457,23.648,26.396,26.991,25.933,25.933,26.058,26.629,25.905,24.241,24.622,25.213,23.824,22.448,19.544,17.412,16.778,16.853,18.456,17.279,18.57,16.623,16.19,15.328,13.433,13.223,16.058,15.328,19.243,18.037,10.887,10.714,9.9879,9.6563,9.2135,9.2761,9.2694,9.343,9.2354,9.2224,8.9971,8.8485,8.8747,8.6421,8.7834,8.718,9.6766,10.172,10.165,10.421,10.273,10.363,10.356,10.613,10.464,10.374,11.011,11.019,10.677,10.887,9.2812,9.0593,8.9009,8.7205,8.4812,8.3875,8.2883,8.1781,8.2952,8.1224,8.1236,8.1151,8.1951,8.0096,8.7207,8.7558,9.6531,9.7095,9.5727,9.4872,9.4192,9.2649,9.5523,9.4332,9.3884,9.2917,9.3916,9.3791,9.1693,9.2812,9.8542,9.5896,9.3052,9.0484,8.8564,8.6797,8.6384,8.4913,8.4146,8.4447,8.3606,8.2831,8.2554,8.1862,8.5268,8.6818,8.9483,9.1136,9.1912,9.2008,9.2149,9.2042,9.3037,9.3552,9.5506,9.7276,9.8451,9.9006,9.7106,9.8542
26.771,6.8114,10.961,12.374,12.832,11.465,11.863,11.157,13.801,15.385,14.475,15.111,15.949,14.167,14.873,11.524,6.9817,5.1364,5.1364,9.3641,9.3641,8.8526,8.9598,8.514,9.992,8.8526,5.8423,8.8526,9.992,13.002,12.744,9.8217,11.465,11.157,13.514,13.002,12.326,13.085,13.801,13.363,11.157,11.863,9.992,8.514,8.9598,3.9714,1.8629,5.8423,9.8217,11.405,11.157,10.466,10.685,8.514,10.685,10.961,8.514,10.685,10.961,13.363,13.206,22.623,23.598,25.81,26.162,25.511,26.217,25.518,26.643,25.759,24.349,24.791,24.455,22.365,21.691,20.196,17.209,17.787,17.209,18.419,17.257,16.724,17.501,15.409,15.336,12.875,13.085,15.409,15.111,17.787,17.209,11.15,11.002,10.284,9.9734,9.3422,9.2487,9.6849,9.6312,9.6425,9.4071,9.3126,9.1403,9.1972,8.9899,9.3463,9.248,9.4605,10.605,10.552,10.563,10.432,10.513,10.658,10.56,10.554,11.351,11.22,11.214,11.083,11.15,9.365,9.455,9.0786,8.8363,8.6416,8.4762,8.5618,8.4655,8.5172,8.5009,8.3829,8.4544,8.6222,8.373,8.6556,9.4437,9.7126,9.6977,9.6449,9.6951,9.6359,9.7554,9.8165,9.5472,9.781,9.6874,9.5671,9.5874,9.3349,9.365,10.082,9.857,9.4256,9.2157,8.935,8.7291,8.8897,8.751,8.6239,8.5387,8.5717,8.4252,8.4934,8.4146,8.735,8.722,9.0089,9.2159,9.3225,9.3995,9.4594,9.4744,9.3493,9.439,9.9076,9.8966,10.161,10.024,9.8747,10.082
26.791,6.2007,10.433,11.883,13.835,12.733,11.824,11.764,14.893,15.232,15.862,16.883,16.712,14.054,14.804,12.684,5.4949,5.4949,7.1698,9.7226,10.35,8.8725,8.5052,8.5052,10.092,9.211,8.2419,9.7226,10.18,13.721,13.361,11.32,11.824,12.684,14.16,12.485,12.485,13.872,13.444,12.329,12.684,11.32,11.252,7.3402,8.5052,0.18014,5.7432,8.8725,10.18,11.883,10.35,8.8725,11.883,9.7226,12.329,9.7226,9.7226,11.252,11.883,14.33,12.485,22.8,23.702,25.973,26.425,26.1,25.862,26.297,26.884,26.135,25,25.344,25.339,22.655,22.485,20.119,17.844,18.146,18.048,18.349,17.17,18.146,16.789,16.454,15.339,13.19,12.733,16.201,14.922,18.954,18.619,9.8789,9.6231,8.9673,8.5395,8.244,8.1365,8.2829,8.2357,8.3218,8.2746,8.0214,7.8646,7.8847,7.6405,7.9279,8.1873,8.7604,9.0884,9.1978,9.2517,9.0715,9.2693,9.3524,9.385,9.6362,9.7456,9.9969,9.9644,9.8273,9.8789,8.2801,7.9151,7.7746,7.5491,7.5332,7.4026,7.1089,7.1461,7.0413,7.1063,7.1262,7.12,7.4355,7.1154,7.5516,8.3863,8.279,8.7686,8.5194,8.6698,8.4296,8.4874,8.5135,8.6734,8.612,8.4814,8.5307,8.4234,8.252,8.2801,8.7599,8.5003,8.1829,7.9468,7.7479,7.585,7.5131,7.3875,7.3393,7.3762,7.3287,7.2182,7.2556,7.1383,7.4171,7.7113,7.7621,8.0746,8.1622,8.2472,8.261,8.1656,8.2722,8.3931,8.658,8.8537,8.9075,8.9561,8.7209,8.7599
26.811,6.8134,9.8237,13.087,12.328,13.004,11.526,12.328,12.877,16.508,15.712,16.489,16.015,13.698,14.448,11.467,8.516,5.1385,6.9837,8.9618,8.8546,8.8546,10.687,8.1488,8.516,6.8134,5.8443,8.516,10.468,12.376,13.208,8.8546,12.128,9.3661,12.877,12.746,11.919,12.328,13.208,13.004,11.407,10.468,8.8546,6.8134,7.4579,6.9837,-0.17634,8.397,10.077,9.994,11.159,10.468,9.3661,7.4579,11.865,9.8237,8.516,11.467,10.963,12.877,11.407,21.977,23.516,24.743,25.392,25.399,26.578,25.406,26.468,26.87,24.681,25.338,24.537,21.556,22.164,19.867,18.149,18.11,18.149,18.7,17.845,17.488,17.18,13.973,15.113,12.128,11.972,13.803,14.793,17.677,18.225,9.9495,9.7477,9.1258,8.6438,8.4127,8.1787,8.3704,8.4952,8.4276,8.3593,8.1709,8.1767,8.0817,7.9119,8.1277,8.1874,8.6913,9.3225,9.4289,9.4383,9.3784,9.4078,9.8372,9.7153,9.8206,9.9406,9.8955,10.239,9.979,9.9495,8.3459,8.3312,7.9683,7.9307,7.7706,7.5109,7.478,7.2829,7.3197,7.2574,7.4025,7.2016,7.4055,7.3843,7.7269,8.5188,8.5808,8.8282,8.6494,8.832,8.7078,8.5312,8.9737,8.6553,8.8592,8.7646,8.7663,8.5991,8.506,8.3459,8.9507,8.7009,8.3415,8.188,7.8699,7.768,7.7412,7.6258,7.5774,7.4659,7.5211,7.4661,7.4056,7.299,7.599,7.7813,7.9584,8.1916,8.2425,8.3608,8.3416,8.2648,8.3756,8.3876,8.7384,8.9359,9.1099,9.029,8.8254,8.9507
26.831,7.3606,9.3387,13.585,14.35,12.505,12.349,13.079,14.35,14.794,15.515,16.328,16.391,15.252,14.854,12.705,5.5153,5.5153,3.2108,10.454,9.3387,9.2314,10.454,9.3387,10.201,7.8348,8.2623,8.5256,10.201,14.546,13.381,10.371,11.536,13.855,13.855,12.753,13.464,12.349,13.211,13.079,11.536,11.064,10.454,7.3606,7.1902,-3.7789,5.7636,8.5256,9.2314,11.34,10.371,10.201,11.34,9.3387,12.349,8.5256,10.845,12.296,10.371,14.18,12.753,23.145,23.609,26.394,26.684,25.973,26.053,26.116,26.854,25.795,24.12,24.761,24.81,23.517,22.479,19.495,18.054,17.636,17.443,18.639,17.557,18.166,17.557,16.474,16.391,11.903,12.505,16.221,15.883,19.81,18.639,10.292,10.016,9.4243,9.007,8.628,8.4723,8.5392,8.6435,8.5783,8.6074,8.4102,8.2069,8.1417,7.9892,7.9994,8.2816,8.8774,9.55,9.5458,9.7452,9.7667,9.7624,9.7405,9.8035,9.8769,10.068,10.419,10.332,10.04,10.292,8.5299,8.3245,8.2315,7.9542,7.7844,7.5749,7.4897,7.4893,7.5127,7.382,7.4647,7.3994,7.4562,7.5425,7.9331,8.4656,8.7531,9.0669,8.7585,8.8273,8.9137,8.7851,8.9406,8.909,8.7904,8.6974,8.825,8.7695,8.499,8.5299,9.1021,8.8978,8.5448,8.334,8.1009,7.8923,7.9162,7.7884,7.6762,7.6997,7.6693,7.5263,7.5445,7.5204,7.8392,7.9006,8.0979,8.3778,8.4443,8.4658,8.5029,8.4599,8.4741,8.7019,8.8768,9.0127,9.1896,9.2402,9.0238,9.1021
26.851,7.8278,8.5186,13.247,14.173,13.072,13.072,12.342,14.936,14.343,15.757,16.082,15.876,14.847,13.578,11.057,7.1832,3.2038,4.3433,8.8858,10.194,8.7668,8.5186,10.194,10.447,4.3433,7.1832,8.5186,8.7668,13.886,13.374,11.333,13.204,13.578,13.204,13.247,13.204,12.342,13.457,11.777,12.342,12.235,12.698,10.194,8.5186,6.2141,4.3433,5.7565,9.7359,12.498,10.364,8.7668,9.7359,11.057,13.374,10.838,10.364,12.342,9.3317,14.173,11.837,23.637,23.684,26.77,27.183,25.911,26.19,25.911,26.776,25.508,23.926,24.693,24.944,23.837,22.08,18.921,17.828,17.37,17.436,19.092,17.354,17.828,17.691,16.214,16.257,13.204,12.746,16.148,14.817,19.268,17.691,10.355,10.036,9.5079,9.1025,8.8228,8.6906,8.7638,8.8659,8.7742,8.6464,8.5086,8.445,8.2015,8.0856,8.2844,8.654,8.9344,9.8028,9.6517,9.6336,9.4504,9.5121,9.8692,9.9643,9.7001,10.247,10.462,10.524,10.143,10.355,8.8176,8.5644,8.1792,8.0931,8.099,7.9055,7.6386,7.5706,7.842,7.717,7.6925,7.6937,7.8267,7.6941,8.3206,8.746,9.0984,9.3263,9.1938,9.3742,8.9411,9.0272,9.1645,9.2169,9.1644,9.1362,8.9873,8.9729,8.8065,8.8176,9.2496,9.0268,8.7267,8.5159,8.3276,8.1353,8.0382,7.917,7.8691,7.8725,7.8376,7.7257,7.6673,7.5967,7.9875,8.1058,8.332,8.5184,8.6558,8.6611,8.6312,8.6134,8.7166,8.7207,9.0271,9.2533,9.4081,9.3008,9.1042,9.2496
26.871,7.3322,9.7145,13.864,15.029,12.676,11.816,12.477,14.152,15.224,15.735,16.3,17.332,15.687,14.914,12.477,6.1927,6.1927,7.8064,9.3103,10.084,10.172,9.7145,8.7454,10.342,7.8064,7.8064,9.7145,10.817,14.55,13.095,10.172,12.321,13.095,14.01,12.676,12.725,12.676,13.05,12.321,10.342,11.312,11.312,10.172,7.3322,2.7248,4.3219,5.4869,9.203,10.817,10.084,10.342,10.817,11.312,12.477,11.508,10.425,12.676,10.084,13.713,11.508,23.34,23.651,26.567,26.988,26.038,25.91,26.033,26.891,25.598,24.339,25.075,25.291,23.46,22.612,19.637,17.415,17.074,17.265,18.9,17.48,17.806,16.038,16.363,16.105,12.725,12.477,15.487,14.796,19.715,18.152,10.563,10.269,9.8337,9.222,9.0709,8.7696,8.8823,8.9696,9.0841,8.9148,8.8561,8.6317,8.5018,8.3847,8.6087,8.5425,9.1586,9.8578,9.9584,9.8997,9.7304,10.025,10.177,10.205,10.219,10.074,10.607,10.521,10.383,10.563,8.9309,8.8164,8.4806,8.2555,8.2572,8.1271,7.807,7.7733,7.8047,7.8877,7.9843,7.9011,7.8003,7.7726,8.1355,9.2838,9.5011,9.4946,9.2108,9.3662,9.3385,9.3209,9.3519,9.1744,9.271,9.308,9.1344,9.1361,8.9776,8.9309,9.5135,9.2884,8.9471,8.716,8.5388,8.3689,8.2926,8.1913,8.0835,8.095,8.0601,7.9776,7.9675,7.8503,8.1762,8.3539,8.6398,8.7403,8.9336,8.9536,8.9209,8.8982,9.0077,8.9839,9.2263,9.4037,9.6724,9.5867,9.4487,9.5135
26.891,8.2613,10.112,13.584,15.305,13.253,12.504,10.199,14.853,16.065,15.714,16.883,16.327,14.823,14.823,11.902,7.8338,4.3492,8.8918,8.8918,10.199,10.112,10.844,8.5246,10.112,5.5143,7.1892,9.2304,10.453,15.057,12.752,9.2304,10.37,13.38,14.179,13.38,12.704,13.463,12.295,11.902,10.453,11.535,10.199,8.8918,7.3595,6.2201,0.1995,9.3376,10.453,11.843,8.5246,10.112,12.241,9.7419,12.348,10.199,9.2304,13.584,9.3376,14.912,12.704,22.776,23.368,26.065,26.782,26.065,26.099,25.972,27.073,26.045,24.587,25.177,24.652,23.253,22.752,18.927,18.329,17.376,17.442,18.773,17.442,17.804,17.442,15.882,15.787,12.752,12.295,16.088,14.545,19.076,17.507,10.715,10.564,9.9186,9.4757,9.2246,9.0961,9.1634,9.2289,9.2468,9.1259,8.9676,8.8388,8.8397,8.664,8.7608,8.8248,9.6663,9.8774,10.511,10.195,10.043,10.273,10.281,10.375,10.764,10.715,11.028,11.062,10.648,10.715,9.2425,8.9048,8.6914,8.6024,8.2646,8.0806,8.1476,8.2125,8.1642,8.064,8.1127,8.1443,8.0961,8.3055,8.6113,9.1833,9.5442,9.4985,9.4334,9.3338,9.3654,9.4738,9.4023,9.4,9.2973,9.4056,9.3644,9.3318,9.064,9.2425,9.736,9.4891,9.1516,8.946,8.7351,8.5305,8.5142,8.3806,8.3029,8.3271,8.2622,8.2123,8.2117,8.0837,8.3882,8.539,8.7912,8.92,9.077,9.1471,9.1242,9.1013,9.1946,9.2323,9.3984,9.6538,9.8638,9.7778,9.5572,9.736
26.911,6.2123,9.3298,12.287,13.07,13.202,13.245,12.496,14.816,16.125,16.646,16.125,16.646,14.171,15.35,12.696,7.3517,5.5065,7.3517,10.192,10.192,9.3298,10.362,7.826,10.362,7.826,7.3517,8.5168,7.826,13.455,13.884,9.2226,12.233,12.496,12.696,12.744,13.202,12.287,13.884,13.847,12.744,11.055,10.192,7.826,6.2123,5.5065,3.202,7.3517,9.2226,11.331,10.192,10.362,10.445,10.192,11.055,10.192,10.836,11.894,10.192,12.496,12.496,22.151,23.997,25.249,25.985,26.188,26.3,25.881,26.977,26.918,25.205,25.679,24.816,22.244,22.496,20.192,17.826,18.884,17.944,18.321,18.157,17.944,18.045,15.161,15.481,13.847,11.894,15.481,15.582,18.059,18.426,11.016,10.524,10.273,9.7666,9.3505,9.1686,9.496,9.5162,9.4352,9.3431,9.1558,9.0637,9.0563,8.8474,9.1556,9.0453,9.6434,10.337,10.394,10.397,10.226,10.563,10.24,10.679,10.722,10.79,11.093,11.088,10.846,11.016,9.2467,9.0385,8.9333,8.717,8.4138,8.3855,8.3192,8.3083,8.2832,8.1582,8.181,8.2054,8.2602,8.1107,8.4692,9.1232,9.576,9.634,9.4813,9.3975,9.5285,9.4012,9.5582,9.5826,9.4256,9.456,9.4875,9.3026,9.1595,9.2467,9.9979,9.7477,9.3473,9.1508,8.843,8.69,8.7514,8.6473,8.5546,8.5038,8.5173,8.3745,8.3691,8.3281,8.6365,8.7055,8.9152,9.1943,9.2717,9.377,9.3976,9.4018,9.3342,9.4262,9.637,9.9886,10.024,10.068,9.7818,9.9979
26.931,7.1876,9.7403,12.239,14.822,12.502,11.337,11.841,13.739,14.911,15.357,16.472,16.593,15.167,14.177,12.502,5.5127,6.2185,7.1876,8.7712,9.336,9.336,9.2288,9.2288,10.198,7.3579,5.5127,10.368,11.061,13.853,13.739,10.368,10.198,11.901,13.582,13.461,11.901,13.208,11.782,10.842,11.337,11.901,11.061,8.8902,7.8322,2.2391,2.2391,5.7609,8.523,12.346,8.523,10.842,11.27,9.7403,12.239,11.337,9.7403,12.702,11.27,13.89,12.751,22.981,23.72,26.043,26.664,25.712,26.009,26.408,26.72,26.064,24.94,25.184,25.1,23.395,22.818,19.731,16.73,18.771,17.188,18.599,17.358,17.375,17.082,16.472,16.472,13.461,12.502,15.487,14.911,19.451,18.051,9.8691,9.3284,8.9676,8.51,8.2847,7.8646,8.1966,8.2699,8.2826,8.0092,7.9579,7.7521,7.741,7.6283,7.6659,7.6152,8.4003,9.1466,9.0695,8.9612,9.3063,8.8763,9.4427,9.5455,9.524,9.648,9.8714,10.15,9.641,9.8691,7.8746,7.9251,7.6597,7.4972,7.1954,7.2486,7.125,6.8363,6.9524,6.9199,6.9206,7.1615,7.1286,7.0796,7.1714,7.668,8.1647,8.4164,8.262,8.3289,8.2001,8.2919,8.3249,8.178,8.3354,8.2441,8.1922,8.1303,7.6442,7.8746,8.6376,8.3766,8.0957,7.8518,7.5951,7.4295,7.4088,7.3201,7.2321,7.2427,7.1809,7.1002,7.0981,7.0109,7.2563,7.4256,7.6097,7.8318,8.0052,8.0028,8.0038,8.0142,8.1037,8.053,8.3301,8.6345,8.673,8.619,8.4702,8.6376
26.951,7.3195,10.159,13.34,13.544,12.664,11.803,12.308,14.505,16.048,15.841,16.554,16.433,14.242,14.783,12.664,5.7225,2.2006,7.1491,8.8518,10.33,11.023,10.413,8.8518,10.159,6.18,7.3195,7.7937,9.2976,13.814,13.082,11.803,10.33,13.037,13.423,12.464,14.242,12.464,12.464,13.701,10.804,11.803,10.159,8.8518,5.4742,0.15944,3.1697,8.4845,10.159,11.232,8.4845,10.33,10.159,10.413,12.464,10.413,10.804,10.804,10.072,13.701,13.037,22.736,23.544,25.782,26.287,26.114,26.119,26.217,26.768,26.437,25.017,25.61,25.115,22.545,22.211,19.872,17.515,17.912,18.221,19.125,18.139,17.402,16.692,15.211,15.474,12.201,13.17,15.722,14.753,18.485,18.459,9.8738,9.4666,9.0593,8.5529,8.2784,8.2005,8.3067,8.4524,8.3648,8.2746,8.0718,7.8751,7.9436,7.6506,7.7507,8.0994,8.675,9.1086,9.2058,9.0282,9.3157,9.4748,9.6069,9.5622,9.816,9.7305,10.123,10.183,9.7032,9.8738,8.2962,8.187,7.6956,7.565,7.3541,7.3023,7.2504,7.3279,7.2095,7.4104,7.1616,7.2498,7.1444,7.2492,7.5454,8.2021,8.4983,8.7682,8.4977,8.4721,8.5446,8.6134,8.708,8.639,8.7235,8.5552,8.3091,8.419,8.2151,8.2962,8.7966,8.627,8.248,8.0137,7.7493,7.5733,7.6685,7.5314,7.4071,7.3759,7.3902,7.2814,7.2679,7.2221,7.4936,7.6695,7.7687,7.9987,8.1245,8.2154,8.2629,8.3236,8.237,8.3574,8.4894,8.8284,8.8837,8.939,8.7492,8.7966
26.971,8.4902,8.8575,13.219,13.706,12.718,12.669,12.718,13.82,16.031,16.186,16.619,17.275,13.706,14.145,12.314,8.227,0.16515,7.1549,10.418,10.81,10.165,9.1961,9.1961,8.227,7.3252,9.1961,8.227,10.81,14.315,13.088,11.237,11.749,12.314,13.706,14.759,13.706,13.429,14.039,13.175,12.206,11.305,10.335,9.1961,8.8575,4.3149,5.4799,7.1549,9.3033,10.077,9.7076,11.305,11.305,9.7076,10.165,10.165,10.81,11.868,11.305,13.175,12.718,22.737,24.172,25.663,26.293,26.053,26.556,25.861,26.938,26.619,24.798,25.178,24.774,22.723,22.303,19.418,17.663,18.294,18.738,19.13,18.49,18.018,17.769,15.454,14.878,13.429,12.47,16.619,15.556,18.798,18.738,10.11,9.992,9.2733,8.9091,8.4559,8.3528,8.7033,8.5884,8.5136,8.431,8.3273,8.1144,8.0454,7.9606,8.2575,8.1701,8.4358,9.4868,9.4251,9.3293,9.5362,9.6599,9.6038,9.7275,9.7269,9.7951,9.9188,10.126,10.042,10.11,8.6227,8.3679,8.0024,7.9248,7.6034,7.4151,7.6008,7.5336,7.5113,7.5782,7.5208,7.1929,7.4572,7.5009,7.6086,8.4822,8.6142,8.8922,8.748,8.8149,8.7575,8.8933,8.8358,9.0446,8.6479,8.9154,8.9004,8.6863,8.4139,8.6227,9.0791,8.8399,8.4362,8.2237,7.957,7.7499,7.8778,7.7603,7.657,7.6039,7.5606,7.4836,7.5195,7.4492,7.7987,7.8835,8.058,8.3246,8.3225,8.3599,8.443,8.4215,8.5638,8.5367,8.7276,8.9054,9.0726,9.1098,8.9729,9.0791
26.991,7.3761,10.386,12.795,13.005,12.246,12.295,10.814,13.434,14.793,15.031,16.407,16.137,14.484,14.455,12.246,7.3761,3.8915,8.0669,9.7418,10.605,9.2842,9.9948,7.8036,9.2842,6.9018,5.7624,8.8799,8.4341,12.664,13.126,9.9948,9.9121,12.795,13.283,11.837,12.664,12.295,12.295,12.664,10.881,10.386,9.9121,7.3761,5.7624,3.8915,1.783,8.8799,8.7727,9.7418,11.444,10.386,10.386,9.7418,11.077,11.385,10.605,11.89,11.385,12.295,12.046,22.597,23.201,25.336,26.341,25.84,25.903,25.762,26.59,26.196,24.195,25.19,24.711,22.488,21.826,19.206,17.421,17.871,17.465,18.469,17.858,17.361,17.361,15.057,14.711,12.664,12.295,15.057,15.424,18.74,17.977,10.264,10.077,9.4104,9.0453,8.5785,8.4869,8.7641,8.775,8.7128,8.5952,8.4229,8.123,8.2558,8.0788,8.2842,8.2514,9.0578,9.6091,9.5257,9.5717,9.7582,9.6151,9.7069,9.9841,9.9219,10.255,10.421,10.51,10.159,10.264,8.6087,8.4438,8.2957,8.083,7.9038,7.658,7.734,7.6301,7.706,7.5846,7.5949,7.5566,7.8887,7.5841,7.9994,8.3416,8.7705,8.9571,9.0331,8.764,9.0883,8.8181,8.9772,8.9764,8.9122,8.9345,8.89,8.9602,8.6095,8.6087,9.239,8.9995,8.6578,8.4491,8.1189,8.0086,8.0417,7.9433,7.7974,7.7921,7.7707,7.6235,7.659,7.6511,7.9528,7.9385,8.2614,8.5256,8.4911,8.6653,8.7205,8.6747,8.6531,8.7757,9.0347,9.1162,9.2628,9.2559,9.1649,9.239
27.011,7.1872,10.197,13.582,13.208,13.582,12.702,11.533,14.177,15.512,16.471,17.187,16.218,14.28,14.821,10.368,8.2593,6.2181,8.5226,10.11,8.2593,10.451,9.2284,8.2593,10.842,9.2284,8.2593,10.368,10.11,13.89,13.251,10.11,11.9,11.337,13.89,13.378,13.461,12.702,13.251,14.347,12.502,10.451,9.3356,8.8898,5.7605,2.2387,5.5123,7.1872,9.7399,10.197,11.061,9.2284,10.451,11.061,10.197,10.368,9.3356,11.337,11.061,12.346,12.75,22.638,23.796,25.683,26.338,25.887,26.238,25.628,26.73,26.779,25.032,25.535,25.233,22.287,22.476,20.197,17.876,17.862,18.218,18.065,17.832,18.065,17.585,15.512,15.76,12.702,13.852,16.152,15.356,18.432,18.771,10.475,10.304,9.7811,9.1769,8.8565,8.7504,9.0513,8.9573,9.0314,8.801,8.7286,8.5957,8.5668,8.3128,8.4225,8.8397,9.1325,9.8239,9.898,9.7272,9.8347,9.8492,10,10.234,10.122,10.273,10.69,10.717,10.349,10.475,8.8372,8.7697,8.2476,8.3367,8.104,7.9523,7.9999,7.8944,7.8858,7.7474,7.8032,7.9595,7.7814,7.3836,7.9363,9.0295,9.1837,9.2728,9.22,9.2199,9.2184,9.1711,9.1261,9.126,8.9488,9.1935,9.1959,8.9295,8.7169,8.8372,9.4469,9.2064,8.8392,8.6284,8.3869,8.2254,8.2563,8.1272,8.0143,7.9721,7.9963,7.9316,7.9295,7.8076,8.1187,8.3319,8.4158,8.6684,8.8638,8.8244,8.9025,8.8686,8.9149,9.0878,9.0991,9.4808,9.5887,9.5451,9.374,9.4469
27.031,9.2893,10.151,13.332,14.775,13.332,13.161,13.332,14.131,14.497,15.203,16.835,15.833,15.257,13.989,11.795,9.182,4.3009,7.3112,11.223,8.2129,8.8435,11.795,9.2893,12.456,8.4762,7.1408,10.404,10.404,14.805,13.161,11.291,11.291,13.332,13.415,13.536,12.655,13.843,14.025,13.161,9.182,11.487,9.6936,7.3112,7.3112,4.3009,0.15114,7.1408,9.182,12.192,8.2129,10.151,9.6936,10.151,12.246,9.2893,9.6936,11.487,10.151,14.775,13.415,23.504,23.913,26.396,27.109,25.915,26.111,26.285,26.801,25.602,24.301,24.82,25.17,24.025,22.203,19.798,17.311,16.605,17.459,18.213,17.261,17.459,18.131,16.425,16.605,13.415,14.025,16.279,15.738,19.645,17.77,10.575,10.377,9.765,9.3426,9.0376,8.9268,9.0998,9.0578,9.1102,8.8671,8.7888,8.5577,8.6899,8.5236,8.7839,8.5127,9.3981,9.6266,10.048,9.8819,9.8808,9.9759,10.279,10.221,10.081,10.313,10.567,10.629,10.383,10.575,9.0158,8.9357,8.6449,8.5038,8.295,8.0084,8.1476,8.0324,8.043,8.0009,7.9976,7.6988,7.996,8.1646,7.9427,9.0252,9.4088,9.3667,9.1447,9.3864,9.3063,9.2642,9.5059,9.2839,9.1726,9.3036,9.1584,9.1814,9.0426,9.0158,9.6453,9.3591,9.0715,8.7729,8.5826,8.3888,8.3984,8.2887,8.165,8.2094,8.1435,8.0296,8.0629,8.029,8.3483,8.3098,8.6614,8.9191,9.0379,9.0822,9.0592,9.0005,9.0064,9.1172,9.3616,9.5155,9.7841,9.7275,9.47,9.6453
27.051,7.4268,10.046,12.715,14.446,11.941,12.803,13.485,13.666,14.898,14.416,15.38,16.325,14.138,15.183,11.128,6.7822,-0.20749,8.9307,9.7925,9.3349,8.8234,8.4848,7.8543,10.437,8.8234,6.7822,8.8234,10.046,14.138,12.803,10.656,10.046,13.056,12.846,10.932,11.941,12.097,12.973,12.671,11.376,11.941,10.656,9.9628,8.4848,-0.20749,2.3452,5.8131,8.8234,11.128,8.9307,10.046,10.046,9.7925,12.097,9.3349,7.8543,11.941,11.495,12.846,12.345,23.08,23.525,25.96,26.476,25.097,25.609,25.5,26.445,25.556,24.245,24.252,24.77,23.177,22.112,19.66,16.495,16.902,17.18,18.317,16.902,17.228,17.18,16.344,15.658,13.056,12.973,15.183,15.38,18.378,18.092,10.866,10.591,10.164,9.589,9.1923,9.0751,9.3726,9.3308,9.2729,9.2076,9.0285,8.8273,8.9238,8.6829,8.9222,8.8767,9.3337,10.182,10.286,10.317,10.168,10.318,10.335,10.591,10.502,10.817,10.848,10.885,10.77,10.866,9.3424,8.946,8.7374,8.7073,8.332,8.2789,8.2577,8.1696,8.1307,8.3402,8.0208,8.0135,8.3021,8.1257,8.4039,9.4442,9.5573,9.3486,9.3586,9.5055,9.4645,9.4846,9.5542,9.5642,9.4585,9.7135,9.6155,9.4613,9.1871,9.3424,9.7779,9.5124,9.2487,9.0162,8.7616,8.5554,8.6111,8.4837,8.3294,8.3646,8.3172,8.1846,8.2061,8.091,8.4524,8.54,8.8594,9.0645,9.0681,9.1511,9.0966,9.113,9.189,9.3067,9.3503,9.6198,9.849,9.848,9.5893,9.7779
27.071,5.8026,7.4163,13.864,13.167,13.167,12.286,11.485,13.761,14.941,15.097,15.846,16.391,14.524,13.656,10.427,6.7717,2.7923,8.1071,9.6942,8.9201,8.4743,8.8129,9.3244,10.854,7.4163,5.345,6.942,8.1071,13.932,13.167,11.366,9.782,12.286,12.792,11.366,12.835,12.792,12.963,12.335,10.921,11.877,10.646,7.4163,8.3553,2.7923,2.7923,5.8026,8.1071,10.921,8.9201,9.6942,10.427,10.427,12.963,9.782,8.8129,11.117,9.9523,13.932,13.474,22.687,23.426,25.822,26.33,25.405,26.027,25.63,26.464,25.79,24.156,24.524,24.704,22.9,21.92,19.035,16.942,16.942,18.183,18.27,16.892,17.09,16.772,16.056,16.236,13.045,11.93,15.648,15.097,18.658,17.803,10.88,10.797,10.275,9.8425,9.4987,9.2927,9.5448,9.3887,9.5379,9.3626,9.2442,9.1357,9.0365,8.8111,8.9596,9.0813,9.4036,10.266,10.37,10.118,10.252,10.409,10.268,10.449,10.712,10.951,11.007,10.914,10.793,10.88,9.5248,9.1866,8.9053,8.9357,8.7393,8.4433,8.4884,8.3475,8.4174,8.2765,8.3464,8.2407,8.3341,8.5426,8.8099,9.3989,9.846,9.8683,9.7925,9.6099,9.5241,9.7082,9.5362,9.9178,9.524,9.6493,9.6716,9.5228,9.2576,9.5248,10.023,9.7715,9.4409,9.2131,8.9535,8.7824,8.7893,8.7025,8.5993,8.5479,8.5234,8.4596,8.4625,8.3896,8.801,8.7693,9.1154,9.2018,9.2985,9.391,9.3926,9.3941,9.3888,9.5241,9.7931,9.9915,9.9476,10.066,9.8372,10.023
27.091,6.1857,9.196,12.47,14.878,12.669,13.346,12.669,13.857,15.556,15.271,17.275,15.847,14.543,14.819,11.868,7.3251,5.4798,7.7993,7.3251,11.029,8.8574,10.165,9.3032,10.81,7.3251,8.4901,10.165,9.196,14.315,13.428,11.868,10.077,12.47,13.346,13.175,12.718,12.718,13.088,13.043,11.5,11.304,11.5,9.196,7.1548,5.7281,2.2063,9.3032,9.196,11.5,10.165,10.418,9.7075,10.165,12.206,11.5,10.165,11.809,10.418,13.857,11.5,22.63,23.82,25.733,26.439,25.882,26.153,26.098,26.802,26.617,24.568,25.47,24.819,22.546,22.586,19.659,18.018,17.888,18.49,18.145,17.408,17.6,18.018,15.454,14.819,13.706,12.669,16.186,15.847,18.227,18.4,9.6372,9.4142,8.7926,8.4811,8.1964,8.0028,8.2039,8.3421,8.1638,8.0934,7.9327,7.8039,7.773,7.5599,7.5984,7.7379,8.3478,9.0457,9.0301,9.0951,8.9465,9.2018,9.2313,9.3025,9.2626,9.4819,9.7993,9.898,9.4775,9.6372,8.1136,7.9938,7.6321,7.6213,7.2808,7.1757,7.0326,7.0694,7.2026,7.0399,6.7336,6.9599,6.8936,6.7885,7.4308,7.9312,8.321,8.4684,8.4021,8.3621,8.3555,8.1139,8.2926,8.4713,8.2631,8.2231,8.2969,8.1603,7.9562,8.1136,8.7048,8.4871,8.1185,7.9187,7.6479,7.48,7.5093,7.3918,7.278,7.3112,7.2321,7.129,7.1265,7.0991,7.2847,7.4675,7.5872,7.8542,7.9405,7.9779,8.1008,8.0227,8.1191,8.2014,8.2849,8.6336,8.7257,8.7942,8.4944,8.7048
27.111,7.3334,9.7158,13.184,13.227,13.184,13.227,13.184,14.519,17.283,16.628,17.416,16.364,14.323,14.519,12.478,8.8657,5.2249,5.4882,9.2043,10.344,10.173,9.2043,8.2352,8.8657,8.4985,6.194,9.7158,10.173,13.184,13.354,10.173,11.313,11.757,12.726,12.478,13.828,12.269,13.096,13.558,11.817,12.478,11.509,7.1631,7.1631,5.7364,2.2146,8.2352,8.8657,12.215,10.818,8.7467,9.7158,8.4985,12.322,11.313,9.3115,11.313,11.313,12.478,12.478,22.385,23.946,24.994,25.967,25.855,26.416,25.796,26.773,27.165,25.582,25.796,25.236,21.876,22.75,20.112,18.153,18.041,18.574,18.612,17.416,17.022,18.612,14.323,14.916,11.876,12.726,15.488,16.705,18.498,18.408,9.9998,9.6723,9.1473,8.7026,8.4572,8.2962,8.3346,8.5299,8.5093,8.3209,8.3507,8.1595,8.0252,7.8007,8.2147,8.0999,8.517,9.3441,9.3596,9.2808,9.1331,9.5354,9.654,9.616,9.4926,10.152,10.09,10.067,9.8637,9.9998,8.3622,8.2233,7.8357,7.8941,7.3859,7.4263,7.5679,7.3046,7.3328,7.2047,7.2234,7.2819,7.559,7.4376,7.8178,8.3399,8.862,8.7639,8.6572,8.4771,8.5943,8.6528,8.6081,8.7005,8.5928,8.738,8.7097,8.5883,8.2775,8.3622,8.9687,8.6876,8.3091,8.1577,7.9031,7.7669,7.722,7.6149,7.5101,7.4891,7.5419,7.4505,7.3988,7.3582,7.6464,7.7519,8.0246,8.1541,8.3193,8.3901,8.3171,8.3298,8.3196,8.5022,8.6895,8.9181,9.0466,9.007,8.8254,8.9687
27.131,7.0074,9.3898,13.54,12.901,13.111,10.987,11.889,14.501,15.975,15.911,16.456,16.302,14.471,13.997,9.3898,8.4207,5.1622,7.0074,10.018,8.8783,8.5397,7.9092,7.4817,9.7597,3.9971,5.868,8.5397,9.3898,13.232,13.721,11.431,10.987,13.388,13.721,12.858,13.502,11.996,10.711,12.152,10.018,9.8474,10.987,8.9855,8.1725,1.8886,1.8886,5.868,9.8474,10.018,10.1,11.183,10.711,10.018,11.183,9.8474,8.5397,10.1,9.8474,13.827,12.725,22.63,23.327,25.415,26.49,25.583,26.186,25.729,26.234,26.164,24.225,24.803,24.528,22.519,21.937,19.049,17.701,16.696,16.749,17.977,17.235,17.282,17.482,14.817,14.817,12.4,12.901,15.137,15.162,18.54,17.977,10.193,9.8756,9.4161,8.9258,8.5539,8.5146,8.7674,8.679,8.6335,8.5516,8.3255,8.2172,8.1547,8.0026,8.1487,8.2771,8.6243,9.6588,9.4656,9.3967,9.5019,9.4738,9.661,9.8727,9.8768,9.9498,10.243,10.207,9.9832,10.193,8.5446,8.4126,7.9652,7.866,7.6609,7.6431,7.6809,7.4445,7.4974,7.2197,7.5513,7.4193,7.1492,7.3225,8.0965,8.6255,8.8328,9.04,8.8391,8.6636,8.6693,8.7485,8.9895,8.6855,8.6741,8.5828,8.6683,8.6902,8.254,8.5446,9.1619,8.9059,8.5439,8.3072,8.1024,7.9053,7.9439,7.826,7.7178,7.6959,7.6978,7.6125,7.6082,7.5632,7.7295,8.0549,8.2223,8.441,8.4623,8.6215,8.5991,8.627,8.6093,8.5776,8.9404,9.0594,9.3047,9.2358,9.0529,9.1619
27.151,6.9071,9.2895,12.052,12.928,13.897,13.132,12.052,13.897,16.412,16.142,17.103,16.142,13.621,13.897,10,8.4394,3.8968,8.0722,10.611,9.7471,10,9.9174,6.7368,8.0722,6.7368,6.7368,8.778,10.611,12.757,13.439,10.611,11.896,10.887,11.842,12.757,11.896,12.3,12.757,12.801,12.757,11.391,9.7471,6.7368,8.0722,5.0619,1.7883,6.9071,11.082,8.778,10.887,6.7368,11.391,8.3204,13.01,10.887,9.7471,11.45,10.887,12.251,13.288,22.222,23.695,24.733,25.225,25.938,26.207,25.322,26.605,26.857,25.062,25.175,24.46,21.634,22.052,18.885,18.712,18.235,18.439,18.047,16.631,16.578,18.072,13.897,13.897,11.842,12.052,14.853,15.262,18.885,17.876,10.471,10.171,9.6075,9.1573,8.6594,8.711,8.9031,8.9165,8.8546,8.7919,8.6623,8.4397,8.4644,8.2546,8.4811,8.647,8.8334,9.4903,9.7639,9.8204,10.009,9.9143,9.9356,10.004,10.227,10.193,10.48,10.535,10.45,10.471,8.7383,8.695,8.0735,8.0952,7.7087,7.7167,7.8251,7.7604,7.7574,7.5551,7.5274,7.8513,7.6067,7.7607,8.0061,9.0873,9.0401,9.1386,8.6753,8.77,8.7917,8.764,8.9461,8.9798,8.9761,8.8558,8.9183,8.6329,8.4908,8.7383,9.3007,9.1316,8.7112,8.5234,8.1876,8.0341,8.1631,8.0243,7.8968,7.8178,7.8783,7.7488,7.743,7.662,7.9622,8.1512,8.2844,8.5513,8.5542,8.6188,8.7348,8.8056,8.6646,8.8199,9.1038,9.4352,9.4186,9.4101,9.1591,9.3007
27.171,5.7835,8.7938,13.455,13.742,12.316,12.267,11.465,14.387,15.078,14.62,16.647,16.465,15.891,14.417,10.902,6.7526,3.9126,6.7526,10.407,10.016,10.626,9.7629,7.3972,9.9332,6.7526,5.0777,8.901,10.016,13.913,11.804,10.407,11.098,12.267,12.944,12.773,12.816,13.026,12.641,13.147,10.626,9.7629,9.9332,8.088,4.8144,5.0777,2.7732,5.0777,7.8247,10.902,7.3972,9.9332,10.902,10.902,10.902,8.4552,9.9332,10.407,10.407,14.109,12.816,23.091,23.242,25.662,26.489,25.7,25.671,25.326,26.622,25.662,24.06,24.732,24.732,22.981,22.183,18.794,17.26,16.923,18.201,18.088,17.427,17.515,17.006,16.217,15.891,12.773,10.902,15.891,15.651,18.848,17.397,10.542,10.375,9.6881,9.2544,9.087,8.8247,9.0508,8.9654,9.0998,8.9587,8.637,8.5764,8.5646,8.4708,8.7866,8.6367,9.3102,9.8727,9.9683,9.9031,9.9234,9.9886,10.084,10.1,10.13,10.503,10.47,10.691,10.37,10.542,8.8577,8.76,8.545,8.3412,8.1635,8.1718,8.1172,8.0239,7.8664,7.834,7.8333,7.6556,7.7654,7.7772,8.0844,8.5598,9.1887,9.2005,9.0916,9.139,9.0888,8.9287,9.0861,9.1057,8.9736,9.1029,9.0772,8.8196,8.7463,8.8577,9.5198,9.2759,8.9932,8.73,8.4654,8.3052,8.3105,8.189,8.0742,8.0925,8.0257,7.9444,7.9119,7.901,8.2379,8.1758,8.5595,8.7264,8.851,8.9098,8.9386,8.8467,9.01,9.0181,9.1479,9.302,9.5562,9.5402,9.3624,9.5198
27.191,8.1459,9.3632,12.874,14.198,12.325,12.125,12.125,14.445,15.212,15.503,16.429,15.503,14.198,14.475,11.523,5.1356,5.1356,8.5131,9.3632,7.4551,8.5131,7.8826,7.4551,8.8517,8.1459,6.9809,8.8517,9.8208,13.695,12.831,10.96,10.96,13.001,12.831,13.001,12.125,13.001,13.205,12.374,10.96,11.523,10.074,8.5131,6.8105,2.8311,1.862,6.9809,9.7331,9.8208,10.074,10.074,10.684,10.074,11.862,10.96,8.8517,11.523,10.465,12.699,12.831,22.658,23.265,25.451,26.202,25.444,26.047,25.736,26.749,26.147,24.141,24.834,24.439,22.441,21.824,19.315,17.209,17.425,17.688,17.95,16.981,17.44,17.5,15.503,15.11,12.874,12.374,15.885,14.678,18.346,17.544,10.869,10.502,9.9314,9.4457,9.175,9.0181,9.2174,9.3461,9.2912,9.1464,8.9736,8.8489,8.8923,8.7536,8.8663,8.6377,9.7643,10.321,10.329,10.239,10.33,10.346,10.578,10.512,10.441,10.734,10.852,11.025,10.785,10.869,9.1995,8.8416,8.6944,8.5338,8.2623,8.1668,8.225,8.3054,7.9172,8.0404,8.1139,8.011,8.1369,7.9441,8.1917,9.2246,9.206,9.5779,9.3619,9.4241,9.4369,9.4084,9.5613,9.3887,9.3701,9.0985,9.3694,9.3931,9.1393,9.1995,9.7019,9.4697,9.0917,8.9014,8.5733,8.4133,8.5268,8.4114,8.2539,8.198,8.2709,8.1141,8.1439,8.0328,8.4141,8.457,8.6826,9.0121,8.9906,9.1014,9.1141,9.0815,9.1442,9.1714,9.4508,9.6038,9.8142,9.7486,9.5194,9.7019
27.211,7.1715,10.182,12.735,14.332,13.445,12.735,12.486,15.151,15.471,14.895,16.373,16.79,15.341,14.161,11.321,7.1715,0.1818,6.2024,10.352,10.182,9.7242,9.7242,10.435,11.321,7.1715,6.2024,10.182,8.5069,13.837,12.735,11.045,11.825,13.06,13.445,12.486,12.486,13.362,14.161,11.045,9.7242,10.182,11.045,9.7242,7.3418,5.4966,3.1921,7.3418,8.5069,10.826,10.435,10.182,11.321,10.094,12.735,11.321,11.254,12.735,12.486,14.161,12.223,23.35,23.59,26.063,26.79,26.241,25.864,26.17,27.03,25.945,24.321,25.002,24.993,23.566,22.141,19.435,17.801,17.934,17.816,18.311,17.49,17.861,17.846,16.202,15.745,13.192,12.486,17.084,15.151,19.383,17.801,9.4156,9.183,8.6286,8.1985,7.9779,7.7887,7.8011,8.0731,7.9492,7.942,7.6771,7.5093,7.5199,7.3564,7.605,7.6386,8.3712,8.9239,8.9575,9.0642,9.0114,8.9206,9.288,9.0433,9.1879,9.5608,9.7918,9.6623,9.5651,9.4156,7.6855,7.6477,7.3502,7.1843,6.938,6.9276,6.7423,6.8446,6.8092,6.8763,6.7503,6.677,6.7441,6.5626,7.4845,7.3973,8.0011,8.1376,7.9917,7.788,7.7604,7.9737,7.9341,8.0918,7.8415,7.8018,7.9596,7.8987,7.4897,7.6855,8.3648,8.1692,7.8494,7.5939,7.3349,7.1668,7.1932,7.0606,6.9472,6.959,6.9105,6.7903,6.7968,6.7081,7.0539,7.2128,7.3864,7.6419,7.6015,7.7633,7.7136,7.7266,7.7888,7.9559,7.9812,8.2514,8.4953,8.3763,8.1685,8.3648
27.231,8.8545,10.162,14.142,14.142,13.173,12.467,12.467,15.019,16.051,16.29,16.29,16.827,14.54,15.214,12.467,6.1828,4.3119,6.1828,10.415,9.7046,9.7046,8.8545,8.4873,9.1931,8.8545,8.4873,10.415,10.415,13.426,13.216,10.333,11.302,12.467,13.343,12.467,13.04,12.715,12.203,12.311,10.333,13.04,10.807,7.1519,8.8545,3.1725,4.3119,7.3222,11.026,10.162,11.302,9.1931,9.1931,10.162,11.498,10.333,10.333,10.162,11.746,14.036,13.04,22.908,23.68,25.389,26.407,26.237,26.15,26.1,26.984,26.867,25.084,25.64,24.904,22.311,22.963,20.333,17.781,18.331,17.66,18.128,17.518,18.016,17.322,16.095,15.132,13.173,13.547,15.677,14.786,18.748,17.55,11.189,10.898,10.308,10.04,9.5916,9.3885,9.5577,9.5996,9.6465,9.5345,9.3288,9.2544,9.1598,8.9187,9.0374,9.4515,9.9863,10.77,10.6,10.517,10.533,10.563,10.847,10.797,10.97,11.254,11.161,11.263,11.137,11.189,9.4713,9.5976,8.9598,8.885,8.5689,8.7149,8.5649,8.3695,8.3851,8.4978,8.5232,8.29,8.6414,8.4692,8.5722,8.896,9.8765,9.7878,9.825,9.7539,9.6139,9.5604,9.6867,9.7363,9.4933,9.6884,9.5485,9.495,9.3902,9.4713,10.121,9.7844,9.5406,9.307,9.0655,8.8954,8.8431,8.7197,8.6499,8.617,8.617,8.5543,8.4323,8.386,8.7591,8.9387,9.1588,9.3447,9.4216,9.5206,9.4626,9.4228,9.5031,9.6032,9.7747,10.022,10.103,10.085,9.9581,10.121
27.251,6.9651,8.836,12.815,14.429,12.11,10.945,12.11,13.46,14.429,14.429,16.337,16.689,15.487,14.151,10.669,5.1199,4.8566,7.4394,8.836,7.8669,9.8051,8.4974,7.8669,8.836,6.9651,5.3681,9.9754,9.8051,14.429,12.11,9.8051,10.945,12.728,13.679,12.309,12.358,11.954,12.728,11.141,10.45,10.669,10.058,9.8051,8.9432,3.9548,1.8463,5.1199,8.4974,10.058,10.945,10.945,9.3475,9.8051,11.141,11.449,10.669,10.945,9.3475,13.46,11.954,23.068,22.923,25.793,26.627,25.569,25.475,25.802,26.539,25.487,24.028,24.617,24.459,23.134,22.001,19.299,16.795,17.113,17.439,17.785,16.414,17.439,16.795,15.76,15.671,12.815,12.309,15.738,14.774,19.338,17.439,9.9749,9.5047,9.121,8.692,8.4944,8.2429,8.2401,8.3399,8.4578,8.3957,8.1331,8.0198,8.0237,7.7663,8.0121,8.1438,8.4803,9.4423,9.3215,9.4393,9.3773,9.6517,9.6129,9.7308,9.7931,9.7866,10.171,10.022,10.019,9.9749,8.3507,7.9517,7.8014,7.6174,7.4789,7.2992,7.3775,7.2136,7.1839,7.0448,7.2657,7.1787,7.2692,7.0258,7.4499,8.158,8.1283,8.5593,8.6266,8.364,8.4799,8.4027,8.5917,8.562,8.469,8.4625,8.4029,8.3256,8.1098,8.3507,8.804,8.5245,8.2418,7.9995,7.8056,7.6352,7.5991,7.4546,7.3843,7.3758,7.3251,7.2862,7.2534,7.2111,7.4695,7.5709,7.755,8.0603,8.1622,8.2617,8.2101,8.1814,8.3064,8.3677,8.4866,8.9198,8.8793,8.898,8.6814,8.804
27.271,5.2265,9.2059,12.48,13.356,12.679,12.323,12.48,13.83,16.303,15.857,17.794,17.023,14.769,14.799,13.053,5.4898,5.4898,7.1647,10.428,10.345,8.7483,9.3132,10.345,8.8673,9.7174,7.1647,10.175,10.428,14.521,13.185,11.759,10.175,13.185,13.185,12.48,13.56,11.819,14.257,12.728,12.216,11.039,10.175,9.3132,8.5001,5.4898,4.3248,6.1956,8.7483,11.039,10.428,10.428,11.314,10.345,12.323,8.2368,10.82,11.314,10.175,13.229,13.053,22.847,23.556,25.911,26.629,26.189,25.938,25.932,26.947,26.676,24.699,25.13,25.018,23.044,23.053,20.07,16.57,17.779,17.61,18.344,16.84,17.898,17.809,16.063,15.28,11.819,12.48,15.857,15.28,18.772,18.902,10.357,9.7035,9.2689,8.8052,8.5862,8.5128,8.5106,8.6248,8.629,8.4939,8.4609,8.2713,8.0818,7.9509,8.1208,8.0534,8.6493,9.4901,9.8076,9.6989,9.7067,9.6278,9.9156,10.089,10.056,10.188,10.282,10.458,10.301,10.357,8.5581,8.1598,7.9034,7.7889,7.6092,7.5675,7.4463,7.5487,7.614,7.3576,7.4742,7.4503,7.1627,7.336,7.5696,8.4416,8.8462,8.9116,8.7458,8.6771,8.6495,8.9376,9.003,9.0546,8.6876,8.836,8.8358,8.7037,8.547,8.5581,8.9681,8.6876,8.3486,8.1944,7.9951,7.7973,7.7335,7.6354,7.5664,7.5092,7.5196,7.4535,7.4288,7.2681,7.6091,7.734,7.9707,8.2848,8.3523,8.3649,8.3474,8.3141,8.4163,8.5262,8.6278,9.0158,9.0268,9.0681,8.8634,8.9681
27.291,8.8818,10.36,14.339,14.028,13.731,12.338,13.2,14.169,15.047,14.813,16.741,17.432,16.21,14.339,11.329,5.5043,3.1998,5.241,9.7319,9.7319,10.443,9.3276,9.3276,11.329,7.1792,6.2101,10.189,10.834,14.339,12.494,11.892,11.329,14.339,13.37,13.453,13.067,11.525,13.2,11.525,12.742,11.892,8.7628,9.2204,9.3276,5.7525,3.1998,6.2101,7.3495,11.053,10.36,11.329,9.3276,11.329,11.833,10.189,10.443,11.525,11.053,14.813,12.231,23.277,23.187,26.53,26.892,25.871,25.757,25.934,26.982,25.687,24.207,24.726,25.298,23.995,22.279,19.22,17.091,17.432,17.809,19.231,17.366,18.319,16.722,16.317,15.504,13.844,12.285,16.584,15.504,19.799,17.625,10.552,10.013,9.3733,9.0726,8.8297,8.6093,8.6855,8.8309,8.7313,8.7412,8.557,8.4907,8.4128,8.2189,8.4374,8.2823,8.8146,9.7454,9.8908,9.8563,9.7234,9.9361,10.324,10.134,10.224,10.369,10.656,10.719,10.428,10.552,8.7048,8.4148,8.1657,7.9896,7.8214,7.7121,7.5852,7.4391,7.5769,7.5464,7.4538,7.3698,7.5843,7.5463,8.1932,8.2658,8.944,8.8192,8.8581,9.1063,8.9302,8.6947,9.0754,8.7337,8.8434,8.8725,8.8855,8.972,8.549,8.7048,9.1872,8.9115,8.6145,8.3579,8.1552,8.0088,7.9596,7.7967,7.7305,7.7792,7.6955,7.6059,7.5931,7.5468,7.9121,7.9904,8.1672,8.4572,8.5592,8.6707,8.6104,8.5643,8.6739,8.6442,9,9.1615,9.2095,9.2414,9.0284,9.1872
27.311,6.7868,9.3395,12.851,14.451,13.06,12.675,12.851,13.338,15.479,15.925,16.251,16.192,13.452,14.654,12.102,6.9571,4.8486,7.4314,9.7971,9.9674,9.7971,8.9352,8.9352,9.7971,8.1222,6.7868,8.828,8.828,14.451,11.892,9.7094,9.9674,13.777,12.102,13.635,12.72,13.182,11.838,12.301,11.892,10.661,11.5,8.4894,3.9468,-0.20289,2.8074,7.8589,8.828,10.442,10.05,12.102,9.9674,10.661,9.7971,11.5,9.3395,11.132,10.937,13.635,10.442,22.653,23.452,25.427,26.178,25.225,25.837,25.785,26.343,25.679,24.37,24.766,24.7,22.598,22.102,19.33,17.55,17.416,17.818,18.236,16.628,17.431,17.65,15.312,14.956,13.06,12.851,14.849,14.956,18.839,17.461,10.719,10.23,9.6414,9.2149,8.8992,8.8717,8.9718,8.9707,9.0352,8.9223,8.745,8.526,8.4477,8.4402,8.5946,8.5478,8.9684,9.9669,10.063,9.8396,10.012,9.8129,10.21,10.295,10.23,10.462,10.758,10.732,10.528,10.719,9.0363,8.6092,8.3969,8.2702,8.1172,7.8874,7.9491,7.7496,7.7567,7.7537,7.6146,7.9144,8.0149,7.8174,7.8538,9.1948,9.2868,9.3788,9.2078,8.8758,8.9344,9.1207,9.3883,9.391,9.1845,9.2532,9.1002,9.3817,8.8856,9.0363,9.3794,9.1271,8.7884,8.5754,8.3167,8.1652,8.2,8.0644,7.9471,7.9139,7.8576,7.7872,7.7768,7.7329,8.0809,8.1214,8.3579,8.4949,8.6516,8.6719,8.782,8.6964,8.7903,8.8942,9.057,9.2014,9.3318,9.3093,9.1364,9.3794
27.331,7.3394,7.8136,13.72,14.159,12.732,13.564,11.882,14.329,16.045,16.634,17.081,16.845,14.329,15.494,13.19,7.8136,7.3394,6.2,9.7218,11.319,9.3175,10.432,7.8136,11.043,8.8717,9.2103,8.5045,10.824,13.443,14.329,10.35,11.319,12.484,13.233,13.72,13.233,12.732,12.684,13.233,12.484,12.221,11.823,7.1691,7.8136,5.2309,3.1897,8.8717,10.824,12.732,8.8717,7.1691,10.432,9.2103,11.763,8.7527,8.5045,10.824,11.515,13.72,13.36,22.071,23.912,25.149,25.859,25.915,26.453,25.973,26.833,27.053,25.456,25.469,24.974,22.328,22.962,19.827,17.814,18.308,17.858,18.047,17.339,17.858,17.903,15.149,15.494,13.443,14.329,15.469,15.57,18.58,17.932,10.638,10.266,9.7868,9.3754,8.9266,8.9337,9.2253,9.1614,8.9875,8.9082,8.7219,8.64,8.5892,8.4718,8.5255,8.7653,9.5688,9.923,9.8998,9.9322,10.002,10.005,9.9664,10.273,10.182,10.316,10.717,10.712,10.421,10.638,8.8257,8.9171,8.4857,8.4319,8.1685,7.9714,8.1051,7.9697,7.8666,7.8128,7.9694,7.7021,7.9725,7.9808,8.1554,9.0323,9.1005,9.4159,9.1269,9.1951,8.9881,9.178,9.1331,9.2245,8.9943,9.009,8.9386,8.8438,8.792,8.8257,9.5696,9.3698,8.9698,8.7872,8.4871,8.3072,8.3616,8.2752,8.1722,8.0722,8.1176,8.0094,8.0404,7.9459,8.2577,8.4408,8.6449,8.7556,8.8994,8.9553,9.1204,8.9501,9.0661,9.2106,9.1938,9.3583,9.6591,9.6788,9.4605,9.5696
27.351,8.5268,11.341,13.255,13.586,13.465,12.506,11.537,14.826,15.516,15.789,16.81,16.734,15.059,15.36,12.706,7.3617,3.212,6.2223,11.341,9.2326,10.455,10.372,7.3617,8.894,7.1914,8.894,9.2326,10.202,14.579,12.706,12.35,11.845,13.382,12.706,13.382,13.212,13.255,12.243,12.243,11.537,10.202,11.537,7.836,8.2635,0.20168,4.3514,7.3617,8.894,11.065,10.202,10.372,11.341,10.114,13.08,9.7441,9.2326,12.506,10.202,13.124,12.706,23.057,23.693,25.965,26.265,25.825,26.163,25.891,27.001,26.222,24.604,25.022,25.079,23.08,22.291,20.14,17.362,17.836,18.331,18.894,17.51,17.866,18.055,16.656,15.884,13.212,12.243,15.884,15.516,19.167,17.589,10.95,10.524,10.006,9.4605,9.2957,9.0844,9.2544,9.289,9.2728,9.0969,9.0252,8.8829,8.8343,8.5483,8.8445,8.7223,9.2316,9.7235,10.302,10.205,10.239,10.168,10.411,10.683,10.554,10.71,10.856,11.026,10.526,10.95,9.3016,8.773,8.7896,8.5475,8.3643,8.2071,8.236,8.2455,8.1747,8.0388,8.0711,8.1034,8.0507,8.2186,8.4695,9.5614,9.3488,9.559,9.6021,9.1569,9.2835,9.3926,9.4462,9.6008,9.4846,9.2719,9.4578,9.3103,8.9557,9.3016,9.7562,9.5078,9.1508,8.978,8.7085,8.5452,8.533,8.445,8.3456,8.2686,8.2616,8.2284,8.1692,8.0936,8.3599,8.5548,8.784,8.9995,9.0822,9.1616,9.1839,9.1725,9.2443,9.2884,9.5684,9.6833,9.7835,9.81,9.5977,9.7562
27.371,8.4906,10.166,13.55,15.324,12.47,12.67,12.47,14.145,15.729,15.455,17.067,17.067,14.819,14.315,12.47,5.4803,7.3255,7.7998,9.7079,12.207,11.305,10.166,7.7998,11.305,8.2273,7.7998,10.419,11.029,14.878,13.176,10.419,11.305,14.145,11.868,12.47,13.176,13.429,13.346,13.088,10.166,13.044,11.305,6.1861,7.7998,2.2067,5.7285,8.4906,7.3255,11.305,7.7998,10.419,11.029,9.1964,13.044,8.4906,10.166,11.029,10.419,13.858,12.47,22.709,23.85,26.031,26.655,25.68,26.18,26.12,27.094,26.127,24.355,25.009,25.099,22.967,22.723,19.367,17.522,18.295,17.601,19.196,17.785,17.601,18.281,15.848,16.56,13.219,13.55,16.186,16.293,19.541,18.567,11.177,10.658,10.174,9.8617,9.4005,9.2606,9.5742,9.5454,9.5554,9.3505,9.2917,9.018,8.991,8.9516,9.0093,9.1991,9.8051,10.642,10.451,10.461,10.527,10.519,10.768,10.917,10.909,11.158,11.152,11.39,11.002,11.177,9.3957,9.1792,8.8884,8.6693,8.5184,8.2372,8.398,8.2745,8.2675,8.2049,8.2258,8.1733,8.6988,8.4357,8.6117,9.1927,9.5287,9.7667,9.6311,9.541,9.4631,9.6277,9.6543,9.4954,9.4642,9.3628,9.391,9.3742,9.0889,9.3957,9.9984,9.7804,9.3641,9.1123,8.8609,8.6493,8.7672,8.6355,8.5266,8.4611,8.4665,8.3326,8.3347,8.3113,8.5749,8.722,8.9685,9.1465,9.1646,9.2641,9.3441,9.3622,9.3229,9.4643,9.6595,9.8579,9.9534,9.9686,9.7323,9.9984
27.391,7.8242,10.36,13.2,14.814,12.494,11.262,12.743,13.882,15.479,16.381,16.892,16.381,15.753,15.241,11.893,6.2105,3.2002,4.3397,8.8823,11.054,10.443,8.8823,8.515,10.36,8.7633,6.2105,9.3281,10.443,14.567,13.112,11.054,10.19,13.882,13.371,12.231,12.231,13.243,13.731,12.743,12.494,12.494,11.525,8.8823,8.515,5.5047,2.2311,5.753,7.1796,11.525,9.3281,9.2208,11.262,10.36,11.329,10.19,9.3281,12.694,8.8823,13.731,11.833,22.918,23.453,26.474,26.916,25.99,25.953,26.017,27.106,25.497,24.34,24.799,25.244,23.602,22.494,19.595,17.824,17.854,17.18,18.252,16.741,17.578,16.722,17.02,15.872,13.2,14.34,16.464,15.581,19.443,18.17,9.5615,9.5149,8.839,8.3842,8.1607,8.0077,8.2416,8.1362,8.1038,8.0714,7.8416,7.6118,7.6483,7.4185,7.6756,7.7443,8.1581,8.9799,9.1127,8.8084,8.7663,8.8784,9.0588,9.172,9.1396,9.2316,9.5761,9.514,9.4425,9.5615,8.032,7.9783,7.7475,7.4611,7.2992,7.1547,7.0905,6.9704,6.9393,6.8979,6.907,6.7889,7.2082,7.0017,7.7962,7.7548,8.2539,8.6111,8.2217,8.0697,8.2158,8.3931,8.3041,8.3396,8.1776,8.1438,8.3055,8.0808,7.893,8.032,8.6663,8.4592,8.0739,7.8652,7.5902,7.4232,7.4918,7.342,7.2196,7.2917,7.1861,7.0526,7.0822,7.0647,7.3244,7.4829,7.6916,7.9535,7.9606,8.0722,8.0777,8.0957,8.2215,8.1711,8.3348,8.5773,8.7032,8.781,8.6225,8.6663
27.411,7.8207,10.099,13.45,13.841,13.064,12.228,13.197,14.899,16.075,16.581,16.207,16.719,14.06,14.81,12.228,7.3464,7.3464,7.3464,10.357,10.831,10.439,10.186,8.5115,10.186,8.5115,4.3361,9.2173,11.522,14.166,13.197,10.357,11.522,13.45,12.335,13.197,13.24,11.326,13.064,13.24,12.228,11.83,11.326,7.8207,7.1761,2.2276,2.2276,5.5012,8.8787,11.77,11.326,10.186,11.77,10.439,11.522,11.889,9.2173,12.335,11.05,13.24,12.739,22.891,23.959,25.809,26.244,26.032,26.295,25.92,26.84,26.609,24.84,25.197,24.599,22.739,22.465,19.388,18.316,17.821,18.04,19.217,18.248,17.494,17.865,15.749,15.868,13.064,11.259,15.868,16.25,18.772,18.316,10.078,9.4703,8.9893,8.6844,8.495,8.1958,8.3149,8.4192,8.4696,8.3426,8.2895,8.0868,7.9353,7.882,8.0842,8.0059,8.5886,9.5661,9.3634,9.3682,9.2677,9.3433,9.681,9.8652,9.7656,9.9059,10.222,10.238,9.9588,10.078,8.4102,8.0961,7.7962,7.6973,7.3996,7.3746,7.2746,7.1601,7.161,7.3159,7.0864,7.1221,7.3848,7.3569,8.0177,8.5365,8.515,8.954,8.5223,8.7749,8.6327,8.5081,8.5199,8.5154,8.659,8.5491,8.6355,8.5703,8.3128,8.4102,8.8148,8.6067,8.2973,8.0452,7.8014,7.624,7.6428,7.5394,7.4152,7.3922,7.3644,7.2648,7.2712,7.2148,7.4667,7.5943,7.832,8.0604,8.1662,8.2207,8.2875,8.2671,8.2046,8.2444,8.5521,8.652,8.8718,8.8034,8.6359,8.8148
27.432,7.8228,11.328,14.168,14.534,13.573,13.067,12.284,14.271,15.478,16.077,17.09,17.349,14.931,14.901,12.23,8.5136,4.3383,6.2091,10.189,9.731,9.2194,8.8809,6.2091,9.731,8.8809,7.1782,10.189,8.8809,13.881,13.067,11.524,10.359,13.067,13.111,12.284,13.111,12.741,13.067,12.493,11.328,8.5136,10.359,7.3486,9.2194,4.3383,4.3383,7.1782,11.328,11.261,9.731,8.5136,11.524,10.359,12.23,10.442,9.3267,13.067,8.5136,12.693,14.062,22.912,23.787,26.097,26.569,25.982,26.054,25.927,27.133,26.382,24.355,25.202,24.489,23.04,22.508,19.483,17.868,17.686,17.624,18.59,17.941,17.576,17.912,16.209,15.871,13.73,13.199,16.316,15.752,19.472,17.823,10.188,9.8829,9.2459,8.9899,8.7525,8.4859,8.6622,8.4713,8.6753,8.5078,8.3624,8.3689,8.1277,7.9463,8.2423,8.2701,8.9122,9.3824,9.6552,9.6441,9.4533,9.5609,9.8569,9.8079,10.104,9.8898,10.342,10.317,10.158,10.188,8.5666,8.3588,7.8827,8.0456,7.7903,7.535,7.6014,7.3915,7.4776,7.4234,7.2887,7.3765,7.5159,7.5269,7.7907,7.926,8.7954,8.9173,8.9282,8.9947,8.958,8.7027,8.8897,8.9007,8.6888,8.8224,8.8747,8.4461,8.5044,8.5666,9.0112,8.7668,8.4749,8.2832,8.0369,7.8813,7.8089,7.6993,7.6418,7.6376,7.5749,7.5201,7.4878,7.3745,7.6418,7.8932,8.006,8.2704,8.4365,8.5113,8.4328,8.4517,8.5062,8.5986,8.7111,9.0354,9.1358,8.9939,8.9267,9.0112
27.452,8.7408,8.8598,13.178,15.558,13.431,13.552,14.25,14.317,16.056,16.033,16.998,16.7,14.791,14.791,11.307,7.3275,3.1778,7.3275,11.031,10.421,10.421,8.4925,8.8598,10.421,8.2293,7.1572,10.167,11.031,14.041,14.147,11.87,10.08,13.178,14.041,12.472,12.72,13.045,12.672,12.263,11.031,10.338,11.307,8.4925,6.1881,3.1778,2.2087,8.7408,8.4925,11.031,8.7408,9.7099,11.307,10.167,13.431,11.031,10.167,13.178,9.7099,13.552,14.25,23.045,23.822,25.735,26.433,25.875,26.103,26.013,26.622,26.225,24.655,25.433,24.791,23.178,22.126,19.777,17.802,17.603,17.523,18.941,18.188,18.021,17.523,16.231,15.73,13.221,12.472,16.622,15.457,18.656,18.493,10.566,9.7721,9.5753,9.1072,8.8079,8.6212,8.739,8.8317,8.8101,8.7463,8.5695,8.5146,8.3998,8.2505,8.6549,8.5501,9.0376,9.7737,9.8882,9.9023,9.9575,9.8172,10.054,10.222,10.327,10.797,10.623,10.682,10.327,10.566,8.6053,8.521,8.1297,7.9315,7.8495,7.845,7.641,7.583,7.5604,7.4016,7.6495,7.4731,7.593,7.5622,7.9563,8.9559,8.7064,8.702,8.9023,8.7435,8.8158,8.7638,8.9225,8.8095,8.9765,8.9596,8.7101,8.7825,8.5633,8.6053,9.2055,8.9793,8.6477,8.4415,8.2184,8.0756,8.0344,7.8994,7.8275,7.7708,7.7715,7.6912,7.6767,7.6527,7.9746,8.0065,8.2551,8.4746,8.568,8.6554,8.7089,8.5974,8.7025,8.8269,9.0088,9.2363,9.2631,9.3707,9.082,9.2055
27.472,7.8102,10.088,14.553,14.326,13.229,13.717,12.217,14.889,16.196,16.727,17.419,16.727,15.491,15.69,12.324,8.2377,5.7389,8.2377,11.819,9.2068,10.346,10.176,8.501,11.315,8.8682,8.501,8.2377,11.315,13.717,14.155,10.429,10.82,12.48,13.831,12.68,13.229,13.098,12.324,12.68,11.879,11.315,10.176,7.8102,8.8682,2.7286,2.7286,7.8102,10.346,12.324,9.7183,10.346,10.088,8.501,13.054,10.176,9.314,11.819,11.819,13.439,13.229,22.596,23.861,25.858,26.369,25.921,26.131,25.858,27.035,26.338,24.477,25.195,25.053,23.018,22.387,20.008,17.84,17.81,17.353,18.809,17.673,17.673,18.197,15.69,15.69,13.868,13.868,16.196,15.739,19.075,17.795,10.768,10.198,9.5972,9.2082,9.019,8.8214,9.054,9.046,9.0467,8.9487,8.7611,8.6197,8.6073,8.4509,8.7343,8.6804,9.3013,9.9222,10.116,10.057,10.017,9.9076,10.13,10.24,10.176,10.422,10.798,10.757,10.535,10.768,8.8399,8.7114,8.3189,8.2744,8.1974,8.0938,7.9628,7.6214,7.7281,7.8909,7.701,7.5946,7.7444,7.7534,8.4733,9.028,9.2021,9.1545,9.2319,9.2123,9.2478,9.2145,9.2288,9.1713,9.1659,9.1877,9.2051,9.0422,8.892,8.8399,9.3873,9.1664,8.8175,8.6127,8.3809,8.2148,8.2134,8.0476,8.0134,7.9951,7.9408,7.8908,7.8203,7.7561,8.0825,8.2442,8.5003,8.6171,8.7313,8.8419,8.7922,8.7463,8.8632,8.9657,9.1605,9.3218,9.4318,9.3823,9.2495,9.3873
27.492,6.9507,7.4249,13.332,13.94,13.446,12.669,12.801,13.94,15.105,15.473,16.693,16.456,14.842,14.444,10.93,8.9288,1.8319,5.3537,10.044,11.434,9.961,8.483,10.435,8.9288,8.364,7.4249,7.8525,9.7907,14.533,13.446,12.095,12.095,13.332,12.971,12.713,11.939,12.295,12.669,11.939,9.961,10.044,10.435,8.9288,8.483,2.3434,2.801,6.9507,8.9288,12.095,9.3331,8.1158,9.7029,9.3331,11.493,9.7907,7.8525,11.434,10.044,13.446,12.971,22.874,23.434,25.71,26.493,25.43,25.726,25.473,26.441,25.487,24.215,24.625,24.777,22.718,21.592,18.315,17.658,16.951,17.543,18.564,16.967,17.47,17.033,15.473,15.746,13.77,12.713,15.473,15.08,18.689,17.425,10.805,10.442,9.8398,9.4848,9.1908,9.0222,9.1432,9.396,9.193,9.1175,8.9854,8.9132,8.8167,8.6243,8.7034,8.783,9.3024,9.9325,10.055,10.048,10.054,9.9314,10.322,10.461,10.416,10.665,10.891,10.877,10.755,10.805,9.1094,8.7413,8.6673,8.3104,8.2817,7.9449,8.0562,8.0215,8.0519,7.7391,7.9887,7.8648,8.1542,7.9826,8.3767,8.6142,9.2979,9.3798,9.2617,9.1387,9.1312,9.1501,9.2457,9.3181,9.1152,9.031,9.1637,9.0859,8.7332,9.1094,9.6154,9.3618,8.9877,8.7753,8.5507,8.3537,8.4156,8.3295,8.2226,8.1371,8.1446,8.0252,8.029,7.9733,8.3169,8.4141,8.5671,8.8371,8.9784,8.9595,9.0308,8.975,9.0137,9.2129,9.3895,9.6368,9.7189,9.5946,9.4058,9.6154
27.512,8.5114,10.099,13.841,14.336,13.24,13.109,13.064,14.564,16.052,16.141,17.429,16.738,15.292,14.899,11.889,8.2482,3.1967,8.2482,10.099,11.05,10.099,9.3245,7.1761,10.186,7.8206,7.1761,8.7597,10.357,13.571,13.571,10.439,10.357,13.064,12.228,13.45,13.841,12.491,13.24,12.491,11.83,12.491,11.05,9.7288,8.5114,4.3361,5.7494,6.207,9.7288,10.439,10.186,10.099,10.831,10.357,10.186,9.3245,10.439,10.439,11.326,14.336,12.491,22.491,23.704,25.222,26.218,25.998,26.141,26.048,27.006,26.577,24.84,25.292,25.097,22.572,22.238,19.862,17.939,18.486,18.207,19.085,17.821,18.152,18.04,15.238,15.773,12.228,13.367,16.581,16.052,18.96,18.96,10.913,10.524,9.9756,9.5754,9.4067,9.1631,9.4373,9.3117,9.2592,9.3012,9.185,9.0179,8.9405,8.6313,8.8176,9.2939,9.4716,10.577,10.433,10.198,10.145,10.111,10.784,10.64,10.759,10.854,10.852,10.905,10.855,10.913,9.1848,8.8942,8.9053,8.5991,8.5748,8.2628,8.3569,8.1243,8.091,8.1633,8.1615,8.2611,8.4244,7.996,8.1293,8.9024,9.7999,9.732,9.5658,9.6344,9.4247,9.5955,9.5932,9.439,9.4819,9.4398,9.4589,9.2612,9.0515,9.1848,9.809,9.5467,9.245,9.0273,8.8019,8.6392,8.5673,8.4182,8.4192,8.3198,8.3323,8.2812,8.2165,8.133,8.3591,8.7343,8.7501,9.0558,9.1503,9.2543,9.1487,9.1355,9.1637,9.3337,9.5404,9.8552,9.745,9.7772,9.6227,9.809
27.532,7.0264,9.4088,12.877,15.257,12.371,13.521,12.171,14.49,15.181,15.548,16.55,16.321,15.429,14.724,11.006,9.0045,4.0161,9.0045,9.8664,9.4088,10.119,10.119,9.0045,10.119,7.0264,6.8561,11.51,10.119,14.244,13.047,9.8664,12.015,12.789,12.92,12.171,13.74,13.559,13.521,12.015,11.45,11.006,10.511,7.9282,7.0264,2.8767,4.9179,5.887,10.037,10.938,9.8664,9.8664,9.4088,9.8664,12.171,10.037,8.5587,12.171,10.73,13.74,11.908,22.326,23.31,25.854,26.134,25.429,25.746,25.712,26.55,25.801,24.378,24.353,24.675,22.864,21.753,19.409,17.531,16.959,17.043,18.547,17.72,17.72,17.928,15.821,15.548,12.877,12.015,15.548,15.025,18.5,17.486,11.35,10.709,10.265,9.8489,9.6529,9.3774,9.5594,9.5975,9.6112,9.5692,9.3827,9.3702,9.2271,9.0285,9.3228,9.436,9.7915,10.763,10.673,10.731,10.565,10.672,10.94,10.985,11.173,11.391,11.486,11.512,11.232,11.35,9.3956,9.0843,8.9943,8.6939,8.5161,8.4829,8.389,8.3714,8.465,8.3749,8.2986,8.3541,8.5583,8.555,8.6206,9.5271,9.6482,9.7137,9.7105,9.5098,9.451,9.4302,9.6932,9.7112,9.4892,9.2563,9.4572,9.5659,9.1839,9.3956,9.9835,9.6958,9.3987,9.1688,8.9982,8.8059,8.792,8.6512,8.5709,8.536,8.4689,8.4556,8.4363,8.3101,8.6458,8.8123,9.0466,9.2592,9.3367,9.4861,9.4357,9.3341,9.5348,9.4278,9.7224,9.7826,9.9665,9.9621,9.7755,9.9835
27.552,8.8587,10.967,12.75,13.702,13.807,13.008,12.332,14.797,15.761,16.282,16.379,16.712,14.205,14.482,12.132,7.4621,5.1426,5.8484,10.967,9.9981,9.3702,10.081,7.8896,8.8587,6.8175,5.8484,8.1529,8.4011,13.369,12.706,9.8278,10.9,11.53,11.976,13.369,13.978,12.838,12.75,12.132,11.471,11.53,10.9,7.4621,5.3908,3.9775,3.9775,5.3908,9.8278,11.471,10.691,10.081,11.163,10.691,10.081,10.081,7.8896,11.471,10.081,12.332,12.132,22.303,23.244,25.256,25.911,25.536,26.144,25.591,26.678,26.298,24.685,25.132,24.461,21.874,21.697,19.437,17.681,17.447,17.794,18.555,17.184,17.957,17.695,15.783,15.391,12.75,12.706,14.541,14.205,17.89,17.462,9.7864,9.6268,8.8926,8.5868,8.1407,8.0499,8.259,8.3165,8.3874,8.1247,8.0238,7.8328,7.8758,7.6707,7.8055,8.0477,8.4824,9.2714,9.2537,8.9656,9.4115,9.2399,9.3031,9.4097,9.6583,9.7649,9.7685,9.7984,9.6499,9.7864,8.3042,8.0258,7.5823,7.5798,7.1242,7.1786,7.4194,7.141,7.0813,7.0109,6.9262,6.813,6.9395,7.0416,7.3513,8.2531,8.5627,8.4262,8.4326,8.4223,8.5129,8.4967,8.554,8.4632,8.4137,8.4136,8.494,8.364,8.1371,8.3042,8.7506,8.5225,8.1098,7.9338,7.6018,7.4552,7.605,7.4602,7.3824,7.2662,7.2834,7.2117,7.2461,7.1956,7.4504,7.5453,7.8006,7.9794,8.1191,8.0174,8.1885,8.2604,8.1628,8.2847,8.4771,8.6241,8.8852,8.8855,8.6413,8.7506
27.572,7.8641,12.107,14.18,15.484,14.426,13.343,14.544,15.117,15.823,16.505,17.237,17.3,16.633,16.197,12.355,7.4365,3.952,8.4946,11.505,9.8023,10.942,10.447,10.055,10.447,6.792,10.055,10.055,9.8023,14.515,13.457,11.951,11.843,14.515,13.066,13.457,13.457,12.725,12.355,13.782,11.386,11.951,12.68,8.9404,9.3447,2.355,6.9623,8.4946,8.8332,12.306,9.8023,10.055,9.9726,10.942,13.066,10.942,10.874,11.843,11.505,14.659,11.505,23.64,24.311,26.745,27.694,26.507,26.589,26.486,27.474,26.384,25.006,25.3,25.655,24.103,22.92,19.802,18.833,17.656,17.971,19.478,18.435,18.678,18.241,17.045,16.979,13.952,13.187,15.866,15.091,19.989,18.435,9.9905,9.5683,9.1468,8.7511,8.4741,8.2539,8.5946,8.4889,8.3622,8.356,8.1691,8.0544,8.0728,7.8384,8.2481,8.1277,8.502,9.5067,9.3032,9.4067,9.3275,9.2626,9.7179,9.6165,9.676,9.8926,9.9179,9.9927,9.9543,9.9905,8.2726,8.211,7.7817,7.6221,7.4516,7.2033,7.3111,7.3602,7.0874,7.2784,7.1163,7.1002,7.135,7.4366,7.4857,8.1957,8.3459,8.702,8.5242,8.3364,8.7127,8.5209,8.57,8.4512,8.4193,8.4129,8.4619,8.4877,8.1352,8.2726,8.9038,8.6666,8.3245,8.0965,7.8532,7.6628,7.7133,7.5958,7.4884,7.5039,7.4714,7.314,7.3252,7.2925,7.6058,7.6666,7.9599,8.1825,8.2157,8.2982,8.3315,8.3277,8.2942,8.4571,8.8672,8.8339,8.964,8.9981,8.7229,8.9038
27.592,9.2403,10.462,13.902,13.087,12.762,12.714,12.514,14.083,16.604,16.664,17.199,16.893,14.833,15.179,11.349,8.7827,6.23,7.8437,10.38,10.209,11.853,10.38,7.3694,9.7518,8.2712,7.3694,9.2403,9.7518,13.263,13.864,11.349,11.545,12.251,12.358,12.514,13.263,12.714,13.902,12.358,12.514,13.087,10.462,9.7518,7.8437,2.2506,3.2197,7.3694,10.462,9.3475,12.305,9.7518,11.349,10.209,11.545,10.38,8.9017,10.854,11.912,12.514,13.132,22.294,23.909,24.687,25.804,25.832,26.337,25.943,27.083,27.031,24.952,25.6,24.718,21.993,22.212,20.253,17.933,17.829,18.534,18.648,17.844,16.875,17.888,16.23,16.337,13.39,12.514,16.273,16.337,18.509,18.175,10.333,9.9597,9.2965,8.8881,8.6551,8.3726,8.6669,8.6467,8.66,8.524,8.4571,8.3575,8.3206,7.9301,8.153,8.6265,8.7607,9.4416,9.832,9.5889,9.6861,9.6599,9.8672,9.804,10.08,10.09,10.169,10.625,10.215,10.333,8.5207,8.2891,7.9594,7.9176,7.6985,7.4227,7.4962,7.6045,7.4383,7.3728,7.4614,7.2973,7.6444,7.4503,8.3876,8.4565,8.8646,8.9214,8.8361,8.6938,8.7626,8.7071,8.8623,9.0079,8.8026,8.9122,8.8746,8.8614,8.555,8.5207,9.1098,8.8438,8.5224,8.2986,7.9984,7.856,7.9155,7.7785,7.7169,7.6108,7.6784,7.6063,7.5901,7.4423,7.7219,8.0024,8.0787,8.3442,8.3914,8.497,8.5702,8.585,8.4536,8.6374,8.9392,9.06,9.1298,9.214,8.9278,9.1098
27.612,7.3682,10.208,13.863,14.921,13.749,13.389,13.863,13.9,15.497,16.272,16.817,16.399,16.097,15.177,12.513,8.7815,5.2597,7.1979,10.379,11.072,8.9005,9.3463,7.8425,8.9005,8.5333,6.2288,8.7815,11.852,13.863,13.389,11.348,10.853,13.086,12.249,11.852,13.086,13.389,13.749,12.249,12.513,11.072,10.208,9.2391,5.7712,5.7712,-6.7815,0.20819,8.9005,11.911,7.8425,10.461,9.3463,10.853,12.513,10.208,11.544,11.852,9.3463,12.357,11.348,22.866,23.508,25.965,26.387,25.783,26.09,25.771,26.862,26.168,24.817,25.065,25.303,23.326,22.117,20.103,17.198,18.229,17.643,18.841,17.596,18.174,17.368,16.097,15.89,13.863,13.262,16.603,15.367,18.841,17.643,10.465,10.092,9.5355,9.1198,8.8452,8.8001,8.8316,8.8388,8.8602,8.7839,8.6408,8.5297,8.5235,8.2664,8.6666,8.4138,9.0233,9.6327,9.6541,9.9755,9.7251,9.8249,9.9188,9.9826,10.217,10.259,10.405,10.656,10.434,10.465,8.7121,8.607,8.3255,8.1783,7.8975,7.6454,7.5714,7.5916,7.745,7.6043,7.4886,7.4774,7.5554,7.6334,8.175,9.5021,8.9366,8.8494,8.936,8.9076,8.7905,8.9357,8.9862,8.9043,8.8792,8.8804,8.8183,9.044,8.5789,8.7121,9.3406,9.0306,8.7193,8.4885,8.2402,8.0561,8.0931,7.9711,7.9017,7.8535,7.864,7.7486,7.7245,7.7466,8.0211,8.1596,8.3664,8.5839,8.6684,8.6779,8.8401,8.77,8.8295,8.8056,9.1083,9.1791,9.3358,9.4847,9.256,9.3406
27.632,5.8305,9.9803,11.958,14.156,13.96,12.314,12.114,14.969,16.264,16.475,17.429,16.64,14.552,13.96,12.82,9.9803,2.8202,8.8408,8.8408,10.674,9.8099,9.8099,7.8717,9.8099,8.8408,7.4442,8.8408,9.3524,13.96,13.684,11.145,10.674,11.958,12.732,11.905,11.513,12.114,13.195,13.892,11.905,10.949,9.9803,6.7996,7.8717,5.373,2.8202,8.9481,6.97,10.949,9.3524,8.5023,10.674,9.9803,10.949,7.4442,8.135,10.455,8.9481,11.905,13.073,22.089,23.254,25.324,25.824,25.511,26.077,25.573,26.754,26.419,24.523,24.823,24.334,22.387,21.424,19.343,16.97,17.429,17.414,18.808,17.562,17.776,17.562,15.698,15.874,13.502,13.684,15.938,16.342,18.443,18.502,10.523,10.086,9.6076,9.3028,9.1111,8.9801,8.8177,8.9766,9.0385,8.9055,8.8445,8.7089,8.6244,8.3623,8.6,8.8756,9.2243,9.8392,9.8107,9.8713,9.6496,9.621,10.236,9.9236,10.359,10.105,10.661,10.491,10.265,10.523,8.7858,8.7054,8.4507,8.3267,8.092,8.0224,7.8412,7.8818,7.9385,7.7038,7.7354,7.8224,7.7851,7.5504,8.1011,9.1154,9.0918,9.1652,8.9993,8.962,9.2142,8.905,9.1676,9.006,9.3005,9.2013,8.8067,8.8663,8.7422,8.7858,9.4929,9.1782,8.8799,8.6711,8.456,8.3472,8.2152,8.1107,8.0817,8.0316,8.0703,8.0356,7.9255,7.8367,8.1874,8.2871,8.4824,8.7477,8.829,8.9093,8.8194,8.8095,8.8285,9.0707,9.3345,9.398,9.4357,9.5016,9.3141,9.4929
27.652,7.7995,11.809,14.248,14.315,14.145,12.718,12.47,14.878,15.48,16.054,17.067,17.155,15.022,14.145,12.314,6.1858,0.16521,7.1549,9.7076,11.305,11.029,10.077,9.1961,9.3033,8.8575,9.1961,8.227,10.165,13.706,13.043,11.749,11.237,14.248,13.176,11.029,13.219,12.47,12.718,12.718,11.029,11.501,10.81,9.3033,7.3252,2.7179,3.1755,7.3252,10.165,10.165,10.81,9.7076,10.165,10.336,12.47,11.237,9.7076,12.206,8.8575,13.857,12.314,22.893,23.582,25.882,26.808,25.583,26.045,26.011,27.108,26.546,24.643,25,25.217,23.354,22.074,19.303,18.186,18.019,17.918,18.294,18.227,17.844,17.408,16.054,15.68,13.429,13.857,16.293,14.819,19.459,18.763,10.557,10.348,9.8262,9.397,9.1785,9.0156,9.0976,9.1766,9.0671,9.0527,8.8443,8.6813,8.737,8.4973,8.5455,8.8149,9.4374,9.8799,10.039,10.073,9.9439,9.8716,10.172,10.22,10.333,10.469,10.628,10.607,10.368,10.557,9.1648,8.9443,8.7238,8.5034,8.1922,8.1621,7.9187,7.9432,7.8646,7.8752,7.9904,7.9055,7.9792,8.0668,8.4343,8.6775,9.3668,9.3437,9.2651,9.2832,9.1459,9.3891,9.2241,9.5148,9.3711,9.4724,9.3938,9.33,9.0772,9.1648,9.6587,9.4227,9.0721,8.8687,8.6826,8.4886,8.4562,8.3314,8.245,8.2406,8.2454,8.1508,8.0806,8.0054,8.3728,8.6168,8.7565,8.9253,9.0865,9.1419,9.1357,9.0854,9.1983,9.1788,9.4731,9.5719,9.7695,9.7064,9.5353,9.6587
27.672,8.8419,9.1805,13.691,14.299,13.413,12.702,13.413,14.774,16.682,16.758,18.279,16.852,14.892,15.007,11.289,8.2114,5.7126,8.2114,10.403,9.692,10.794,8.8419,10.15,9.1805,7.7839,7.1393,9.1805,10.403,14.495,13.988,11.013,10.15,13.16,12.298,13.16,13.203,11.852,13.534,12.702,11.013,12.298,10.32,8.4747,8.7229,5.4644,3.1599,8.4747,9.2877,12.298,10.32,10.403,10.794,8.4747,11.793,10.794,7.1393,11.289,11.013,13.33,11.793,22.654,23.534,25.627,26.085,25.667,26.277,26.19,26.697,26.604,25.446,25.744,25.268,22.821,22.454,19.981,17.814,18.279,18.449,19.115,17.392,17.537,17.769,16.17,15.713,13.691,14.299,15.664,14.774,18.783,18.449,11.007,10.567,10.171,9.6971,9.544,9.3594,9.2617,9.3158,9.3997,9.2493,9.173,9.0319,8.8681,8.7973,9.0722,9.0555,9.6998,10.344,10.481,10.384,10.326,10.4,10.424,10.605,10.547,10.928,10.967,11.011,10.903,11.007,9.2912,9.0326,8.8251,8.649,8.4103,8.2451,8.3025,8.2214,8.1862,8.2099,8.2038,8.0831,8.2187,8.2563,8.5893,9.0905,9.4498,9.6721,9.686,9.5654,9.4388,9.3336,9.7761,9.6825,9.4968,9.5524,9.3625,9.3701,9.2694,9.2912,9.8532,9.5886,9.2403,9.0453,8.8072,8.648,8.6694,8.5067,8.4331,8.4117,8.3793,8.327,8.3098,8.1897,8.5624,8.689,8.9712,9.1106,9.23,9.2867,9.2502,9.1915,9.4289,9.4089,9.606,9.7389,9.8313,9.917,9.7632,9.8532
27.692,6.9956,10.006,13.815,14.693,13.099,13.22,12.714,14.46,15.35,16.29,15.963,16.666,16.026,14.46,10.48,5.3986,5.3986,6.8252,10.089,9.8355,10.975,9.7478,8.5278,8.9737,8.1606,6.9956,10.48,10.006,12.889,13.528,10.006,11.984,13.099,12.714,12.388,13.377,12.889,13.528,10.975,10.089,9.378,10.975,10.089,8.8664,6.8252,5.1503,3.9853,7.8973,10.089,8.8664,11.479,9.8355,11.171,11.419,9.8355,9.8355,12.14,11.171,14.181,12.14,22.691,23.152,25.856,26.657,25.204,25.755,25.599,26.242,25.323,24.238,24.849,24.715,23.528,22.31,19.676,16.538,16.996,17.012,18.161,17.455,18.07,17.078,16.519,15.79,14.46,12.714,16.368,14.429,19.119,17.856,9.5002,9.27,8.7734,8.4664,8.2694,8.0523,7.8978,8.1445,8.0822,8.0675,7.8273,7.6894,7.5223,7.4063,7.6397,7.8143,8.3694,8.7827,8.9726,9.1075,8.7529,8.7888,9.1788,9.003,9.4238,9.2411,9.5888,9.566,9.4334,9.5002,8.0809,7.7057,7.5849,7.4363,7.1933,7.16,6.8385,6.8471,6.8804,7.1365,6.8915,6.8004,7.0565,6.9534,6.8448,8.514,8.178,8.4775,8.4674,8.3643,7.9709,7.9672,8.3611,8.3176,8.171,8.3842,8.3144,8.1941,7.9057,8.0809,8.4733,8.1956,8.0153,7.7609,7.6373,7.4906,7.1936,7.1061,7.0731,7.1767,7.0777,7.0222,6.9168,6.8487,7.1344,7.3058,7.4827,7.7253,7.8959,8.0224,7.866,7.788,8.0095,8.0279,8.3721,8.5358,8.5254,8.3806,8.3723,8.4733
27.712,8.1158,10.93,15.378,15.473,14.76,14.648,13.332,15.473,16.064,16.245,16.9,17.425,16.399,15.473,13.332,8.364,8.483,5.1055,10.435,11.832,10.93,10.93,9.961,11.126,8.8216,9.7907,11.493,10.863,14.896,14.504,12.295,12.095,15.105,12.971,13.332,13.629,13.446,14.136,12.844,11.832,11.493,9.7907,10.435,6.7804,2.801,1.8319,5.8113,9.703,11.493,11.832,12.844,11.832,11.374,12.971,12.669,11.832,12.844,10.435,13.446,12.844,23.535,24.424,26.885,27.832,26.456,26.612,26.639,27.323,26.313,24.668,24.949,25.796,24.111,22.844,19.658,17.455,17.812,17.92,18.992,18.229,18.116,17.77,16.951,17.514,13.332,13.94,16.951,15.855,20.42,18.918,9.7622,9.4276,9.0368,8.577,8.3755,8.2027,8.3003,8.3183,8.313,8.3298,8.1011,7.8664,7.8682,7.6784,8.0267,7.8793,8.616,8.7773,9.1889,9.0582,9.0416,9.2183,9.3262,9.5546,9.5594,9.6672,10.074,10.025,9.8109,9.7622,8.2658,7.9918,7.7097,7.4489,7.2977,7.0821,7.205,7.0584,6.9216,7.061,7.0774,6.8185,7.0589,7.0398,7.2213,8.1883,8.3699,8.4095,8.2926,8.309,8.249,8.3883,8.5699,8.4852,8.3729,8.1873,8.3266,8.3254,8.0433,8.2658,8.7022,8.5171,8.1985,7.9288,7.723,7.5512,7.5607,7.4144,7.3546,7.3368,7.2918,7.1807,7.1815,7.1322,7.3787,7.5793,7.7861,7.9833,8.1067,8.1524,8.2287,8.1666,8.2702,8.2883,8.5706,8.6321,8.7555,8.7081,8.6325,8.7022
27.732,7.1594,9.2006,13.554,14.319,13.092,13.223,13.048,14.149,15.852,16.036,16.835,16.835,15.221,15.733,13.18,7.1594,8.2315,8.4948,11.309,10.17,10.423,10.814,8.2315,10.17,9.3078,8.4948,10.17,9.7121,14.764,13.825,11.309,10.34,12.722,13.433,14.149,10.814,14.149,13.711,13.223,12.474,10.814,9.2006,5.7327,7.3297,6.1903,3.18,3.18,11.309,8.743,9.3078,8.862,10.423,10.17,11.242,11.033,8.862,12.474,10.34,13.35,12.474,23.012,23.629,25.793,26.201,26.201,26.287,26.312,26.852,26.158,24.978,25.289,25.047,22.55,22.265,19.789,17.667,18.285,18.299,18.571,17.33,18.023,17.789,15.027,15.757,13.825,14.044,15.733,15.484,19.168,18.469,11.771,11.492,10.636,10.309,9.9421,9.7424,10.109,10.105,10.029,9.9697,9.722,9.6463,9.605,9.5049,9.7265,9.4845,10.312,10.752,11.021,10.797,10.975,10.977,11.282,11.324,10.971,11.522,11.809,11.889,11.467,11.771,9.9916,9.7492,9.4554,9.3294,8.9746,8.8883,8.9196,8.8634,8.8602,8.6679,8.8266,8.7159,8.8682,8.5014,8.8511,9.609,10.225,10.111,10.208,9.9277,10.034,10.207,10.315,10.146,10.067,9.9723,10.204,10.056,9.8869,9.9916,10.45,10.255,9.8701,9.6195,9.314,9.1934,9.2554,9.1451,9.0154,8.9914,8.9703,8.809,8.8298,8.8188,9.1095,9.1162,9.4351,9.7176,9.7407,9.854,9.9391,9.8924,9.7793,9.9132,10.078,10.228,10.477,10.558,10.308,10.45
27.752,5.8741,8.6212,13.944,14.214,12.262,12.203,12.864,14.1,15.95,15.302,16.241,16.687,14.539,14.709,10.73,7.7194,4.7091,5.8741,10.559,9.6975,9.5903,8.1936,8.6212,9.2517,6.58,7.5491,8.1936,9.1327,13.57,12.708,9.5903,11.204,12.601,12.601,11.204,12.601,11.895,11.699,11.699,10.559,11.423,10.102,7.7194,7.5491,4.7091,0.55935,7.5491,8.1936,10.102,9.6975,7.7194,11.699,8.6212,11.699,8.1936,10.102,10.472,9.6975,13.112,11.895,22.262,22.975,25.307,25.665,24.792,25.573,24.937,26.076,25.784,24.077,24.726,24.233,22.429,22.008,18.539,17.719,17.225,16.623,17.736,16.58,17.243,16.687,15.183,16.122,12.864,11.895,15.95,15.302,17.802,17.39,10.28,9.8497,9.3733,9.0749,8.6746,8.6833,8.7063,8.6735,8.7078,8.5448,8.4837,8.3533,8.279,8.1495,8.4282,8.2433,9.2343,9.4918,9.7053,9.5516,9.7991,9.6973,9.8928,9.873,9.8447,10.265,10.319,10.539,10.212,10.28,8.7091,8.404,8.0744,7.9699,7.6404,7.4772,7.7975,7.5724,7.5789,7.7406,7.443,7.5696,7.4476,7.5405,8.135,8.7983,8.8737,9.1497,8.8446,8.9512,9.0128,8.8353,9.108,8.986,9.0201,8.8325,8.9079,8.7721,8.7368,8.7091,9.1157,8.8777,8.5532,8.3573,8.0688,7.9009,7.9709,7.8502,7.7523,7.6912,7.6903,7.592,7.5968,7.5284,7.8403,7.9702,8.2301,8.2902,8.5254,8.5433,8.6739,8.6275,8.6523,8.8121,8.954,9.0307,9.1734,9.2557,9.0213,9.1157
27.772,8.4966,9.714,14.01,15.141,14.151,12.724,14.045,15.486,15.686,16.06,16.837,16.626,16.362,15.029,12.213,9.2025,7.1613,7.3316,11.311,11.035,11.311,9.714,8.2334,10.425,7.8058,8.4966,9.714,9.2025,15.486,13.182,11.507,11.311,11.815,12.476,12.32,13.713,11.507,13.05,12.676,11.507,10.342,10.342,8.8639,7.1613,4.3213,4.3213,5.7346,7.8058,10.816,11.035,10.172,10.425,9.714,11.311,10.342,11.035,13.225,11.311,14.045,10.816,23.556,23.615,26.131,26.704,25.935,26.06,25.935,26.786,25.486,24.391,24.819,25.32,23.713,22.491,19.819,16.874,17.348,17.414,18.745,17.332,17.479,17.669,16.78,16.235,14.321,14.151,17.002,15.854,19.665,18.301,10.523,10.134,9.6408,9.1838,8.8353,8.6643,9.0477,9.0048,8.842,8.8624,8.6782,8.5447,8.5194,8.3009,8.6967,8.5257,9.4619,9.6303,9.923,9.967,9.8298,9.8562,10.149,10.256,10.212,10.177,10.714,10.543,10.475,10.523,8.7407,8.4812,8.1504,8.1942,8.1434,7.7279,7.8012,7.6852,7.6384,7.8719,7.5861,7.7385,7.8628,7.6013,7.8092,8.7512,9.1009,9.2432,9.005,9.081,9.0753,9.2023,8.9206,9.1285,8.9633,9.2224,9.1745,9.1029,8.689,8.7407,9.3458,9.1217,8.7744,8.497,8.3051,8.1142,8.1162,8.0288,7.9099,7.9257,7.8306,7.7464,7.7527,7.7954,8.1681,8.0385,8.4077,8.5986,8.6438,8.75,8.771,8.7111,8.828,8.8271,9.1554,9.2265,9.3383,9.5225,9.2277,9.3458
27.792,6.8678,9.8781,13.752,14.224,11.919,13.857,12.027,14.028,16.152,15.167,16.006,17.055,15.744,14.256,11.581,7.0381,5.1929,8.2032,10.523,10.742,9.8781,10.048,9.0162,8.5704,7.5124,6.8678,8.909,9.4205,14.256,13.059,11.213,10.742,12.027,13.419,12.888,13.419,10.523,13.533,12.801,9.8781,10.523,11.018,8.5704,6.8678,5.4411,2.8884,6.8678,8.909,11.581,8.909,9.8781,8.2032,9.0162,12.027,9.0162,7.5124,12.027,10.742,14.591,13.57,22.183,23.166,25.961,26.408,25.567,25.726,25.348,26.492,25.546,24.097,24.864,24.629,22.979,22.259,18.007,17.038,17.497,17.512,17.858,17.121,17.121,17.234,15.393,16.332,14.847,12.888,15.766,15.942,18.511,17.746,10.686,10.525,9.8116,9.3154,8.9362,8.9175,8.968,9.0424,9.0358,8.9875,8.8687,8.6806,8.6432,8.3912,8.7445,8.6162,9.2886,10.209,9.8884,10.042,10.114,10.009,10.326,10.441,10.52,10.598,10.901,10.741,10.607,10.686,8.7866,8.709,8.4571,8.2693,8.1039,7.9386,8.045,7.8131,7.9617,7.8716,7.8783,7.7851,7.9845,7.7294,8.141,9.1581,9.106,9.3378,8.9492,8.8739,8.9638,9.1187,9.3166,9.306,9.074,9.112,9.1743,8.9624,8.656,8.7866,9.52,9.2821,8.9294,8.7075,8.4842,8.3091,8.3037,8.1504,8.1289,8.0703,8.0581,7.9474,7.9776,7.9384,8.2252,8.3254,8.5237,8.7089,8.8566,8.949,8.9562,8.9362,9.0283,9.0811,9.3113,9.3758,9.5725,9.6184,9.3917,9.52
27.812,7.1567,10.812,14.146,14.146,13.859,13.552,12.72,14.791,16.776,16.358,17.41,16.851,14.544,14.513,13.177,8.7403,5.4818,8.7403,11.031,11.811,10.42,10.337,8.8593,7.8013,7.1567,5.4818,9.1979,11.751,13.348,14.791,10.42,11.031,12.72,12.471,13.348,13.859,12.471,14.146,14.146,11.239,12.471,10.42,8.8593,8.4921,4.3167,0.16699,6.1876,10.167,10.337,11.502,9.7094,10.337,8.8593,10.812,10.337,8.7403,11.87,10.42,13.177,11.306,22.126,23.987,25.433,26.175,26.033,26.231,25.856,26.766,26.718,24.883,25.218,24.773,22.305,22.461,20.035,17.831,18.133,18.02,18.752,18.035,18.229,18.02,14.317,15.456,13.221,13.045,16.621,16.776,18.848,18.229,11.019,10.613,9.9107,9.6265,9.2179,9.1697,9.1995,9.3202,9.3691,9.2917,9.1373,9.0433,9.016,8.7699,9.0261,9.0257,9.4238,10.312,10.26,10.386,10.392,10.33,10.551,10.648,10.744,10.989,11.065,11.245,10.905,11.019,9.0722,9.0428,8.5946,8.6225,8.2848,8.0677,8.2667,8.1527,8.0775,8.1822,8.0419,8.0263,8.1512,7.8543,8.4702,8.9142,9.4825,9.4453,9.1727,9.398,9.2577,9.3069,9.4523,9.4506,9.441,9.4214,9.3694,9.2655,8.912,9.0722,9.7101,9.4778,9.1109,8.9342,8.7123,8.4897,8.5515,8.4317,8.3466,8.2412,8.3213,8.2564,8.1985,8.1211,8.376,8.6412,8.7532,8.9988,9.165,9.2032,9.2151,9.0989,9.2476,9.3112,9.5947,9.6554,9.8192,9.7926,9.5639,9.7101
27.832,7.8362,10.202,14.181,14.944,14.076,11.786,12.755,14.856,16.734,16.33,16.393,17.032,14.826,14.826,11.905,8.527,6.2225,7.8362,11.537,11.065,11.274,10.372,9.7443,11.341,7.1916,7.8362,10.114,11.065,14.076,13.465,10.846,11.845,12.35,13.857,12.755,13.08,12.506,13.255,12.706,10.846,11.537,8.2637,7.3619,7.8362,5.7649,4.3516,5.7649,7.8362,11.786,10.202,8.8942,10.372,10.372,12.755,8.527,10.455,11.845,11.065,12.755,11.786,22.617,23.8,25.884,26.48,25.872,26.494,25.716,26.987,26.486,24.589,24.941,24.434,22.779,22.286,20.389,17.821,18.055,17.806,18.64,17.032,18.168,18.055,15.171,16.266,13.586,13.255,16.393,16.068,18.055,17.836,11.177,10.783,10.188,9.7683,9.372,9.3316,9.5223,9.4282,9.5819,9.3817,9.2643,9.0701,9.1409,8.9854,9.1027,9.3469,9.9245,10.496,10.525,10.548,10.507,10.574,10.709,10.775,10.911,11.018,11.292,11.252,11.121,11.177,9.3593,9.1783,8.6597,8.7512,8.4654,8.3081,8.4468,8.2212,8.345,8.3204,8.2532,8.2955,8.2902,8.295,8.4728,9.2529,9.6382,9.816,9.2328,9.8155,9.778,9.6075,9.7954,9.4684,9.3424,9.663,9.6086,9.6741,9.2403,9.3593,9.867,9.6306,9.2866,9.0949,8.7971,8.6529,8.7411,8.5958,8.5076,8.4416,8.4314,8.3593,8.3136,8.2863,8.5941,8.7779,8.9541,9.1697,9.2439,9.301,9.4048,9.3992,9.2574,9.4603,9.6547,9.8522,9.9525,10.086,9.7345,9.867
27.852,7.3715,9.3496,14.191,14.085,14.557,11.855,13.222,14.924,15.37,15.893,16.895,17.709,15.526,15.263,10.464,7.2011,5.7744,7.2011,10.211,10.382,10.464,10.856,9.3496,10.211,9.2423,7.2011,10.856,10.856,14.589,13.596,11.075,11.547,12.516,13.222,12.516,14.191,12.716,13.475,10.464,11.795,11.351,10.856,9.3496,8.7847,3.2217,-3.768,7.2011,9.3496,11.547,9.3496,10.464,11.351,10.382,11.284,11.351,10.464,11.547,11.075,13.265,11.075,23.134,23.588,25.975,26.854,25.774,25.697,26.111,26.763,25.786,24.434,24.892,25.33,23.392,22.22,19.155,17.964,17.321,17.831,18.341,16.232,17.371,18.065,16.166,15.893,13.222,14.085,16.666,15.181,19.339,18.341,11.391,10.964,10.493,9.9616,9.6887,9.4564,9.5547,9.7432,9.5702,9.6394,9.4561,9.4067,9.2039,9.1885,9.2553,9.2731,10.082,10.607,10.772,10.709,10.671,10.655,11.052,10.965,11.168,11.229,11.657,11.514,11.364,11.391,9.5381,9.5028,8.9915,8.8787,8.7659,8.6794,8.5367,8.6275,8.4379,8.5266,8.4614,8.528,8.6326,8.5537,8.8278,8.9599,9.6976,10.041,9.717,9.8831,9.8611,9.6595,9.7917,9.7995,9.8762,9.6986,9.7712,9.7359,9.5373,9.5381,10.12,9.8579,9.5419,9.284,9.057,8.9193,8.8964,8.7564,8.6376,8.6804,8.5999,8.5279,8.4845,8.4807,8.7749,8.7643,9.1273,9.2999,9.4072,9.5612,9.5002,9.4611,9.5775,9.6201,9.9217,9.969,10.135,10.007,9.959,10.12
27.872,8.1257,8.8315,12.723,14.852,14.146,13.185,13.342,15.483,16.074,15.864,16.409,15.821,15.315,15.483,11.503,6.9606,5.1154,6.9606,10.445,8.9387,9.8006,9.9709,8.1257,10.054,7.4349,6.7903,10.054,9.8006,14.425,12.981,10.445,10.054,13.493,12.981,12.105,13.639,12.679,13.95,11.949,10.445,9.9709,9.8006,9.9709,6.7903,1.8418,-0.19942,8.1257,9.8006,10.664,9.9709,8.4929,8.9387,9.9709,11.949,9.9709,8.1257,12.811,10.445,12.353,11.949,22.656,22.981,25.76,26.555,25.653,25.501,25.662,26.422,25.821,24.178,24.609,24.697,23.245,21.212,18.842,17.188,16.685,17.668,18.493,17.157,17.766,17.553,16.631,15.388,13.064,13.455,16.503,15.483,19.495,17.78,9.7625,9.6242,9.0874,8.5507,8.4124,8.1509,8.1608,8.3108,8.3044,8.268,8.0201,7.9376,7.9494,7.6642,7.9128,8.0604,8.1884,9.2011,9.1692,9.2484,9.0022,9.1264,9.2544,9.5627,9.4743,9.7816,9.703,9.8532,9.7213,9.7625,8.111,7.9331,7.7339,7.4537,7.4478,7.0909,7.1779,7.1916,7.1465,7.1362,7.0636,7.1228,6.8981,7.0641,7.7113,7.8948,8.4768,8.5836,8.2522,8.4694,8.5518,8.2172,8.4144,8.4423,8.2489,8.3118,8.2767,8.377,8.0382,8.111,8.7059,8.5198,8.2162,7.9429,7.8077,7.6415,7.5644,7.4434,7.3732,7.3998,7.3305,7.2769,7.2449,7.1507,7.5653,7.5961,7.8553,8.037,8.1705,8.2862,8.2231,8.1697,8.2517,8.2968,8.4833,8.874,8.8134,8.8994,8.7084,8.7059
27.892,6.942,9.782,13.932,15.67,14.524,13.167,12.963,15.803,17.025,17.401,17.762,16.772,15.464,15.91,13.323,8.1071,7.4163,9.3244,10.921,12.086,10.921,10.035,9.9523,9.9523,8.4743,8.1071,11.366,10.921,13.932,14.751,11.485,12.335,13.474,13.437,13.932,13.864,13.656,14.128,13.761,12.792,12.286,10.427,8.4743,7.4163,3.9317,2.7923,7.8438,9.3244,12.086,9.782,9.782,11.426,9.782,11.823,10.921,8.9201,12.66,11.426,14.524,14.376,23.467,24.495,25.99,26.787,26.543,27.108,26.434,27.184,27.09,25.737,26.05,25.648,22.979,23.38,20.646,17.911,19.315,18.813,19.066,18.379,17.844,18.183,15.803,16.236,14.406,14.128,16.391,16.236,18.867,19.247,10.095,9.698,9.2318,8.8798,8.4873,8.4041,8.5007,8.4981,8.4834,8.3935,8.1841,8.1618,8.1269,7.8724,7.9501,8.224,8.6495,9.318,9.5641,9.3165,9.5589,9.3469,9.6226,9.8132,9.6455,9.8556,10.196,10.12,9.9204,10.095,8.3052,8.1967,7.8072,7.7252,7.5987,7.5998,7.4253,7.3145,7.2681,7.3247,7.2863,7.1993,7.1495,7.4544,7.3724,8.5537,8.6103,8.8089,8.6468,8.6003,8.4771,8.4967,8.5903,8.7889,8.7211,8.691,8.7334,8.4767,8.3957,8.3052,8.9237,8.7262,8.3621,8.1786,7.9167,7.7322,7.7984,7.6544,7.5544,7.4977,7.5365,7.4389,7.3797,7.3133,7.6177,7.8278,7.9633,8.1841,8.2916,8.3647,8.3761,8.4294,8.4661,8.5089,8.6529,8.8768,8.9966,9.0486,8.8122,8.9237
27.912,5.7422,9.2101,12.484,14.329,12.274,13.72,11.823,15.036,16.633,17.289,17.422,16.788,14.159,14.892,12.328,7.1689,4.3289,9.3173,10.432,11.515,11.043,10.179,7.8134,9.3173,8.7525,7.3392,10.349,12.484,13.443,13.871,11.319,11.043,11.251,12.683,12.732,14.159,11.882,13.233,13.871,12.732,11.251,11.319,9.3173,5.2307,4.3289,5.2307,7.3392,8.241,11.319,10.824,11.319,11.251,9.2101,11.043,8.8715,8.5042,11.043,12.484,12.484,13.564,22.099,23.853,25.274,25.913,25.607,26.378,25.766,27.081,27.226,25.148,25.404,24.88,22.182,22.391,19.741,18.032,18.812,18.618,18.86,17.798,17.858,18.2,15.468,16.134,12.732,11.882,14.833,16.134,18.812,18.504,10.326,9.8217,9.394,9.1169,8.8098,8.5604,8.803,8.8019,8.8165,8.6189,8.542,8.4483,8.4548,8.1154,8.4422,8.512,8.7753,9.686,9.6709,9.7502,9.7218,9.7715,9.8518,9.9388,9.8667,10.272,10.484,10.322,10.199,10.326,8.6226,8.1581,7.9993,7.9766,7.822,7.5725,7.6215,7.6368,7.485,7.3599,7.574,7.5908,7.7497,7.6109,7.5588,8.6827,9.0212,8.9691,8.8439,8.8505,8.7397,8.7564,8.9706,8.9522,8.9585,8.7888,8.989,9.0489,8.6574,8.6226,9.144,8.8777,8.5049,8.3601,8.1129,7.9602,7.9513,7.8361,7.8057,7.6705,7.7373,7.6826,7.6574,7.5055,7.7844,8.0209,8.2562,8.4232,8.5623,8.6991,8.6349,8.6289,8.6617,8.7385,9.0309,9.2752,9.2942,9.3391,9.1308,9.144
27.932,7.1706,11.253,12.734,14.805,13.234,13.722,13.565,14.331,16.245,16.79,17.029,17.291,14.923,14.894,12.485,5.7439,9.3191,8.2427,11.824,10.825,11.32,8.8732,9.2118,10.181,8.8732,8.8732,11.884,10.181,14.527,13.836,11.32,10.825,12.734,13.444,11.824,14.16,13.191,13.234,12.485,11.32,11.32,10.351,6.2015,7.1706,5.4957,3.1912,5.4957,9.3191,10.181,8.506,9.2118,8.8732,10.825,11.884,11.253,9.7233,13.059,10.434,13.873,12.329,23.378,23.234,25.896,26.473,25.997,26.202,25.87,26.863,26.169,24.64,25.2,25.159,23.036,22.228,19.434,17.678,17.291,18.161,18.147,17.845,17.933,18.147,15.863,15.695,13.444,11.765,16.309,15.47,18.873,18.873,10.478,10.166,9.5312,9.0975,8.7683,8.7638,8.818,8.875,8.8708,8.9323,8.629,8.5207,8.4623,8.282,8.5129,8.5608,9.2862,9.7902,9.9782,9.8292,9.7971,10.058,10.186,10.337,10.331,10.615,10.775,10.581,10.513,10.478,8.6711,8.6839,8.3819,8.0952,7.9324,7.6521,7.7306,7.7289,7.4627,7.6618,7.8091,7.6389,7.6619,7.7404,8.0375,8.5029,9.1218,9.0128,9.0221,8.8819,8.7154,8.7706,9.073,9.0695,8.9914,9.0698,8.923,8.7687,8.6063,8.6711,9.3323,9.0797,8.7134,8.5072,8.286,8.0934,8.072,7.9812,7.8648,7.8839,7.8564,7.7289,7.7547,7.681,7.9691,8.0705,8.2545,8.5803,8.5903,8.7531,8.769,8.6677,8.7701,8.7942,9.0633,9.3344,9.3094,9.2529,9.1132,9.3323
27.952,8.8703,10.178,14.328,15.035,13.101,13.232,13.563,14.92,14.891,15.765,17.288,16.632,14.891,15.493,12.682,5.2295,5.4928,7.1677,11.042,11.513,10.823,9.2089,7.3381,10.823,7.1677,7.8123,10.178,9.3162,14.802,13.188,12.219,12.219,13.441,14.328,12.219,13.056,12.273,13.719,12.731,11.513,10.348,11.513,7.8123,7.1677,4.3278,3.1883,9.2089,10.431,11.042,8.7513,9.7204,9.3162,10.178,12.219,10.348,10.09,11.881,11.317,14.157,11.881,22.836,23.7,25.848,26.77,25.935,26.03,26.005,26.585,25.663,24.277,25.089,24.929,23.803,22.326,19.633,17.338,17.812,18.031,18.347,17.168,18.477,17.421,16.71,16.066,12.273,13.833,15.765,15.693,19.462,18.307,10.617,10.29,9.8625,9.4266,9.02,8.9579,9.1905,9.1456,8.9934,8.9443,8.8976,8.7211,8.6769,8.5688,8.747,8.8121,9.1908,10.06,9.9885,9.9811,9.9549,9.7345,10.234,10.255,10.357,10.717,10.819,10.688,10.554,10.617,8.964,8.879,8.4666,8.2276,8.0562,7.9257,8.0659,7.9055,7.9338,7.9255,7.7461,7.9615,7.8945,7.9061,8.4091,8.7013,9.2597,9.2181,9.3601,9.0425,9.1373,9.2633,9.2889,9.2418,9.2811,9.2516,9.1898,9.3168,8.8925,8.964,9.5187,9.2777,8.9468,8.7152,8.4854,8.356,8.3143,8.2175,8.1054,8.0969,8.0924,8.0004,7.9623,7.9532,8.3072,8.3532,8.569,8.8443,8.8864,8.9567,8.9472,8.9365,9.0435,9.0485,9.2465,9.4312,9.644,9.598,9.4293,9.5187
27.972,7.8499,9.7581,13.757,15.073,13.871,13.396,13.226,14.84,15.53,16.489,18.083,16.67,14.869,14.593,12.364,9.2465,5.7787,7.2053,11.859,10.216,11.355,11.355,8.5407,10.386,7.3757,7.2053,11.079,10.128,14.84,13.396,11.079,10.216,12.72,12.364,12.52,14.054,12.72,13.6,13.396,11.799,12.364,9.2465,9.3538,7.2053,4.3654,-0.75345,5.5304,9.3538,10.128,11.551,10.386,10.128,9.7581,12.257,11.551,8.5407,11.859,10.86,13.871,11.355,23.094,23.596,25.664,26.343,25.664,25.905,25.664,26.792,26.324,24.64,25.292,25.036,22.999,22.495,19.469,16.9,17.895,17.713,18.617,17.392,18.069,17.458,15.898,16.489,12.72,13.094,16.748,15.185,19.214,18.541,10.654,10.558,10.005,9.5384,9.2232,9.2753,9.1755,9.0789,9.2254,9.1296,8.941,8.8837,8.7441,8.5788,8.7494,9.1683,9.3348,10.107,10.168,10.298,10.018,10.004,10.218,10.406,10.251,10.435,10.832,10.768,10.553,10.654,9.1458,8.8791,8.5787,8.7007,8.2977,8.159,8.1703,8.0195,8.1005,8.0824,7.9776,8.1151,8.1107,8.0058,7.9877,9.1456,9.4705,9.3893,9.2845,9.6094,9.4415,9.4234,9.5297,9.4561,9.3173,9.5918,9.4901,9.2963,9.0808,9.1458,9.685,9.432,9.1399,8.9062,8.7248,8.5553,8.4788,8.3553,8.2811,8.3074,8.2745,8.1963,8.1635,8.0485,8.339,8.6487,8.792,8.9498,9.1978,9.2181,9.1844,9.1644,9.2988,9.2999,9.5974,9.5813,9.7409,9.8194,9.6317,9.685
27.992,7.2031,10.213,13.477,14.363,12.309,14.296,12.518,13.868,16.608,15.728,16.404,17.456,15.895,14.926,12.718,7.3734,6.234,7.8476,10.466,10.384,10.213,9.3515,6.234,11.285,9.3515,8.5384,11.353,10.213,14.807,13.477,10.466,10.384,13.868,12.718,13.598,12.255,13.477,13.224,13.224,12.766,10.466,9.3515,8.9057,7.2031,2.2546,4.3631,5.7764,8.9057,9.7558,9.7558,10.213,11.077,10.384,11.549,11.916,10.213,13.091,7.8476,13.868,12.518,22.885,23.566,26.029,26.341,25.977,25.701,25.97,26.813,25.977,24.35,25.071,25.169,23.402,22.594,19.351,16.822,17.39,17.818,18.652,17.203,18.538,17.848,15.503,15.895,13.598,14.087,16.745,15.265,19.298,18.234,10.955,10.531,10.254,9.7315,9.467,9.3269,9.4055,9.4516,9.4005,9.325,9.2143,9.0863,8.9749,8.8262,9.0781,8.9085,9.8201,10.382,10.369,10.309,10.225,10.337,10.55,10.732,10.702,10.992,10.972,10.957,10.817,10.955,9.3032,9.0179,8.9966,8.6385,8.4987,8.3246,8.3055,8.3794,8.3169,8.2923,8.2733,8.2365,8.3079,8.0802,8.5193,9.2977,9.6812,9.642,9.5942,9.5316,9.5071,9.5352,9.8281,9.5761,9.4515,9.5542,9.575,9.384,9.2039,9.3032,9.8929,9.6629,9.3008,9.079,8.8865,8.7242,8.6916,8.5522,8.5173,8.4355,8.4582,8.4052,8.3502,8.2676,8.5937,8.6975,9.0389,9.2233,9.2982,9.2949,9.3438,9.2833,9.4191,9.4613,9.7133,9.9205,9.957,9.9408,9.7448,9.8929
28.012,5.4707,10.98,13.563,14.057,12.961,14.057,12.212,14.877,15.471,15.59,16.036,16.738,15.774,14.562,10.771,4.9592,5.2225,7.0677,10.552,10.552,10.161,9.4501,10.161,8.9386,8.2328,5.2225,10.161,11.047,14.057,12.83,10.552,9.4501,13.088,12.412,13.088,11.551,11.949,12.212,12.212,11.551,8.6,10.078,8.481,6.8974,2.918,4.0574,5.9283,6.8974,9.9077,8.6,9.9077,9.4501,9.9077,10.552,7.542,9.9077,12.212,9.9077,12.83,11.949,22.709,23.008,25.913,26.234,25.378,25.245,25.531,26.326,25.531,23.831,24.728,24.702,23.316,21.777,18.681,16.738,16.897,16.897,18.037,16.81,17.295,16.61,15.972,14.959,13.887,14.285,15.972,15.222,19.161,17.572,10.973,10.837,10.297,9.9054,9.546,9.6346,9.5935,9.5254,9.5676,9.4555,9.2656,9.2225,9.0904,8.7857,9.1676,8.9415,9.8364,10.439,10.487,10.376,10.342,10.163,10.628,10.678,10.619,10.974,11.101,10.977,10.842,10.973,9.6068,9.3321,9.0161,8.8539,8.6329,8.6705,8.516,8.4274,8.5313,8.6217,8.6915,8.4677,8.4735,8.4238,8.412,9.6669,9.7415,9.8716,9.68,9.6536,9.9403,9.5689,9.8409,9.8879,9.6963,9.7677,9.7948,9.3845,9.3348,9.6068,10.031,9.8431,9.4943,9.2506,9.0643,8.8855,8.8331,8.724,8.6689,8.6133,8.5664,8.5324,8.4867,8.3985,8.7569,8.8873,9.1408,9.3795,9.4279,9.5072,9.4351,9.3995,9.5096,9.5447,9.6415,10.071,10.133,10.123,9.8934,10.031
28.032,6.8345,8.9829,13.5,13.824,13.537,11.18,13.229,13.386,15.236,15.973,16.834,16.51,14.587,15.236,10.015,3.9945,5.8654,6.8345,8.5371,10.708,9.3872,8.5371,8.9829,10.015,7.0048,8.8757,10.015,11.488,14.814,13.386,10.015,10.098,12.723,12.398,13.229,12.349,11.993,13.537,11.886,11.993,11.886,10.015,8.5371,9.3872,5.4078,-0.15521,6.8345,8.8757,11.18,10.015,10.489,11.993,10.489,10.489,10.984,9.3872,10.984,9.7571,13.995,10.489,22.388,22.855,25.608,26.023,25.468,25.513,25.733,26.413,25.527,24.418,25.113,24.558,22.945,22.056,18.843,17.005,17.201,17.233,18.619,17.088,17.974,17.088,16.118,15.865,14.814,12.767,16.299,15.236,19.139,18.283,9.8401,9.7364,9.0308,8.5914,8.3946,8.2278,8.2624,8.273,8.2778,8.2638,8.0182,7.8626,7.8784,7.6861,7.8218,7.998,8.4447,9.1956,9.2882,8.9994,9.158,9.1002,9.1617,9.4247,9.6051,9.657,9.9617,9.9088,9.6217,9.8401,8.2126,8.0155,7.8264,7.503,7.3972,7.1839,7.2434,7.0521,7.0404,7.1948,7.1279,7.1162,7.2008,7.0794,7.2651,8.0942,8.4218,8.3237,8.2643,8.4287,8.3582,8.5714,8.5633,8.3097,8.5366,8.456,8.3754,8.3637,8.2101,8.2126,8.7686,8.4851,8.1753,7.9618,7.7843,7.5736,7.5605,7.4415,7.3758,7.3727,7.3171,7.2051,7.2139,7.0994,7.3341,7.6694,7.8169,8.1421,8.1271,8.227,8.2192,8.2464,8.2996,8.3963,8.5557,8.7865,8.8609,8.8821,8.6631,8.7686
28.052,6.87,9.4227,13.86,14.474,13.421,12.029,13.144,13.572,14.474,15.467,16.489,16.564,15.769,14.534,12.185,5.1951,5.1951,5.1951,11.02,9.8803,9.7925,9.0184,10.051,10.133,7.5145,5.9009,10.051,8.4536,15.039,13.265,10.051,9.7925,12.891,13.86,13.572,11.02,12.029,12.803,12.185,12.029,9.8803,10.525,8.9112,6.87,4.03,1.9215,5.4433,8.9112,9.4227,10.744,10.952,10.051,10.744,12.029,10.525,9.0184,9.8803,10.051,13.265,12.029,23.048,22.663,25.888,26.738,25.644,25.576,26.023,26.189,24.513,23.856,24.426,24.934,23.479,21.682,19.423,15.562,17.04,17.123,18.608,16.432,17.846,17.86,17.04,16.412,14.03,13.144,16.489,14.03,19.574,17.633,10.12,9.5989,9.2574,8.736,8.6029,8.4474,8.4154,8.5255,8.5232,8.3762,8.2565,8.1581,8.0919,7.8838,8.1876,8.1562,8.742,9.3277,9.5442,9.4689,9.2693,9.1803,9.458,9.7341,9.661,10.164,10.23,10.228,9.9178,10.12,8.5349,8.0773,7.959,7.7367,7.4941,7.5556,7.451,7.3015,7.2599,7.4558,7.3063,7.4509,7.2495,7.4529,7.6388,8.3614,8.8866,8.9482,8.688,8.8007,8.6312,8.5684,8.8055,8.7466,8.7563,8.7903,8.7827,8.578,8.4118,8.5349,8.8808,8.6963,8.3987,8.1734,7.9691,7.8096,7.71,7.5883,7.5148,7.5236,7.4757,7.418,7.3727,7.2573,7.5919,7.6774,7.9826,8.1989,8.3537,8.4422,8.2892,8.2758,8.3913,8.3981,8.6578,9.0297,8.916,8.9134,8.7633,8.8808
28.072,7.1823,11.528,12.341,14.275,13.246,13.734,12.745,15.05,16.647,16.744,17.435,16.725,14.538,15.244,12.288,6.2132,5.7556,9.3307,10.446,11.332,10.363,10.193,7.8269,9.3307,8.8849,5.5074,9.735,10.446,13.456,13.885,10.193,11.776,11.332,12.497,12.497,13.071,12.497,14.031,12.697,13.456,11.332,11.056,9.735,7.8269,5.5074,2.7453,10.446,9.3307,10.105,10.363,9.3307,11.332,8.5177,11.895,8.7659,8.5177,11.895,10.105,12.497,13.577,22.633,23.791,25.05,25.993,25.91,26.267,25.956,26.947,26.715,25.341,25.427,24.932,22.456,22.239,20.296,17.857,18.308,18.322,18.826,17.857,17.945,17.916,14.846,15.507,13.456,13.203,14.846,15.583,18.322,18.518,10.185,9.8944,9.277,8.9786,8.6913,8.5367,8.7374,8.7684,8.7781,8.5715,8.4069,8.2627,8.32,8.2091,8.4851,8.6192,8.8952,9.3823,9.5835,9.3838,9.5179,9.6695,9.7449,10.048,9.9152,10.103,10.482,10.251,10.063,10.185,8.6889,8.2981,8.1736,7.8771,7.7701,7.6697,7.7622,7.5901,7.568,7.5994,7.5044,7.4706,7.5946,7.287,7.959,8.7405,8.9987,8.9174,8.7792,8.7277,8.9561,8.9422,8.814,8.9403,8.8566,8.8526,8.979,8.8953,8.5696,8.6889,9.1556,8.8965,8.5398,8.3653,8.0673,7.8722,7.9909,7.8621,7.768,7.6876,7.7039,7.5951,7.6258,7.5739,7.8883,8.0028,8.1852,8.387,8.5191,8.5966,8.6043,8.6999,8.7171,8.7548,8.8657,8.9866,9.3109,9.2728,8.9838,9.1556
28.092,8.5177,9.3307,14.066,14.935,12.697,13.456,12.341,14.538,15.244,16.32,17.58,15.875,14.935,14.817,11.332,6.2132,4.3423,9.2235,11.332,9.3307,10.193,9.735,9.3307,8.8849,8.8849,8.2544,9.3307,8.8849,14.846,14.066,10.105,12.697,12.497,13.203,13.203,13.734,13.456,13.577,11.776,12.288,11.332,11.332,10.193,8.5177,5.7556,-0.77652,8.2544,10.446,9.2235,10.363,10.837,8.5177,9.3307,11.332,9.735,11.332,10.193,10.363,13.373,11.836,22.456,23.825,25.551,26.058,26.152,26.207,26.148,26.723,26.301,25.126,25.482,25.25,22.769,22.277,19.868,17.353,18.322,17.827,18.492,17.872,17.628,18.046,16.213,15.507,13.885,13.577,15.05,15.78,18.518,18.172,10.48,9.8764,9.6823,9.2429,8.6849,8.7912,8.7847,8.9663,8.869,8.7262,8.6357,8.5119,8.4617,8.3792,8.5545,8.5778,9.3135,9.6586,10.073,9.6634,9.7419,9.7477,10.148,10.028,10.309,10.3,10.801,10.573,10.205,10.48,8.9604,8.5022,8.279,8.1244,8.0349,7.8701,8.0793,7.8347,7.8948,7.6634,7.6983,7.7198,7.6128,7.7683,8.0774,9.4168,9.1854,9.2324,9.1863,9.0793,9.4502,9.0589,9.2573,9.0123,9.227,9.193,9.086,9.1939,8.9625,8.9604,9.3658,9.1403,8.7206,8.5688,8.265,8.0887,8.1856,8.0525,7.9532,7.8698,7.8587,7.7839,7.8406,7.7775,8.0249,8.0728,8.4106,8.6003,8.6751,8.7201,8.8185,8.7842,8.7826,8.9105,9.0471,9.3033,9.3195,9.3844,9.3178,9.3658
28.112,8.8967,11.068,12.509,14.858,13.468,13.589,12.757,15.363,16.225,16.268,16.813,16.888,15.256,15.519,13.215,7.3644,6.225,7.3644,11.344,10.849,10.457,9.3425,7.8387,10.457,8.2662,9.2353,10.117,10.204,14.828,13.468,10.849,11.344,12.509,13.468,12.757,13.468,12.353,13.897,11.848,11.344,11.068,12.509,7.3644,5.7674,3.2147,2.2456,6.225,10.204,10.375,10.457,7.8387,10.204,10.457,12.509,8.5295,10.204,12.757,11.344,14.354,13.127,22.59,23.66,25.562,26.313,25.827,25.893,25.893,27.11,26.262,24.401,25.363,25.047,22.932,22.645,19.669,16.87,17.839,17.824,18.334,17.869,18.072,17.839,16.07,16.07,13.385,13.589,15.886,15.494,18.932,18.529,10.471,10.23,9.7542,9.4477,9.133,8.9797,8.9855,9.0302,9.1164,8.9078,8.7742,8.709,8.6306,8.3612,8.6196,8.7925,9.6778,9.6357,9.933,9.9052,9.841,9.8423,10.167,10.127,10.239,10.394,10.692,10.525,10.442,10.471,8.884,8.7921,8.609,8.3188,8.0447,7.8575,8.0159,7.872,7.8027,7.8744,7.8588,7.7562,7.8949,7.8616,7.9528,8.9712,9.2042,9.4372,9.2621,9.1124,9.0084,9.1582,9.2059,9.2637,9.0068,8.8792,9.2542,9.079,8.8484,8.884,9.5241,9.2609,8.9104,8.7332,8.5305,8.3463,8.3289,8.1841,8.1374,8.0745,8.0701,8.0101,7.9572,7.8255,8.2346,8.3476,8.6157,8.8026,8.9337,9.0849,8.9788,8.9451,9.0413,9.0921,9.327,9.4036,9.6318,9.6501,9.4499,9.5241
28.132,7.3281,10.813,13.709,14.147,14.042,13.86,12.473,14.006,16.232,16.189,17.052,16.777,15.137,15.85,13.553,8.2298,8.2298,8.2298,10.168,9.7105,11.307,10.421,7.8023,8.4931,8.8604,8.2298,9.1989,8.7414,13.431,13.349,10.338,12.316,11.812,13.222,14.147,13.553,12.473,13.553,13.553,11.871,11.307,9.3062,6.1886,8.7414,0.16804,2.7208,7.8023,9.3062,11.503,9.3062,9.7105,10.168,9.3062,10.421,7.8023,8.4931,11.24,10.338,14.318,12.316,22.633,23.812,25.211,26.034,25.925,26.525,25.808,26.813,26.902,24.837,25.596,24.59,22.508,22.584,20.798,17.524,18.297,18.297,18.942,18.297,18.021,18.189,14.792,16.296,13.709,12.473,15.559,17.158,19.296,18.607,10.963,10.631,10.01,9.4641,9.0839,9.0416,9.4038,9.3316,9.2822,9.1754,8.9752,8.868,8.8725,8.7359,8.7823,8.9248,9.5611,10.198,10.19,10.221,10.27,10.109,10.643,10.629,10.56,10.576,10.749,11.063,10.636,10.963,9.1956,9.0627,8.5271,8.6344,8.1926,8.0033,8.1519,8.1469,8.1297,8.0364,8.1062,7.8729,8.0062,8.1083,8.2104,9.2398,9.4251,9.4752,9.1213,9.0359,9.3906,9.3508,9.3837,9.3317,9.2386,9.1545,9.1798,9.1576,9.0068,9.1956,9.7763,9.5395,9.1295,8.948,8.6149,8.4111,8.6649,8.5347,8.338,8.2569,8.2958,8.1285,8.2109,8.158,8.4446,8.4823,8.7599,9.0542,9.003,9.0343,9.3258,9.2301,9.2254,9.2879,9.4464,9.5244,9.7311,9.8563,9.618,9.7763
28.152,7.3454,10.356,13.877,14.023,13.877,13.84,13.196,14.335,16.869,16.851,16.58,17.175,15.474,16.58,12.334,8.5104,4.3351,7.175,10.83,10.438,9.7277,10.185,8.2471,10.83,7.3454,7.175,9.7277,10.185,14.335,14.165,10.356,10.438,13.108,12.334,13.108,13.239,13.063,11.888,12.334,13.108,10.438,10.438,8.5104,5.5001,5.2368,0.18532,7.3454,9.3235,10.185,10.356,9.7277,10.098,8.2471,11.325,11.521,9.3235,12.334,11.325,13.366,11.325,22.339,23.562,25.474,26.085,25.753,26.262,25.673,27.007,26.777,25.043,25.454,25.237,22.843,22.094,19.151,17.805,17.864,18.51,18.151,17.683,17.541,17.82,16.313,15.867,13.108,14.563,16.14,16.717,18.878,18.624,10.816,10.668,10.129,9.7832,9.4373,9.1058,9.4798,9.4557,9.2748,9.2975,9.0357,8.9175,8.838,8.7929,9.0466,9.0325,9.6219,10.203,10.318,10.272,10.08,10.111,10.105,10.361,10.396,10.587,10.76,10.792,10.661,10.816,9.3833,9.2586,8.7747,8.6798,8.3636,8.2577,8.3197,8.3672,8.2161,8.1212,8.1939,8.2171,8.0449,8.3293,8.6641,9.7076,9.6264,9.7289,9.5546,9.4045,9.4652,9.5814,9.3758,9.6894,9.5051,9.4338,9.4496,9.3996,9.1252,9.3833,9.9003,9.6726,9.2986,9.1,8.8008,8.614,8.7282,8.5946,8.4865,8.4116,8.4568,8.3765,8.3377,8.2571,8.4978,8.7186,8.9333,9.1851,9.1659,9.311,9.3507,9.3147,9.4111,9.489,9.5897,9.7406,9.9081,9.9235,9.7403,9.9003
28.172,6.9852,9.9955,13.517,15.114,13.517,12.879,12.835,14.682,15.388,15.714,16.49,16.727,15.714,15.714,11.974,6.8149,7.887,3.9749,10.078,8.1503,11.161,10.078,7.887,9.3676,7.4595,8.9633,8.8561,10.965,13.805,13.006,9.9955,11.866,13.975,13.006,11.528,12.378,12.703,12.703,12.879,10.689,10.078,10.47,8.9633,4.8767,-1.1439,1.8664,7.4595,8.9633,8.5175,10.965,9.9955,10.078,8.1503,11.161,10.47,10.965,10.897,10.689,12.835,11.469,22.13,23.269,25.559,26.19,25.431,25.785,25.678,26.52,26.248,24.058,24.66,24.203,23.014,22.021,19.119,17.444,17.459,17.323,17.791,17.578,17.489,18.226,15.846,15.114,11.409,13.21,15.953,14.931,19.28,17.887,11.292,10.775,10.263,9.9438,9.6246,9.6005,9.7202,9.7015,9.6565,9.5801,9.4717,9.433,9.2658,9.0929,9.5,9.4094,9.9311,10.397,10.751,10.596,10.474,10.615,10.771,11.113,10.932,11.08,11.391,11.609,11.289,11.292,9.4691,9.5379,9.0011,8.8766,8.6469,8.606,8.454,8.3075,8.3776,8.3704,8.3606,8.2653,8.362,8.2752,8.8631,8.6656,9.6584,9.7308,9.8091,9.7128,9.837,9.5586,9.8844,9.6869,9.625,9.5661,9.6349,9.5281,9.2399,9.4691,10.041,9.8251,9.4662,9.2329,8.9946,8.8435,8.8836,8.7608,8.6514,8.6093,8.5844,8.4867,8.4674,8.4286,8.6995,8.8994,9.0667,9.3035,9.4595,9.4072,9.4723,9.4914,9.5991,9.6608,9.8687,9.9732,10.069,10.093,9.9064,10.041
28.192,7.214,9.7667,13.235,14.966,14.098,13.916,12.373,15.082,16.245,16.776,17.214,16.927,15.513,15.276,11.364,7.8586,3.2346,7.8586,11.088,8.9166,11.088,10.477,8.9166,10.869,8.2861,7.8586,10.224,10.224,14.098,13.879,10.477,11.808,13.278,13.765,13.278,13.488,13.235,13.235,12.266,12.729,10.224,10.869,8.5494,5.2758,2.777,3.2346,7.214,10.395,10.869,11.364,10.224,11.927,10.137,9.7667,10.395,10.224,11.364,11.088,13.609,12.529,22.782,23.715,26.104,26.365,25.962,26.018,25.988,26.772,26.221,24.748,25.121,25.194,23.007,22.529,19.599,18.625,17.888,17.844,18.524,17.214,17.903,17.888,16.245,15.513,14.098,14.374,15.906,15.513,19.362,17.859,9.9599,9.4297,8.8995,8.5164,8.392,8.0769,8.1765,8.3978,8.4343,8.2925,8.1973,8.0064,7.9912,7.7139,7.8448,8.1656,8.8013,9.3195,9.4009,9.118,9.1654,9.1446,9.6084,9.6153,9.8118,9.9839,10.038,9.9719,9.8541,9.9599,8.0217,8.0222,7.8441,7.5332,7.2886,7.1894,7.2768,7.141,7.1849,7.144,7.2349,7.1958,7.0779,7.0451,7.5527,7.7386,8.568,8.4876,8.4173,8.3957,8.2423,8.5847,8.4721,8.5161,8.5046,8.2823,8.4127,8.5634,8.0848,8.0217,8.7117,8.5119,8.1333,7.9232,7.704,7.5449,7.548,7.4082,7.331,7.3075,7.2664,7.2155,7.2079,7.1047,7.3897,7.5792,7.8181,7.9721,8.0944,8.0326,8.057,8.094,8.1802,8.3025,8.5112,8.6671,8.8174,8.7831,8.5482,8.7117
28.212,5.5216,9.3449,13.862,15.064,13.217,14.186,12.355,14.831,15.598,16.073,16.661,16.872,14.949,14.92,11.909,8.5319,3.2171,10.377,10.119,10.377,10.46,9.2377,8.2686,9.7492,7.1965,7.1965,9.3449,11.346,14.357,12.711,11.346,12.248,12.76,13.085,13.591,13.47,12.355,13.47,12.711,12.355,12.248,10.377,7.3668,9.3449,0.20679,0.20679,8.5319,8.5319,10.46,11.79,11.542,10.46,10.377,11.542,10.46,9.3449,11.542,11.542,13.47,12.302,22.953,23.748,25.979,26.737,25.794,26.238,26.106,26.99,26.324,24.666,25.015,24.92,23.151,22.345,19.501,17.826,18.336,17.642,18.493,17.826,18.06,18.228,16.162,16.095,14.357,14.186,16.162,16.095,19.292,18.336,10.162,9.8272,9.1357,8.7754,8.4719,8.3095,8.604,8.573,8.4665,8.3708,8.2561,8.0932,8.123,7.9321,8.062,8.2369,8.6032,9.4545,9.4515,9.4485,9.329,9.314,9.4353,9.6986,9.8199,9.7614,10.094,10.128,9.9281,10.162,8.3654,8.3011,8.0395,7.7324,7.5465,7.298,7.4253,7.3313,7.3499,7.4258,7.3752,7.3798,7.5129,7.1646,7.8994,8.4232,8.8701,8.9039,8.609,8.6256,8.609,8.6094,8.8235,8.6094,8.6099,8.7372,8.6099,8.6437,8.3487,8.3654,8.9598,8.7796,8.3758,8.1705,7.8523,7.7345,7.8173,7.6668,7.5497,7.4923,7.488,7.4057,7.385,7.3713,7.6616,7.7914,7.9804,8.2767,8.3179,8.3338,8.4497,8.4855,8.4192,8.509,8.7434,8.8256,8.9615,9.0513,8.8396,8.9598
28.232,8.4847,11.376,14.505,16.458,14.762,13.772,14.505,14.951,16.952,16.694,17.456,17.646,16.187,15.681,13.875,7.4266,5.1071,7.4266,12.973,11.376,9.7924,10.045,10.656,9.7924,9.3348,7.8542,12.297,11.941,15.107,15.307,10.437,11.436,14.65,14.762,14.17,12.803,11.941,12.297,12.803,11.128,11.495,10.437,9.7924,9.3348,3.9421,5.813,8.9305,9.7924,11.436,10.656,10.045,9.9627,8.9305,12.973,10.932,9.7924,11.888,10.932,13.942,12.846,23.554,24.1,26.885,27.251,26.392,26.721,26.607,27.331,26.565,25.058,25.509,25.509,23.875,22.842,20.323,17.921,17.854,18.426,18.691,18.426,18.823,18.092,16.902,16.782,13.942,13.942,17.646,15.856,20.238,18.669,10.201,9.8443,9.4875,9.0804,8.7698,8.4719,8.7206,8.5834,8.6267,8.6324,8.4777,8.3002,8.2295,7.9621,8.1375,8.3263,8.7845,9.5137,9.5295,9.5352,9.4854,9.6589,9.6548,9.6957,9.6838,9.9558,10.323,10.247,9.9474,10.201,8.5684,8.2924,8.2198,7.9244,7.6074,7.56,7.5583,7.4202,7.5826,7.7152,7.3811,7.3666,7.6347,7.5603,7.9671,8.6226,8.7213,8.7196,8.75,8.7639,8.8786,8.5434,8.9878,8.8203,8.6348,8.8997,8.6455,8.6574,8.4032,8.5684,9.1199,8.8961,8.6023,8.3658,8.1586,8.0028,7.944,7.792,7.7238,7.773,7.7002,7.5971,7.581,7.5061,7.8098,8.0395,8.1718,8.4274,8.5636,8.5809,8.5826,8.5863,8.6737,8.671,8.9071,9.0527,9.0958,9.1815,9.0509,9.1199
28.252,8.8851,9.7664,13.395,15.536,13.509,12.732,13.546,13.692,14.596,15.742,16.538,16.844,15.982,14.823,12.003,8.1793,5.169,8.1793,10.994,9.8542,8.9923,8.5465,8.8851,10.024,7.0142,6.8439,10.718,10.024,14.906,12.777,11.895,10.107,13.509,13.035,11.557,12.864,12.159,14.232,11.19,11.438,9.8542,10.994,10.024,8.5465,4.9057,-7.1355,4.9057,8.1793,10.994,8.8851,8.9923,9.8542,8.8851,11.557,9.8542,8.9923,12.358,9.8542,13.937,11.498,22.803,22.851,25.982,26.674,25.477,25.484,25.571,26.402,24.973,23.742,24.697,25.143,23.774,22.05,19.138,16.538,16.128,16.947,18.141,17.162,17.488,17.722,16.386,16.406,13.239,14.004,15.982,15.809,18.487,17.983,10.549,9.9117,9.6715,9.266,8.986,8.7991,8.8463,8.8701,8.8712,8.8901,8.5831,8.4975,8.3552,8.3279,8.5511,8.5118,9.419,9.7354,9.836,9.7867,9.8657,9.7466,9.8715,10.217,10.043,10.458,10.375,10.699,10.401,10.549,8.8001,8.6034,8.2367,8.204,7.9962,7.9212,7.7578,7.7897,7.7412,7.7461,7.6478,7.5321,7.6137,7.7361,8.1162,8.6615,9.2068,9.2116,8.8509,8.95,9.1423,8.9334,9.015,8.9315,8.9984,8.7271,8.9349,9.0635,8.6814,8.8001,9.3365,9.0478,8.7534,8.5675,8.323,8.1186,8.123,7.9886,7.874,7.9151,7.8758,7.7629,7.8098,7.6587,8.0586,8.099,8.378,8.652,8.692,8.8417,8.7971,8.7503,8.9158,8.8912,9.0855,9.2683,9.3433,9.392,9.1932,9.3365
28.272,5.2414,9.7324,13.882,14.784,13.731,13.371,13.2,14.567,16.078,16.874,16.644,16.056,14.903,15.349,11.525,7.35,5.5047,7.8242,10.19,8.8823,10.36,9.7324,8.7633,8.515,7.8242,5.5047,10.36,9.7324,13.845,13.112,11.054,10.102,11.054,14.064,13.2,12.494,12.231,12.694,12.338,11.329,11.833,9.2208,8.2517,7.35,2.7427,2.7427,7.35,9.7324,10.835,10.19,10.19,8.515,10.19,10.36,11.525,7.8242,11.054,10.19,14.536,13.068,23.278,23.712,25.479,26.712,25.926,26.125,26.125,26.961,26.211,24.677,25.412,25.101,23.135,22.166,19.328,17.794,18.043,17.869,18.763,17.038,17.942,17.578,16.211,16.318,12.494,11.893,15.753,16.145,19.443,17.854,10.703,10.218,9.7895,9.4296,9.2006,8.9072,9.084,9.1284,9.0354,9.0063,8.7345,8.6577,8.5874,8.4794,8.6726,8.8531,9.4284,9.9158,10.134,9.8061,10.006,10.11,10.269,10.352,10.325,10.322,10.602,10.706,10.485,10.703,8.8451,8.7015,8.3766,8.3237,8.1408,7.9833,7.8522,7.8549,7.9581,7.8795,7.7378,7.6085,7.696,7.6592,8.013,8.5642,9.3128,9.2029,9.0518,9.0562,8.9639,9.2701,9.139,9.2441,9.0575,8.9832,9.0388,9.0371,8.906,8.8451,9.5162,9.2512,8.9189,8.7557,8.4892,8.2992,8.3067,8.1887,8.1276,8.0673,8.0622,7.9539,7.9571,7.9149,8.1973,8.329,8.52,8.7888,8.914,9.0145,8.9678,8.9206,9.1359,9.1256,9.2599,9.4224,9.4996,9.5287,9.3442,9.5162
28.292,6.224,10.203,12.756,13.214,13.257,13.744,13.384,14.857,16.069,16.224,17.927,17.363,14.827,15.594,11.067,8.5285,6.224,7.1931,11.343,10.374,10.116,9.7458,9.3415,10.203,9.7458,8.5285,8.8957,11.343,13.588,14.353,10.203,11.906,11.539,12.245,12.508,13.467,13.214,13.257,12.708,12.756,12.756,11.067,9.2343,9.7458,4.3531,3.2137,7.1931,9.2343,10.848,9.3415,8.7767,10.374,9.7458,11.275,10.848,7.8377,11.343,11.067,13.257,12.508,22.508,23.725,25.173,25.718,25.833,26.43,25.96,26.93,27.12,25.035,25.612,24.827,21.987,22.288,19.498,17.313,18.503,18.169,18.931,17.446,17.838,17.034,15.061,15.362,12.708,12.352,14.857,16.069,18.642,18.884,11.042,10.436,9.9717,9.6496,9.2658,9.1567,9.2785,9.2976,9.3247,9.2979,9.1324,9.031,8.9544,8.7183,8.8194,9.1269,9.6933,10.516,10.392,10.176,10.232,10.411,10.622,10.732,10.77,10.846,11.114,11.073,10.956,11.042,9.0622,8.871,8.7364,8.5988,8.2813,8.1265,8.2773,8.1051,8.2171,8.0977,8.0252,8.2232,8.2398,8.0254,8.0773,9.3093,9.2747,9.5239,9.3683,9.4481,9.3443,9.3273,9.3792,9.4865,9.6526,9.4382,9.5043,9.3236,9.1001,9.0622,9.7077,9.4355,9.0842,8.9363,8.6805,8.5189,8.5314,8.4063,8.3921,8.242,8.2922,8.2327,8.2229,8.0992,8.3903,8.6324,8.7577,8.9811,9.1049,9.1269,9.1883,9.1586,9.2313,9.3798,9.6206,9.7509,9.7919,9.754,9.5333,9.7077
28.312,6.8232,10.087,12.844,14.179,13.218,13.983,13.014,14.457,15.224,16.366,16.536,16.823,14.211,15.397,11.536,6.9935,4.885,8.5258,10.004,9.8335,10.478,10.004,6.8232,9.3759,9.3759,5.1483,10.973,10.973,13.488,13.375,10.973,11.417,11.982,12.756,13.813,12.138,12.138,12.338,12.711,9.7457,12.138,9.8335,8.8644,7.8953,2.8438,5.8541,5.8541,8.8644,10.004,8.4068,10.087,9.3759,9.8335,10.697,10.973,11.169,10.697,9.8335,12.756,11.477,22.711,23.293,25.749,25.995,25.428,26.024,25.571,26.262,25.893,23.983,24.934,24.691,22.561,22.05,18.875,17.453,17.076,17.498,18.003,16.366,17.01,17.687,15.897,15.722,13.014,13.813,15.961,15.123,19.395,18.272,11.049,10.775,10.129,9.7465,9.562,9.1963,9.38,9.4982,9.454,9.3053,9.2228,9.0672,9.0981,8.9331,9.0936,9.3181,9.7681,10.25,10.475,10.281,10.382,10.451,10.511,10.695,10.698,10.637,11.01,11.125,10.873,11.049,9.2954,9.2135,8.8966,8.8011,8.415,8.4653,8.401,8.2029,8.1881,8.349,8.066,8.0784,8.194,8.3095,8.425,9.146,9.7252,9.519,9.4371,9.4282,9.7291,9.4794,9.453,9.4793,9.7016,9.5166,9.4647,9.491,9.1429,9.2954,9.8885,9.6602,9.3102,9.1118,8.8445,8.6897,8.7342,8.6202,8.5208,8.4778,8.4448,8.3491,8.346,8.2797,8.5745,8.7243,8.9752,9.1819,9.3022,9.3592,9.4022,9.3804,9.3162,9.5875,9.6127,9.9363,9.8513,10.009,9.8797,9.8885
28.332,7.8415,10.378,13.592,14.357,14.357,14.187,13.085,15.176,15.598,16.271,16.816,16.398,15.522,15.794,12.512,7.8415,5.522,7.1969,10.378,10.207,11.071,8.7805,7.8415,9.3453,7.8415,8.5323,9.3453,10.119,14.831,14.187,11.543,11.347,13.085,13.748,11.851,12.711,13.217,12.512,12.76,11.851,11.91,8.8995,8.5323,7.8415,5.522,2.7599,5.522,8.5323,9.2381,10.852,10.378,10.46,10.46,12.512,10.207,8.5323,11.851,11.543,13.862,11.347,23.085,23.806,25.83,26.572,26.204,25.964,25.837,26.776,25.889,24.296,25.016,24.801,22.912,22.471,19.501,17.811,17.384,17.826,18.9,17.642,17.841,17.515,16.335,15.598,13.471,14.187,16.759,16.073,19.74,18.442,11.146,10.835,10.217,9.8611,9.5908,9.5178,9.5766,9.5803,9.5852,9.5097,9.3483,9.1549,9.1471,9.0428,9.1855,9.2432,10.036,10.294,10.612,10.539,10.461,10.424,10.7,10.841,11.204,10.94,11.463,11.223,11.036,11.146,9.4868,9.2718,8.9261,9.084,8.5981,8.5363,8.5694,8.4524,8.5037,8.4148,8.4147,8.2209,8.4373,8.3791,8.8352,9.1819,9.5286,9.8248,9.7079,9.5729,9.5866,9.8686,9.9037,9.9114,9.6526,9.8457,9.7658,9.7537,9.4,9.4868,10.036,9.7564,9.4736,9.2782,9.0409,8.8647,8.8213,8.7182,8.6584,8.6065,8.5743,8.5371,8.4379,8.45,8.6841,8.8954,9.0887,9.3064,9.4177,9.5033,9.5889,9.4727,9.5882,9.6013,9.845,9.8432,10.044,10.048,9.94,10.036
28.352,7.3501,9.3282,14.34,15.242,14.169,12.495,12.495,14.814,15.705,16.318,16.855,17.021,15.349,14.784,10.835,7.1798,4.3398,7.1798,8.8824,9.221,10.36,10.102,9.221,11.054,9.221,5.5049,8.5152,9.221,14.844,13.2,10.36,10.443,13.882,13.453,12.495,13.2,12.495,13.068,13.113,11.33,11.33,10.36,8.7634,7.8244,5.7531,0.19009,7.1798,7.8244,11.262,9.7325,10.36,10.19,11.33,11.893,10.19,12.231,11.893,11.525,13.2,12.694,22.936,23.358,26.324,27.039,25.872,25.641,25.907,26.924,26.145,24.445,24.751,24.999,23.244,22.665,19.1,17.3,17.3,17.35,18.515,17.18,18.043,17.433,16.644,16.145,13.068,14.272,16.644,15.581,19.752,18.49,9.9555,9.4425,9.082,8.6796,8.4746,8.1666,8.3097,8.3821,8.3452,8.2665,8.1134,8.0283,7.9733,7.879,8.0546,8.1126,8.6375,9.2735,9.3756,9.4691,9.3885,9.3809,9.6396,9.6657,9.8732,9.8869,10.172,10.044,9.8758,9.9555,8.1525,7.9501,7.586,7.6124,7.3887,7.1822,7.2595,7.1247,7.2597,7.1007,6.9593,6.9978,6.9119,7.0335,7.1308,7.9546,8.2769,8.2322,8.3538,8.3923,8.3753,8.1475,8.2724,8.3431,8.3668,8.2634,8.2786,8.4055,8.0191,8.1525,8.7961,8.5238,8.2062,8.0004,7.7464,7.5808,7.6089,7.4677,7.3719,7.3304,7.3582,7.2718,7.2529,7.1587,7.4694,7.5168,7.9087,7.9687,8.1424,8.2723,8.2361,8.242,8.2729,8.3753,8.5452,8.6947,8.7691,8.7901,8.6076,8.7961
28.372,9.7467,10.204,13.215,15.256,14.184,13.589,13.127,14.354,16.093,16.07,17.447,17.088,15.519,14.828,12.245,7.3643,0.20423,7.3643,11.344,10.457,12.509,10.204,10.849,10.457,7.1939,6.2248,10.849,10.375,13.082,14.042,10.375,11.344,12.708,12.353,13.215,13.258,12.757,13.468,12.353,10.849,11.344,10.204,9.7467,7.8385,4.354,-3.7752,5.519,9.2351,11.068,10.457,10.204,10.204,9.2351,11.848,10.375,9.2351,10.204,11.068,13.258,12.757,22.757,23.621,25.721,26.192,26.124,25.886,26.066,26.991,26.113,24.524,25.312,24.952,22.987,22.468,19.405,17.194,17.512,18.266,18.333,17.106,17.639,17.839,16.599,16.268,13.589,14.078,16.093,16.395,18.802,18.729,10.016,9.6302,9.1408,8.7554,8.5499,8.3746,8.4605,8.5212,8.4676,8.3718,8.2383,8.1274,8.0892,7.8657,8.065,8.3786,8.2973,9.1434,9.4015,9.208,9.2909,9.304,9.5033,9.3999,9.3308,9.7307,10.252,9.8388,9.854,10.016,8.4429,8.2494,7.8805,7.7301,7.4323,7.4073,7.5048,7.2817,7.1828,7.4074,7.2795,7.1373,7.3344,7.1266,7.853,8.5693,8.5477,8.4998,8.6457,8.5668,8.6655,8.5408,8.596,8.4344,8.724,8.5818,8.637,8.4217,8.1462,8.4429,8.9146,8.7094,8.3922,8.1293,7.9023,7.7509,7.7783,7.6608,7.5617,7.5338,7.5283,7.4354,7.3884,7.3278,7.6249,7.7457,7.965,8.3019,8.4227,8.4325,8.4257,8.442,8.4183,8.5561,8.6907,9.0189,9.09,9.0033,8.8917,8.9146
28.392,8.5179,10.363,14.172,15.756,13.848,13.071,14.067,15.352,15.482,15.482,16.588,16.895,16.384,15.584,12.697,6.2134,4.3425,6.2134,11.265,9.3309,10.837,9.2237,9.3309,10.446,8.8851,7.8271,9.3309,10.193,15.298,13.848,10.446,9.7352,12.341,12.697,13.246,13.115,13.373,12.697,11.056,11.528,11.332,11.332,7.3528,8.8851,5.7558,-0.77631,7.8271,7.8271,10.446,8.2546,9.2237,9.2237,10.193,11.836,10.446,11.056,12.497,9.7352,14.847,11.332,23.344,23.098,26.558,26.976,25.931,25.621,26.213,26.558,25.399,24.099,24.894,25.09,23.955,22.573,19.091,16.801,17.549,16.877,18.718,17.827,17.812,16.877,16.744,16.858,13.734,14.172,16.744,14.847,19.726,18.362,10.401,9.8738,9.3125,8.9865,8.7437,8.573,8.8468,8.6827,8.7828,8.5945,8.5138,8.4238,8.2397,8.1004,8.2958,8.3486,9.0742,9.5512,9.6889,9.6155,9.7257,9.6004,9.8487,9.8323,9.9902,10.376,10.462,10.53,10.204,10.401,8.573,8.2805,8.2425,7.8773,7.7554,7.606,7.5543,7.3347,7.5536,7.6402,7.4124,7.4162,7.6308,7.8046,7.7207,9.0425,9.1983,8.9249,8.8024,8.8317,8.9043,8.7972,8.8699,8.9796,8.8789,8.9988,8.8777,8.7318,8.5876,8.573,9.1478,8.9075,8.604,8.3372,8.1529,7.9747,7.9623,7.8322,7.7268,7.7813,7.7058,7.6094,7.6,7.482,7.8262,8.0828,8.2475,8.4831,8.5648,8.6072,8.6007,8.6138,8.6709,8.7417,8.97,9.1239,9.2691,9.3182,9.0529,9.1478
28.412,7.8041,10.814,14.32,14.883,13.18,13.223,12.474,15.027,16.624,16.854,16.872,17.054,14.794,15.757,11.813,7.3298,5.4846,7.3298,10.17,10.423,10.814,11.309,7.1595,8.4949,8.2316,7.1595,10.423,11.033,14.044,13.18,10.17,12.318,12.474,12.318,13.18,12.723,11.813,12.674,13.18,11.872,11.309,11.242,7.8041,7.8041,3.1801,4.3195,7.3298,9.2007,11.872,7.3298,8.2316,9.3079,10.17,12.211,9.7122,10.082,12.474,11.813,13.048,11.753,22.953,23.614,25.733,26.443,25.738,26.085,25.84,26.778,26.565,24.657,25.334,24.918,23.025,22.428,19.864,17.804,17.893,18.149,18.495,17.478,17.667,17.526,16.234,15.139,12.265,13.048,16.624,15.561,18.862,18.571,10.229,10.048,9.5873,9.1173,8.96,8.8218,8.8177,8.8054,8.8223,8.751,8.6069,8.5331,8.3601,8.2102,8.441,8.4897,9.047,9.6995,9.7164,9.8142,9.7359,9.694,9.7797,9.8442,10.204,10.024,10.35,10.357,10.177,10.229,8.7752,8.6421,8.211,8.1547,7.9422,7.8783,7.7394,7.6276,7.6107,7.5321,7.6423,7.6648,7.826,7.5579,8.0408,8.8487,8.9997,9.0222,8.9351,8.6591,8.6127,9.0437,9.0525,8.9887,8.8868,8.9648,8.7978,8.8361,8.6008,8.7752,9.3403,9.0667,8.7131,8.5237,8.2806,8.1051,8.1345,8.0029,7.9289,7.887,7.9101,7.8168,7.7485,7.7219,8.0406,8.1246,8.4288,8.647,8.6948,8.8103,8.7505,8.7552,8.8669,9.0336,9.0868,9.221,9.3588,9.3261,9.239,9.3403
28.432,9.332,11.333,13.578,14.344,14.068,13.204,13.849,15.876,15.876,16.149,17.437,16.745,16.258,15.509,13.072,8.2557,7.1836,7.1836,10.194,9.7363,10.838,8.8862,8.2557,10.838,7.3539,8.519,9.7363,10.106,14.344,14.173,9.2248,11.333,12.498,12.698,12.235,13.578,11.897,12.342,12.235,11.837,11.266,10.364,8.519,7.8282,6.2145,0.19388,4.3436,8.519,11.333,10.364,10.194,11.529,11.333,11.837,8.8862,8.2557,10.194,9.332,13.578,11.529,22.771,23.362,25.62,26.387,25.747,25.967,25.957,26.979,26.585,24.721,25.429,24.863,23.072,22.452,19.688,17.55,17.873,17.582,17.828,17.55,17.582,17.813,16.149,16.859,14.344,13.457,16.149,16.385,19.395,17.691,10.598,10.198,9.6636,9.3316,9.1331,9.0194,9.0932,9.0347,9.0117,8.9321,8.7951,8.7402,8.6084,8.4206,8.5462,8.7995,9.2781,9.8986,10.018,10.033,9.9508,10.001,10.002,10.242,10.26,10.537,10.591,10.748,10.459,10.598,9.0116,8.7319,8.4601,8.244,8.2567,8.0628,7.9649,7.7952,8.0034,7.8162,8.0186,7.9918,8.1106,7.7509,8.229,8.7902,9.227,9.3458,9.4909,9.3398,9.0601,9.2344,9.5214,9.3898,9.427,9.368,9.2857,9.0302,8.9868,9.0116,9.4632,9.2041,8.9395,8.7592,8.544,8.3704,8.2714,8.1462,8.1111,8.0777,8.0798,8.0307,7.9185,7.8189,8.1227,8.3842,8.5871,8.8326,8.9657,9.0734,8.9568,8.8776,9.0239,9.1127,9.4216,9.5839,9.5705,9.6189,9.3985,9.4632
28.452,11.047,7.3437,13.839,14.926,13.237,13.194,13.568,15.235,15.866,15.574,16.638,17.293,15.771,14.808,12.688,7.1734,5.7467,7.8179,10.184,9.3218,11.323,10.354,9.3218,11.323,7.1734,5.7467,10.184,10.828,15.473,13.568,11.519,11.323,12.488,13.876,11.827,13.447,13.876,12.332,11.886,9.7261,10.828,10.184,9.7261,10.437,0.18366,2.2249,5.7467,7.3437,10.437,11.047,10.096,9.3218,9.7261,12.332,9.7261,7.8179,13.364,10.354,14.058,13.194,23.352,23.536,26.301,26.798,25.929,25.854,26.029,26.868,25.473,24.439,24.695,25.194,23.402,22.463,19.468,16.735,17.173,17.491,18.876,17.276,17.907,18.163,16.792,16.716,14.529,14.163,15.866,15.498,19.678,18.313,10.759,10.321,9.9645,9.6093,9.385,9.2779,9.2781,9.301,9.3168,9.1715,9.1272,8.9631,8.8236,8.6437,8.8043,9.0717,9.8497,10.081,10.195,10.076,10.162,10.086,10.414,10.5,10.368,10.862,10.855,10.944,10.809,10.759,9.1733,8.9815,8.7208,8.4864,8.4347,8.1411,8.2377,8.1114,8.1741,8.2595,7.9632,8.155,8.4055,8.2359,7.9793,8.8734,9.4456,9.4299,9.5265,9.5011,9.3786,9.2762,9.416,9.6354,9.6333,9.479,9.4734,9.2603,9.1539,9.1733,9.6949,9.4816,9.1439,8.9056,8.7423,8.5583,8.4712,8.3449,8.298,8.324,8.237,8.1841,8.1654,8.0394,8.4116,8.5485,8.7376,8.9811,9.1303,9.2209,9.1781,9.091,9.2498,9.3163,9.5069,9.7238,9.8228,9.6947,9.6105,9.6949
28.472,7.3349,11.878,13.356,14.325,13.185,12.479,13.053,15.49,15.689,17.059,17.854,17.023,15.464,16.196,12.728,8.8672,7.3349,7.8092,10.345,11.247,9.3131,10.175,8.8672,10.175,9.2058,5.4897,9.3131,10.428,13.185,14.154,10.819,10.819,11.818,14.154,12.728,12.679,12.323,13.716,13.83,10.819,11.314,10.087,7.1646,8.5,0.17492,3.1852,7.3349,9.7173,11.314,9.2058,10.175,8.8672,9.2058,11.039,10.175,9.2058,13.053,10.175,13.716,13.356,22.56,23.409,25.194,25.931,25.986,25.75,25.805,26.996,26.635,25.334,25.762,25.262,22.495,22.732,20.087,17.809,18.462,18.41,18.304,17.779,17.927,16.859,15.857,15.464,14.325,14.257,15.857,16.449,18.7,18.867,10.856,10.68,10.172,9.7061,9.4372,9.3693,9.3732,9.4282,9.2755,9.267,9.096,9.0685,8.9239,8.7793,8.9565,9.1104,9.7189,10.177,10.215,10.268,10.234,10.121,10.454,10.475,10.652,10.726,10.937,10.96,10.679,10.856,9.2417,9.0557,8.8671,8.6938,8.4834,8.3681,8.2738,8.2407,8.3443,8.134,8.0623,8.1182,8.0497,8.2379,8.7362,9.1693,9.2252,9.534,9.5211,9.2552,9.3666,9.3214,9.4096,9.6116,9.4525,9.5639,9.3082,9.3231,9.1881,9.2417,9.8446,9.6171,9.3077,9.0807,8.8612,8.6893,8.6219,8.5082,8.451,8.4187,8.4178,8.2616,8.269,8.1562,8.4523,8.6563,8.8847,9.122,9.2021,9.3405,9.3143,9.1725,9.3667,9.3224,9.6407,9.7061,9.8037,9.8115,9.6621,9.8446
28.492,6.9766,8.5089,12.827,14.194,13.796,12.321,13.796,14.868,16.271,16.349,17.059,16.977,14.922,14.441,13.08,6.8063,4.8681,9.359,10.07,9.8166,8.5089,9.359,8.9548,9.8166,8.1417,5.8372,8.3899,9.9869,14.441,13.796,9.9869,10.956,12.321,12.121,11.858,11.965,12.121,12.87,12.321,10.956,11.152,9.9869,8.8475,8.1417,5.1314,-0.18338,6.8063,8.8475,11.46,8.9548,10.956,11.519,9.359,11.965,9.8166,8.8475,11.519,10.461,13.201,11.519,22.695,23.49,25.824,26.101,25.331,25.384,25.456,26.277,25.957,24.559,24.648,24.637,22.766,22.321,19.281,17.451,17.67,17.782,18.116,17.496,17.421,16.519,15.705,16.665,13.471,12.997,16.349,15.705,18.715,18.142,11.284,10.735,10.302,9.9688,9.5858,9.5066,9.6172,9.4909,9.6389,9.5602,9.3905,9.1834,9.1815,8.9722,9.2074,9.4463,9.462,10.585,10.502,10.654,10.363,10.723,10.95,10.793,11.053,11.146,11.341,11.412,11.172,11.284,9.4625,9.3448,9.0517,8.8691,8.5754,8.5958,8.5925,8.4247,8.3612,8.4628,8.2934,8.5451,8.4787,8.2113,9.1014,9.4775,9.8923,9.8815,9.7957,10.074,9.6487,9.7475,9.8553,9.8757,9.7957,9.9268,9.5795,9.6285,9.5269,9.4625,10.022,9.7906,9.4989,9.2829,9.0762,8.8625,8.8035,8.7051,8.6215,8.6596,8.5727,8.5032,8.4306,8.307,8.6559,8.8692,8.9949,9.2588,9.4209,9.5101,9.4387,9.4476,9.4799,9.6586,9.8506,9.8696,10.02,10.057,9.8687,10.022
28.512,6.2152,10.839,14.819,13.736,14.174,13.205,12.499,15.246,15.877,16.127,17.043,16.803,15.164,14.848,12.343,10.365,4.3443,8.5197,10.839,11.334,10.195,9.737,8.8869,10.365,5.7576,5.5094,8.8869,11.058,13.205,13.073,11.334,11.058,13.248,11.778,11.53,12.699,11.897,13.205,13.073,12.236,11.53,10.365,7.1843,8.7679,3.2049,2.7473,7.8289,9.3327,10.839,9.2255,10.365,9.737,10.107,10.365,10.365,10.107,10.365,10.448,14.572,12.499,22.752,23.458,25.884,26.454,25.692,26.312,26.04,26.771,26.585,25.038,25.281,24.719,23.192,22.219,19.814,17.582,17.551,17.829,18.256,17.502,17.551,17.371,15.782,16.083,13.248,12.747,16.649,15.484,19.093,18.494,9.8306,9.5341,9.0234,8.6604,8.3337,8.1584,8.3056,8.3372,8.2891,8.2323,8.019,7.9382,7.8784,7.8056,8.0617,7.9351,8.5072,9.1268,9.0734,9.1162,9.0272,9.2775,9.2208,9.37,9.7447,9.7763,9.9383,9.9807,9.6767,9.8306,8.2305,7.9864,7.6996,7.5215,7.4887,7.1928,7.3085,7.1959,7.2853,7.104,6.903,7.0676,7.236,7.1001,7.286,8.1154,8.2425,8.4559,8.4724,8.2534,8.4947,8.4832,8.5272,8.4469,8.5597,8.4793,8.399,8.2021,8.0827,8.2305,8.7583,8.4987,8.1391,7.9313,7.7175,7.5494,7.5807,7.454,7.3529,7.3158,7.2693,7.2352,7.2508,7.1751,7.4382,7.4726,7.7967,8.0087,8.1195,8.1838,8.2888,8.179,8.2372,8.3873,8.6355,8.7298,8.8295,8.907,8.6097,8.7583
28.532,9.1836,9.1836,13.206,13.845,14.132,13.416,13.991,15.122,15.716,16.426,18.02,17.395,14.777,14.302,11.796,7.1424,4.3024,9.2908,11.292,9.2908,10.797,10.065,9.1836,10.153,8.726,7.3127,9.6951,9.6951,14.302,13.163,11.488,11.292,13.537,13.075,13.206,14.235,12.194,13.537,11.855,12.457,11.796,11.736,7.7869,5.4674,2.1939,3.163,4.3024,9.2908,11.292,11.016,10.153,8.726,9.6951,9.2908,11.225,11.292,11.292,8.726,13.075,11.796,22.749,23.612,25.623,26.344,25.891,25.721,26.086,26.872,26.052,24.984,25.561,25.359,23.062,22.205,19.184,17.509,17.832,18.88,18.786,17.509,17.905,18.118,16.607,15.467,13.808,13.163,16.28,15.467,19.447,18.726,9.9881,9.9293,9.1653,8.8669,8.4,8.3846,8.4623,8.5476,8.5246,8.3673,8.2,8.059,8.1024,8.1092,8.0689,8.3689,8.6143,9.2858,9.3201,9.1058,9.1993,9.3792,9.6421,9.7632,9.5625,9.9499,10.268,10.21,10.064,9.9881,8.408,8.1222,7.8324,7.8593,7.4951,7.3302,7.5293,7.295,7.1568,7.276,7.2194,7.3136,7.4296,7.3249,7.3053,8.9333,8.5444,8.7572,8.7276,8.4294,8.8595,8.595,8.6522,8.7406,8.5867,8.5884,8.5767,8.5784,8.3138,8.408,8.9367,8.7143,8.3037,8.1371,7.8875,7.7116,7.8084,7.6333,7.5455,7.4972,7.4963,7.4114,7.3795,7.2995,7.6348,7.7634,7.9284,8.2017,8.2773,8.3011,8.4085,8.3649,8.4097,8.517,8.7404,9.0045,9.0367,9.0547,8.7701,8.9367
28.552,7.022,11.001,14.012,13.841,13.554,14.012,13.554,14.913,15.99,15.177,16.471,17.105,14.575,15.021,11.001,8.5543,2.4147,7.022,10.507,10.507,8.8928,9.0001,8.8928,9.8619,9.0001,5.8825,8.4353,11.001,14.012,14.012,9.8619,9.7742,11.446,12.915,12.366,13.043,11.505,11.565,12.915,10.726,12.166,10.934,8.187,8.187,5.425,1.9031,7.4962,8.5543,11.565,9.8619,8.8928,10.726,10.507,10.115,9.0001,8.8928,10.115,10.032,12.915,13.125,22.552,23.258,25.43,26.136,25.013,25.253,25.893,26.476,25.6,24.386,24.949,25.026,22.74,21.865,18.554,16.546,17.105,18.149,17.978,16.527,17.022,16.972,16.257,15.177,12.166,13.736,15.99,16.257,19.156,18.263,10.235,9.979,9.397,8.9056,8.7009,8.4448,8.7212,8.6584,8.7237,8.529,8.4279,8.3298,8.3512,8.1095,8.3308,8.575,9.008,9.4088,9.7995,9.6367,9.5082,9.5321,9.7773,9.9119,9.9772,10.143,10.278,10.357,10.169,10.235,8.6129,8.3595,8.1062,7.9525,7.8263,7.5435,7.5194,7.4597,7.4712,7.2088,7.5735,7.3969,7.3885,7.4306,8.2077,8.7397,8.8669,8.8533,8.9303,8.6537,8.7221,8.6998,8.942,8.7909,8.7052,8.8843,8.8163,8.6438,8.4882,8.6129,9.0982,8.8425,8.502,8.3322,8.1296,7.9646,7.9206,7.8033,7.7254,7.6886,7.6775,7.6118,7.5947,7.5002,7.7757,7.9194,8.181,8.4902,8.5166,8.6505,8.5426,8.4998,8.6071,8.6357,8.8265,9.0559,9.253,9.1473,8.9472,9.0982
28.572,7.2103,9.3587,13.099,14.845,13.762,14.095,13.913,14.963,16.753,16.675,17.855,17.463,15.078,14.963,12.525,7.2103,5.5354,8.7939,12.262,10.474,10.474,13.143,7.8549,8.7939,8.5457,4.3703,7.3806,11.084,13.274,13.484,10.865,11.864,11.923,13.099,13.099,13.605,11.864,13.762,12.773,11.36,11.804,11.36,6.2412,9.3587,4.3703,2.2618,8.5457,8.7939,11.804,8.9129,8.5457,11.804,8.9129,11.556,9.3587,10.221,10.865,10.391,13.401,12.525,22.641,23.819,25.321,26.037,25.448,26.338,25.691,26.93,26.873,24.766,25.131,24.708,22.273,22.141,19.262,17.608,18.186,18.507,19.262,17.84,18.088,17.855,15.535,16.086,12.525,13.274,14.963,16.615,18.794,18.186,10.366,10.083,9.6032,9.1471,8.8253,8.8104,8.7451,8.9863,8.9889,8.7692,8.7034,8.5161,8.5455,8.3031,8.6649,8.5696,8.938,9.7962,9.9459,9.7304,9.7871,9.8933,10.102,10.334,10.407,10.578,10.801,10.522,10.359,10.366,8.9664,8.7114,8.2845,8.3043,8.02,7.711,7.6129,7.6718,7.8269,7.5381,7.824,7.715,7.6792,7.7989,8.2643,9.0138,9.321,9.3327,9.0994,9.0313,8.8778,9.185,9.1169,9.2589,9.1599,9.1792,9.1845,9.1588,8.9255,8.9664,9.3293,9.0607,8.6739,8.543,8.2772,8.1146,8.1367,8.0032,7.9502,7.8822,7.8979,7.8151,7.7933,7.7646,8.0139,8.1802,8.4243,8.6642,8.7548,8.7678,8.7803,8.8516,8.779,8.856,9.0995,9.3341,9.376,9.4628,9.2,9.3293
28.592,7.8265,10.363,13.246,14.538,13.456,13.847,13.246,13.733,16.213,16.058,17.023,17.352,16.32,14.57,12.497,7.3523,5.2437,8.7655,12.233,11.332,11.332,11.056,7.8265,10.192,7.1819,8.5173,10.192,10.363,14.172,13.07,11.528,11.332,13.577,11.895,12.341,13.115,12.341,13.456,12.233,11.332,11.895,11.836,7.3523,6.2128,-3.7872,2.2334,6.2128,10.192,12.233,9.2231,10.192,10.192,9.2231,12.341,10.192,8.8845,11.836,9.3304,13.577,13.203,22.764,23.847,25.663,26.519,25.663,25.874,25.909,26.682,26.065,24.716,25.343,25.246,22.75,22.217,19.686,17.856,17.915,17.352,18.885,16.857,17.827,17.352,16.32,15.351,12.745,14.172,16.058,16.058,19.068,18.492,10.599,10.254,9.7946,9.4872,9.0631,9.0032,9.1464,9.1506,9.0639,9.0173,8.8585,8.7022,8.7063,8.5485,8.6584,8.7705,9.1965,9.8199,9.9796,10.015,9.9948,10.048,10.176,10.277,10.398,10.635,10.576,10.753,10.574,10.599,8.9393,8.688,8.4328,8.3291,8.1536,8.0343,7.9149,7.8526,7.8079,7.7753,7.8348,7.7984,7.7977,8.0868,8.3205,8.8759,9.1095,9.0593,9.293,9.063,9.1547,9.0666,9.1584,9.2814,9.162,9.0972,9.1287,9.3681,8.736,8.9393,9.5245,9.2889,8.937,8.7188,8.4991,8.3311,8.37,8.2087,8.1396,8.1093,8.0994,7.9929,8.0111,7.9302,8.1914,8.3041,8.6091,8.7441,8.948,8.953,9.0557,9.0443,9.054,9.1568,9.3702,9.435,9.6533,9.7051,9.4861,9.5245
28.612,8.8513,10.159,14.309,15.673,13.169,13.212,13.037,14.505,16.114,16.18,17.793,16.691,15.55,14.783,10.804,8.7323,5.4737,8.8513,10.329,10.412,10.329,9.1899,7.319,9.7014,8.484,7.1487,7.7932,10.412,14.536,13.082,10.804,10.412,12.712,13.422,12.712,12.2,13.169,13.169,11.494,11.494,11.862,10.159,9.1899,8.484,7.319,3.1693,6.1796,9.1899,10.329,10.071,10.159,9.7014,11.298,11.298,11.494,9.1899,11.743,10.071,13.169,13.422,23.276,22.831,26.041,26.613,25.782,25.827,26.216,27.009,26.253,24.584,25.278,24.953,23.225,22.438,19.768,17.882,17.467,17.515,18.328,17.882,16.989,17.336,15.841,16.613,13.212,13.037,16.691,16.114,19.124,18.012,10.704,10.382,9.9594,9.5103,9.2686,9.0695,9.1803,9.1967,9.2136,9.1281,8.9125,8.9564,8.8103,8.5596,8.749,8.9727,9.3563,10.065,10.27,10.195,9.9568,9.9244,10.034,10.396,10.458,10.546,10.794,10.511,10.512,10.704,9.1201,8.7968,8.7612,8.5836,8.3191,8.0981,8.1988,7.8359,8.0017,8.0762,7.935,8.021,8.1217,7.9774,8.1988,8.8875,9.5938,9.3728,9.2761,9.2525,9.0314,9.274,9.4991,9.42,9.1777,9.1753,9.2761,9.055,8.9759,9.1201,9.6364,9.3694,9.0918,8.8821,8.6801,8.5254,8.4121,8.2716,8.2554,8.2259,8.172,8.1292,8.102,7.9806,8.2964,8.4372,8.7153,8.8774,9.0947,9.158,9.0409,8.9727,9.2973,9.2712,9.4014,9.6558,9.7196,9.5777,9.5078,9.6364
28.632,7.801,10.42,13.089,14.316,13.551,14.146,14.512,14.761,17.409,17.327,17.89,16.718,15.136,15.024,11.239,8.2285,5.7297,9.3048,11.306,11.03,11.81,9.7091,7.1564,10.811,9.1976,8.2285,9.1976,10.811,13.045,14.041,11.306,11.502,13.177,13.22,13.43,12.315,11.869,11.81,13.551,12.671,12.262,11.869,6.1873,8.74,4.3164,3.177,6.1873,9.3048,11.306,10.167,10.167,8.4918,8.2285,11.81,8.4918,9.7091,11.306,10.167,14.041,12.208,22.425,23.81,25.089,25.761,25.79,26.224,26.019,26.65,27.144,25.086,25.881,24.868,22.446,22.471,20.034,18.492,18.336,18.453,18.568,17.276,18.453,17.555,15.481,15.481,14.512,12.471,15.024,16.231,18.752,18.655,10.842,10.57,10.146,9.7345,9.3614,9.2463,9.3196,9.4191,9.3172,9.2527,9.1481,8.9041,8.9782,8.7917,9.1867,9.0413,9.6813,10.211,10.3,10.121,10.244,10.061,10.522,10.639,10.552,10.729,10.905,10.818,10.711,10.842,9.1967,9.0082,8.9014,8.7338,8.3453,8.3031,8.369,8.3528,8.2781,8.1329,8.1498,8.1051,8.1938,8.3057,8.2932,9.135,9.5687,9.7118,9.4882,9.4027,9.3348,9.228,9.5586,9.7075,9.3838,9.3927,9.3802,9.2947,9.1755,9.1967,9.8681,9.6725,9.2802,9.0766,8.8242,8.6387,8.672,8.524,8.4525,8.4561,8.3888,8.3113,8.2901,8.2656,8.5089,8.6234,8.8788,9.0618,9.2209,9.2353,9.2452,9.2082,9.2796,9.3743,9.4954,9.7584,9.8795,9.8242,9.7232,9.8681
28.652,7.3728,10.213,13.223,15.264,14.59,13.223,13.868,14.837,16.277,16.168,17.847,16.821,15.318,15.528,11.856,7.2024,4.3625,7.847,11.352,9.3509,10.125,8.2745,7.847,10.125,8.2745,7.847,7.2024,10.383,14.087,13.905,11.915,11.352,13.091,13.597,10.857,11.856,13.135,13.223,12.254,10.857,11.548,8.2745,9.2436,7.847,3.223,2.2539,5.7757,9.2436,11.548,9.7551,10.213,9.3509,10.857,12.308,10.213,10.125,10.466,10.383,13.597,12.517,22.688,23.091,25.621,26.635,25.788,25.895,26.101,26.855,26.209,24.74,25.528,25.332,22.809,22.037,19.123,17.832,17.877,17.847,18.066,17.373,18.178,17.455,15.264,15.8,12.517,13.393,16.404,15.502,19.677,17.847,11.283,10.715,10.309,10.007,9.7704,9.4416,9.5582,9.758,9.6196,9.526,9.3922,9.2208,9.2315,9.1863,9.4142,9.5091,10.117,10.573,10.732,10.623,10.612,10.49,10.749,11.032,10.91,11.168,11.451,11.527,11.298,11.283,9.526,9.3689,8.9281,8.8059,8.519,8.3428,8.5036,8.3057,8.4295,8.3148,8.2524,8.2994,8.4233,8.3085,8.9547,9.0785,9.666,9.7898,9.8106,9.5359,9.5178,9.5725,9.6688,9.8514,9.6534,9.4555,9.7647,9.6477,9.3557,9.526,10.025,9.7877,9.4385,9.2263,8.9974,8.8237,8.846,8.7124,8.6133,8.5644,8.5759,8.5198,8.4981,8.3837,8.7527,8.8181,9.0563,9.3099,9.4508,9.5111,9.4871,9.4441,9.534,9.6149,9.6977,9.8787,10.085,10.094,9.8541,10.025
28.672,7.1382,10.148,12.19,14.526,13.329,14.128,13.159,15.463,17.05,16.603,18.128,17.456,14.772,15.736,12.701,8.8408,5.4633,8.7218,11.012,10.319,10.402,11.012,7.7828,8.7218,7.3085,7.1382,9.6909,10.793,13.412,14.742,10.793,12.653,12.19,11.484,12.19,13.329,12.653,13.027,13.159,10.148,13.027,10.148,6.1691,9.1794,5.4633,4.2982,9.1794,9.1794,11.288,10.793,8.8408,10.148,9.2866,11.221,8.4736,7.7828,11.288,9.2866,14.128,13.533,22.173,23.833,24.98,25.771,25.838,26.577,25.438,26.832,27.352,24.891,25.819,24.896,21.591,22.407,19.758,18.673,18.474,18.637,18.734,18.21,17.584,17.783,15.438,16.169,13.412,13.329,15.831,15.736,18.318,19.047,9.5702,9.3487,8.9472,8.6987,8.2379,8.1407,8.2409,8.238,8.2614,8.0611,7.9959,7.9307,7.7557,7.5647,7.7175,7.7944,8.2785,9.0873,8.9564,9.2322,8.9297,8.8958,9.1454,9.3287,9.6952,9.5291,9.9131,9.6084,9.5135,9.5702,8.2904,7.8384,7.8014,7.6042,7.2536,7.104,7.2543,7.1719,7.2651,6.9912,7.1356,7.0869,7.2767,7.0028,7.4375,8.2921,8.5373,8.4053,8.7194,8.5841,8.5256,8.4169,8.8177,8.6545,8.6255,8.4872,8.4938,8.2336,8.2502,8.2904,8.6822,8.4389,8.1374,7.9736,7.7397,7.5258,7.5181,7.4095,7.3982,7.2785,7.367,7.3008,7.2676,7.1323,7.4598,7.6051,7.8172,8.0642,8.14,8.1921,8.172,8.1751,8.2373,8.3624,8.5998,8.8058,8.8256,8.8019,8.6954,8.6822
28.692,9.3314,10.193,14.847,15.508,13.374,13.071,14.173,14.817,14.935,14.847,16.059,17.353,16.321,15.508,11.529,7.3533,3.2036,7.8275,10.364,11.529,10.364,9.2242,10.193,10.838,6.2139,5.508,10.193,10.364,14.817,11.837,11.529,10.838,13.578,14.847,12.697,13.374,12.498,13.578,11.837,11.057,10.193,10.446,11.057,7.3533,3.2036,4.343,5.2448,9.7357,11.333,9.2242,10.364,10.364,10.193,13.204,10.364,10.106,12.234,9.7357,14.343,11.896,23.546,23.481,26.677,27.303,25.78,25.823,26.082,26.653,25.124,23.649,24.33,24.988,24.293,22.697,18.48,15.78,16.588,17.024,18.518,17.501,17.183,17.183,17.077,16.588,12.498,14.067,17.501,15.875,20.364,17.797,10.024,9.5707,9.1534,8.745,8.5232,8.4925,8.3885,8.4267,8.484,8.5355,8.1657,8.227,8.0817,7.8737,8.1369,8.2794,8.74,9.2661,9.6436,9.4907,9.2426,9.1665,9.5716,9.6097,10.136,9.8586,10.057,10.195,9.8808,10.024,8.3865,8.2539,7.8968,7.696,7.6278,7.3891,7.2417,7.3418,7.2089,7.3903,7.1734,7.2706,7.1901,7.2101,7.2083,8.6354,8.5647,8.6184,8.5477,8.8676,8.4752,8.5977,8.6689,8.4008,8.5789,8.5082,8.5619,8.4357,8.2231,8.3865,8.8551,8.5631,8.3646,8.1381,7.994,7.8159,7.6486,7.5285,7.4806,7.5392,7.4942,7.4182,7.3773,7.2655,7.5163,7.7171,8.0045,8.2975,8.3446,8.4339,8.3668,8.2497,8.403,8.5472,8.7983,9.0153,8.9766,8.8863,8.8479,8.8551
28.712,6.8251,8.8663,13.22,13.918,13.016,13.985,13.49,14.887,16.29,16.444,16.684,17.588,14.578,14.693,11.984,5.3984,6.8251,7.8972,10.48,10.088,10.699,9.8354,8.8663,9.8354,8.8663,7.4697,7.8972,7.4697,13.49,13.985,10.975,11.538,10.975,12.34,12.14,13.099,12.14,11.931,12.713,10.48,10.975,10.699,7.4697,6.9955,2.8457,2.8457,8.1605,6.8251,11.479,8.8663,10.006,8.5277,9.3778,9.8354,9.8354,8.1605,11.538,10.908,11.419,12.34,21.984,23.645,24.738,25.569,25.465,25.797,25.524,26.358,26.366,24.846,25.323,24.757,22.114,21.989,19.938,16.501,18.004,18.274,18.161,17.223,16.928,17.559,14.805,15.15,12.713,13.985,15.701,16.444,18.469,18.409,10.177,9.8066,9.4442,8.9626,8.575,8.4579,8.7725,8.6655,8.7495,8.4743,8.4167,8.4012,8.211,8.0911,8.3307,8.2512,8.9883,9.4416,9.6563,9.5683,9.5658,9.6082,9.7397,9.8713,10.003,9.8958,10.086,10.276,10.111,10.177,8.6029,8.385,8.0855,7.9292,7.6624,7.4633,7.7884,7.4529,7.5614,7.3404,7.3378,7.2941,7.3253,7.274,7.6764,8.8465,8.5111,8.9347,8.8928,8.739,8.6046,8.7084,8.6063,8.8112,8.4106,8.5388,8.6553,8.5618,8.303,8.6029,9.0857,8.8325,8.507,8.3293,8.0726,7.8779,7.9257,7.8001,7.7243,7.6343,7.6556,7.5601,7.5435,7.502,7.765,7.9223,8.1659,8.3221,8.4223,8.5346,8.6358,8.5534,8.64,8.7553,8.7981,9.0932,9.2493,9.1265,8.9745,9.0857
28.732,7.3507,10.191,12.743,13.575,13.883,13.846,14.34,15.349,16.742,16.875,17.547,17.351,15.48,16.319,13.113,7.3507,7.3507,8.883,10.835,10.361,8.883,10.361,9.7331,10.103,6.2113,8.2525,8.883,10.835,13.069,13.244,9.7331,9.2216,11.893,12.232,13.575,13.732,12.339,14.34,12.695,12.339,11.774,10.835,7.3507,5.7537,5.7537,2.2319,7.1804,10.191,12.232,10.835,10.103,10.361,9.7331,10.103,11.33,8.5158,10.444,10.191,13.201,11.834,22.571,23.479,25.426,25.676,26.002,26.299,25.705,26.582,26.835,24.859,25.668,25.034,22.077,22.767,20.191,18.629,18.715,18.156,18.516,18.044,17.825,18.044,16.211,15.778,13.454,14.34,15.48,15.778,18.32,18.477,10.371,9.9944,9.4933,9.1418,8.8684,8.8722,8.8315,8.8077,8.8056,8.7935,8.6254,8.4673,8.4165,8.1954,8.4484,8.4665,9.0726,9.6464,9.6824,9.7106,9.5635,9.7467,9.8336,9.976,10.118,10.403,10.389,10.425,10.283,10.371,8.6876,8.4403,8.0363,8.0874,7.8704,7.8479,7.5564,7.5441,7.731,7.5998,7.4631,7.6206,7.5563,7.5064,8.0444,8.5824,8.9786,9.015,8.9475,8.7833,8.9164,8.8665,8.8854,8.9598,8.9786,9.0055,8.7248,8.7557,8.5084,8.6876,9.2271,8.9932,8.6885,8.4846,8.2401,8.0521,8.0223,7.8805,7.8533,7.8457,7.8374,7.7699,7.7392,7.6194,7.9735,8.0713,8.3323,8.6141,8.6359,8.7348,8.6459,8.7233,8.899,8.7515,9.0743,9.3821,9.2697,9.3751,9.1353,9.2271
28.752,9.3415,11.343,13.214,13.896,14.183,14.183,12.299,15.885,16.658,16.092,17.363,17.559,14.353,14.916,12.245,8.5285,6.224,9.2343,10.456,10.374,8.7767,11.343,8.5285,10.116,6.224,5.7664,9.7458,10.456,13.588,13.384,10.116,11.067,12.508,13.126,13.214,13.214,13.588,13.588,13.744,11.275,12.245,11.067,7.3634,7.1931,2.2446,-3.776,8.2652,9.2343,11.847,10.374,10.116,9.2343,9.3415,12.299,9.7458,10.203,10.203,10.374,14.077,13.858,22.179,23.647,25.266,26.056,25.885,26.056,26.346,27.052,26.568,24.857,25.554,25.012,22.584,22.415,20.247,17.956,17.701,18.169,18.333,17.838,17.838,17.38,15.718,16.394,13.467,13.588,16.477,15.79,18.801,18.896,10.68,10.112,9.6861,9.3292,9.1872,8.8858,9.048,9.0451,9.0721,8.9877,8.9292,8.7909,8.7521,8.5518,8.8791,8.9383,9.4874,9.9714,9.9973,9.9187,9.9566,10.063,10.178,10.263,10.426,10.73,11.034,10.918,10.543,10.68,8.9606,8.8206,8.2807,8.2687,8.0381,7.9494,7.8683,7.8402,7.8344,7.6704,7.7615,7.9039,7.9613,7.6752,8.0881,8.6428,9.1976,9.2887,9.163,9.0937,9.0605,9.2935,9.274,9.154,9.2452,9.4782,9.1057,9.2143,8.877,8.9606,9.4315,9.157,8.8613,8.6545,8.439,8.27,8.2582,8.1105,8.0567,8.0203,8.0377,7.9898,7.9261,7.8152,8.152,8.1743,8.607,8.7254,8.8002,8.963,8.8804,8.9533,8.9069,9.1066,9.1918,9.5371,9.5282,9.5294,9.3049,9.4315
28.772,6.9948,9.8348,13.814,14.18,13.709,13.376,13.098,13.814,15.422,15.79,16.289,16.386,14.577,14.548,11.478,7.8966,6.8245,8.1599,10.907,10.698,10.479,10.088,6.8245,8.8657,7.4691,6.8245,9.3772,8.8657,13.814,13.015,10.479,10.974,11.876,13.49,12.387,10.479,12.139,11.983,11.876,9.3772,10.974,11.537,8.8657,6.9948,3.9845,1.876,5.8554,8.1599,9.8348,9.8348,9.8348,10.479,11.418,11.17,10.005,8.1599,10.974,10.005,13.219,12.139,22.455,23.151,25.607,26.042,25.193,25.855,25.849,26.656,25.701,24.459,24.715,24.655,22.952,22.155,18.515,17.191,17.587,17.897,18.36,16.944,17.897,17.558,15.768,15.124,13.985,13.219,16.386,15.899,18.909,17.499,11.098,10.503,9.8903,9.5226,9.2192,9.0461,9.3376,9.287,9.2653,9.0975,8.9722,8.8042,8.8964,8.7379,8.8503,9.0601,9.5545,10.088,10.184,10.125,10.291,10.244,10.515,10.546,10.48,10.569,11.026,10.877,10.728,11.098,9.1259,9.1598,8.7402,8.4592,8.1538,7.9903,8.2497,8.0614,8.0502,7.9699,7.945,8.0123,7.9466,7.9907,8.1632,8.529,9.4139,9.4103,9.2911,9.2108,9.1304,9.1468,9.3295,9.3522,9.0824,9.2032,9.3502,9.201,9.0729,9.1259,9.689,9.4511,9.0721,8.84,8.5933,8.3596,8.5333,8.3609,8.2554,8.2188,8.2169,8.0682,8.102,8.0438,8.3864,8.5313,8.6862,8.9719,8.9979,9.0764,9.1249,9.2126,9.167,9.3468,9.4065,9.6115,9.8281,9.7836,9.5728,9.689
28.792,6.2136,10.105,14.539,15.162,13.247,13.734,13.848,14.343,15.875,16.802,16.725,17.303,15.298,15.508,11.332,8.5181,7.353,7.8273,11.332,10.193,10.105,9.7354,9.3311,10.193,9.3311,6.2136,8.8853,10.838,14.172,13.374,10.838,10.838,12.746,14.847,13.578,13.071,13.885,12.341,12.234,10.446,13.247,10.193,9.7354,7.353,3.2033,2.2342,7.1827,9.7354,11.837,9.3311,10.193,10.838,10.838,12.341,8.5181,9.2239,11.528,11.057,14.172,12.497,23.049,23.637,25.889,26.401,25.746,26.045,25.926,26.92,26.045,24.448,25.104,25.204,23.374,22.234,18.718,17.286,17.69,17.827,18.492,17.353,18.594,17.69,16.321,16.214,13.848,13.203,16.081,16.059,19.394,17.827,11.011,10.544,10.155,9.7558,9.4248,9.2471,9.4165,9.4105,9.3756,9.255,9.1011,9.036,8.9538,8.7324,8.9309,9.0604,9.3582,10.182,10.318,10.298,10.153,10.33,10.539,10.363,10.471,10.679,11.022,11.092,10.747,11.011,9.2733,9.0436,8.7795,8.6112,8.3385,8.2089,8.2244,8.3271,8.3328,8.084,8.2861,8.1804,8.4387,8.3577,8.8134,8.9298,9.6518,9.7682,9.5258,9.5686,9.332,9.6491,9.4681,9.5326,9.6829,9.5543,9.5676,9.6979,9.2221,9.2733,9.846,9.5786,9.2484,9.0488,8.8054,8.6317,8.6576,8.5106,8.4236,8.4215,8.3672,8.2984,8.3187,8.2435,8.6025,8.6298,8.9127,9.0992,9.2071,9.278,9.3554,9.3061,9.3779,9.3895,9.5704,9.7757,9.9944,9.9047,9.7651,9.846
28.812,7.8127,10.349,14.556,15.036,13.101,13.189,12.683,16.044,15.569,15.86,16.881,16.862,16.111,15.337,12.731,8.2402,6.199,8.2402,11.822,10.091,10.349,8.8707,9.7208,11.042,8.7517,7.8127,11.042,11.318,14.802,13.563,10.178,11.318,13.442,14.524,13.056,13.056,12.274,14.328,13.232,11.881,11.042,10.431,9.3165,5.4932,2.7311,0.17838,5.4932,9.3165,10.823,10.823,11.042,10.091,11.822,11.762,10.178,8.2402,12.731,9.2093,13.563,12.327,22.901,23.563,25.801,26.489,25.765,26.051,25.849,26.888,26.272,24.524,25.075,24.787,23.123,22.483,20.01,17.486,18.032,18.347,18.703,17.613,17.813,17.486,16.573,16.306,13.871,14.158,16.787,16.044,19.584,17.857,11.195,10.879,10.201,9.877,9.4996,9.3673,9.4617,9.6307,9.603,9.4667,9.2936,9.1249,9.2263,8.9833,9.2834,8.8293,9.8041,10.135,10.362,10.656,10.326,10.557,10.581,10.821,10.78,11.052,11.21,11.292,10.977,11.195,9.653,9.338,8.9065,8.9779,8.614,8.4744,8.6509,8.3359,8.3693,8.2441,8.583,8.2047,8.403,8.3467,8.6965,9.7549,9.641,9.806,9.9095,9.6945,9.8181,9.7181,9.954,10.122,9.7896,9.7409,9.8719,9.8232,9.4603,9.653,9.981,9.8139,9.4349,9.1925,8.8928,8.7314,8.8132,8.7149,8.5731,8.524,8.5123,8.3843,8.4052,8.3602,8.6335,8.7343,9.084,9.154,9.2991,9.4513,9.4143,9.4104,9.5823,9.4703,9.6865,9.7604,10.022,9.9547,9.7965,9.981
28.832,4.8458,9.9646,13.335,14.507,13.449,12.672,12.298,14.418,15.858,15.749,17.037,16.346,14.536,15.185,12.347,8.1194,5.3573,7.4286,11.13,11.497,10.047,9.9646,8.8252,9.7943,7.8561,5.8149,8.4866,9.7943,12.848,13.774,10.658,10.934,12.099,12.805,12.099,12.975,9.9646,13.774,12.672,11.497,10.934,10.658,8.8252,8.8252,2.8046,2.8046,6.784,9.3367,10.934,10.439,9.7943,9.9646,10.934,11.13,10.658,9.7943,10.439,9.9646,13.449,10.658,21.841,23.316,25.063,25.511,25.36,26.159,25.272,26.723,26.433,24.829,25.22,24.589,22.352,22.298,20.047,16.954,18.792,17.429,18.693,17.547,16.678,17.292,15.922,15.381,13.179,12.975,16.326,16.459,18.693,18.119,11.401,11.084,10.443,10.092,9.7331,9.6004,9.6724,9.6966,9.76,9.6122,9.4649,9.3686,9.3573,9.2159,9.4074,9.3648,10.276,10.537,10.577,10.538,10.862,10.661,10.666,10.869,10.891,11.235,11.273,11.318,11.298,11.401,9.7008,9.545,9.1542,9.0414,8.7751,8.4649,8.6701,8.463,8.4607,8.5242,8.3754,8.4009,8.4424,8.3947,8.9905,9.5863,9.8604,9.9926,9.6056,9.5547,9.6037,9.7534,9.8856,9.7173,9.682,9.725,9.774,9.7919,9.4193,9.7008,10.216,9.9895,9.6306,9.3587,9.088,8.9422,9.0322,8.8969,8.7937,8.762,8.6916,8.6209,8.5915,8.5407,8.8667,8.9973,9.1733,9.3832,9.5392,9.5526,9.6388,9.6719,9.5429,9.7436,9.9086,10.026,10.186,10.27,10.053,10.216
28.852,6.8747,10.957,13.864,14.539,13.066,12.389,13.148,14.509,15.2,16.339,16.787,17.062,15.276,15.044,10.53,6.8747,5.1998,8.9159,9.885,10.138,9.4274,9.0232,7.5193,10.138,6.8747,7.5193,9.885,11.024,13.864,14.035,11.529,10.055,13.27,12.438,11.926,12.939,11.588,12.438,12.19,9.885,11.024,10.53,9.0232,8.9159,5.1998,-0.11498,4.9365,8.5773,10.749,8.4583,11.024,10.055,8.9159,11.22,9.4274,7.0451,10.53,9.0232,13.759,13.148,22.571,23.426,25.555,26.369,25.19,25.555,26.009,26.25,25.553,23.974,24.518,24.928,22.934,21.975,19.023,17.128,16.28,17.738,18.577,16.875,17.062,17.128,16.28,16.076,13.864,13.723,16.076,15.751,19.494,17.608,9.991,9.6465,9.1222,8.8147,8.4507,8.2776,8.3553,8.5141,8.4471,8.3688,8.145,8.0011,8.0508,7.8902,8.2032,8.3811,8.7189,9.2249,9.3441,9.4198,9.2607,9.4111,9.6997,9.6237,9.8413,9.8773,9.9377,10.143,9.8543,9.991,8.4198,7.9903,7.8163,7.7205,7.4524,7.4065,7.4032,7.2918,7.2687,7.2193,7.0756,7.0637,7.3112,7.2543,7.6948,8.4308,8.4845,8.8367,8.6432,8.4658,8.464,8.5177,8.7688,8.7194,8.3746,8.6257,8.5407,8.5669,8.3189,8.4198,8.8422,8.5631,8.3446,8.0664,7.8942,7.6988,7.6474,7.5358,7.4232,7.4864,7.4613,7.3521,7.3492,7.2035,7.5501,7.684,7.8719,8.1319,8.267,8.3409,8.279,8.236,8.4503,8.4842,8.5989,8.9419,8.8768,8.9449,8.7514,8.8422
28.872,8.4082,10.005,13.527,14.459,13.917,13.016,13.49,14.181,15.768,16.289,17.078,16.995,14.212,15.124,10.698,8.16,5.1497,8.5272,8.8658,9.8349,10.974,8.973,6.8246,9.8349,8.16,5.3979,10.088,10.088,14.181,13.709,12.139,11.983,12.339,12.139,13.098,13.098,11.93,13.376,12.713,10.088,11.538,10.479,6.9949,7.8967,2.8452,1.8761,5.3979,10.974,11.876,8.973,8.4082,10.974,8.973,11.983,8.16,8.973,11.93,10.005,14.459,13.219,22.25,23.279,25.173,25.894,25.68,25.608,25.628,26.489,25.855,24.646,25.059,24.444,22.455,21.86,19.036,17.191,17.454,17.469,18.408,16.945,17.469,17.688,16.537,15.701,13.527,12.388,15.226,15.899,18.468,17.964,10.168,9.7782,9.1949,8.888,8.6121,8.6168,8.6316,8.5744,8.6267,8.4816,8.4266,8.3148,8.2046,8.0538,8.1652,8.6036,8.9008,9.4137,9.5195,9.6485,9.5802,9.3738,9.7139,9.805,9.7154,10.063,10.149,10.185,10.025,10.168,8.4351,8.2108,8.0689,7.8026,7.6041,7.5748,7.5949,7.4034,7.4969,7.3276,7.513,7.4946,7.4196,7.3588,7.4224,8.4134,8.9406,8.8069,8.7461,8.841,8.6935,8.7016,8.852,8.8152,8.6914,8.863,8.7155,8.6548,8.2824,8.4351,9.0197,8.7534,8.4544,8.2746,8.0435,7.8848,7.8578,7.7407,7.7009,7.6052,7.6517,7.5855,7.4984,7.4613,7.7948,7.8887,8.1801,8.3378,8.4936,8.6458,8.5423,8.4411,8.549,8.7546,8.8362,9.1063,9.1682,9.1715,8.9276,9.0197
28.892,9.3774,10.152,13.503,15.209,13.42,13.78,13.503,15.554,15.398,16.367,17.674,17.595,15.528,15.291,10.152,7.229,6.2599,7.229,10.41,10.239,10.239,10.152,9.2702,10.239,9.2702,7.3993,9.3774,10.884,13.894,12.743,11.883,10.884,13.42,13.117,12.28,13.117,13.162,12.544,11.575,11.942,11.311,10.884,9.3774,7.3993,5.2908,-0.72983,7.3993,8.3011,11.883,10.884,8.5644,8.9316,9.7817,12.544,11.575,10.41,10.239,11.311,13.162,13.117,22.911,23.592,25.935,26.62,25.826,25.984,25.822,27.07,25.973,24.436,25.172,24.893,23.357,22.544,19.27,17.399,17.595,18.408,18.107,17.141,17.859,17.962,16.634,16.172,13.624,13.25,16.904,16.194,19.492,18.564,10.302,10.014,9.5576,9.1586,8.892,8.5832,8.8458,8.8694,8.8789,8.8014,8.6264,8.4794,8.4471,8.2003,8.486,8.4499,9.2372,9.6648,9.933,9.8105,9.7745,9.5966,9.8823,10.026,10.17,10.258,10.388,10.505,10.327,10.302,8.7587,8.5346,8.1057,8.0297,7.8804,7.5381,7.7106,7.6834,7.7594,7.5934,7.5128,7.6475,7.6959,7.3634,8.1004,8.64,8.9822,8.9338,9.0468,8.8227,8.7368,8.9012,8.812,9.1066,9.029,8.7356,9.0779,8.8321,8.5863,8.7587,9.2507,8.982,8.6833,8.457,8.2443,8.0548,8.0825,7.9754,7.8769,7.8713,7.8426,7.7975,7.7783,7.6894,7.9834,8.1259,8.4023,8.5973,8.7181,8.702,8.789,8.7193,8.8133,8.87,9.1292,9.3277,9.3559,9.4303,9.2324,9.2507
28.912,9.2648,8.9262,13.497,14.611,13.112,12.787,14.384,15.549,16.425,16.688,17.622,18.087,15.285,14.888,12.382,9.2648,7.2236,7.2236,10.879,11.569,10.234,10.234,8.559,10.234,9.2648,7.8682,10.404,8.559,13.926,14.976,9.7764,11.373,13.244,13.287,13.926,12.329,13.926,13.618,12.538,11.818,11.373,10.879,9.3721,8.9262,5.5487,0.23393,7.394,10.404,10.234,9.2648,9.3721,10.234,7.394,11.937,11.569,7.394,9.7764,11.306,14.384,12.787,22.709,23.385,25.799,26.444,25.751,26.169,25.997,26.663,26.345,24.333,25.51,24.976,23.076,22.237,19.609,17.542,18.214,18.363,18.521,16.629,18.363,17.957,16.425,16.167,13.618,13.775,16.362,16.362,19.265,18.087,10.609,10.143,9.5323,9.2943,9.1083,8.9862,9.016,8.896,9.0026,8.9807,8.8188,8.7149,8.5986,8.394,8.4745,8.8813,9.1774,9.7952,9.8906,9.8586,9.936,9.9103,9.8458,10.219,10.373,10.288,10.699,10.874,10.364,10.609,8.7772,8.7358,8.4794,8.2828,7.9462,7.9047,7.8633,7.7185,7.7549,7.7347,7.6202,7.6375,7.6929,7.3996,7.8663,9.1215,9.007,9.1629,8.8686,8.9515,9.145,8.9374,9.1447,8.9381,9.1093,9.2135,8.8503,8.9332,8.57,8.7772,9.4333,9.1611,8.844,8.6261,8.4244,8.2364,8.2375,8.0902,8.0221,7.9705,7.9548,7.9244,7.9136,7.8221,8.0546,8.3133,8.5028,8.7204,8.8226,8.8173,8.9379,8.8213,9.0179,8.989,9.2567,9.3884,9.528,9.4436,9.2866,9.4333
28.932,7.0143,8.8851,12.159,14.567,13.509,13.239,12.159,14.567,15.417,16.519,17.014,16.844,14.232,15.417,12.908,5.4173,5.4173,8.9924,9.3967,10.499,10.718,10.994,8.8851,9.8542,8.5466,7.4885,9.3967,10.107,13.546,12.732,10.718,9.8542,12.358,12.908,11.557,11.949,11.895,12.732,12.159,12.159,10.107,10.107,6.8439,6.8439,7.0143,2.8645,5.169,8.9924,9.8542,10.499,9.3967,10.107,9.3967,10.718,8.5466,11.438,11.498,8.8851,13.118,12.159,22.358,23.528,25.46,25.937,25.169,25.555,25.648,26.386,25.918,24.463,24.917,24.596,22.431,22.235,19.897,17.289,17.097,17.014,18.82,17.242,18.023,17.289,15.143,15.169,13.834,12.777,14.906,15.143,18.939,18.452,10.737,10.314,9.9128,9.5142,9.1179,9.0747,9.1327,9.218,9.2179,9.1444,8.8492,8.748,8.7062,8.5766,8.8414,8.5851,9.2138,9.9533,10.15,9.9098,10.067,10.126,10.308,10.474,10.482,10.565,11.111,10.911,10.673,10.737,9.2497,9.0798,8.49,8.3961,8.1095,8.0536,8.1543,8.0297,7.9571,7.8779,8.0119,8.0197,7.935,7.8558,8.2227,9.3062,9.3038,9.4384,9.2485,9.2661,9.1281,9.5071,9.3295,9.4814,9.1858,9.1299,9.2676,9.1514,8.9738,9.2497,9.6074,9.3853,8.9824,8.8225,8.5486,8.3668,8.4505,8.3278,8.2123,8.1929,8.1958,8.0777,8.0898,7.9747,8.2925,8.4266,8.6108,8.8713,8.8518,9.0019,9.0248,9.1343,9.0998,9.1985,9.3818,9.6302,9.7368,9.5905,9.4483,9.6074
28.952,9.7647,11.362,15.192,16.088,13.403,13.763,14.372,15.079,15.381,15.537,17.465,17.332,15.809,15.511,12.775,8.5473,7.212,9.2532,12.317,11.086,11.294,10.393,8.2841,11.294,8.5473,8.5473,8.9146,9.7647,14.372,14.372,12.263,11.558,12.775,14.202,13.1,12.775,12.726,13.233,11.362,8.5473,9.2532,11.086,10.867,6.2429,4.372,3.2326,7.212,9.7647,11.362,10.222,10.135,10.867,10.393,12.317,10.475,9.2532,12.371,9.3604,14.202,12.726,23.539,23.233,26.254,26.941,25.621,25.648,26.122,26.617,25.341,24.096,24.846,25.426,24.202,22.263,19.506,17.382,17.212,16.754,19.36,17.842,17.857,17.212,16.177,17.106,14.372,13.403,17.465,15.904,19.765,17.657,10.972,10.383,10.08,9.6953,9.4932,9.2201,9.2776,9.4095,9.4016,9.2933,9.1844,9.0232,8.996,8.8012,9.1226,9.0572,9.8034,10.125,10.446,10.395,10.162,10.217,10.663,10.521,10.623,10.777,11.044,11.059,10.861,10.972,9.2975,9.1658,8.7386,8.5301,8.4181,8.255,8.1415,8.1598,8.2175,8.2832,7.9979,8.2019,8.3076,8.016,8.0737,9.3117,9.5668,9.6801,9.669,9.5848,9.3763,9.5484,9.5474,9.5363,9.8349,9.441,9.5855,9.377,9.0993,9.2975,9.7444,9.4572,9.202,8.9879,8.7985,8.6665,8.5428,8.3753,8.3248,8.3682,8.3124,8.2123,8.1649,8.1016,8.4034,8.6009,8.7349,8.9934,9.2205,9.2264,9.1043,9.1377,9.3248,9.2816,9.6467,9.7632,9.9607,9.7842,9.5937,9.7444
28.972,8.8745,9.7246,13.874,14.895,14.528,13.567,14.332,14.895,15.745,15.864,17.342,17.68,15.745,15.234,13.192,5.7452,5.7452,7.1719,11.322,11.885,10.182,10.435,8.5072,10.435,9.2131,8.244,9.7246,9.2131,15.151,13.236,11.046,11.254,13.105,13.236,13.105,11.254,13.06,13.06,10.435,11.766,11.322,10.827,9.7246,5.2337,4.3319,0.18215,8.5072,9.3203,11.322,9.3203,10.435,9.2131,10.182,10.435,9.7246,10.352,11.322,10.827,13.236,11.826,22.802,23.446,26.035,26.819,25.75,25.657,26.19,27.081,25.58,24.607,25.039,25.146,23.179,22.191,19.725,16.847,16.734,17.359,17.816,16.456,17.359,17.342,16.714,15.745,14.265,14.332,16.791,16.246,19.647,17.801,10.979,10.684,10.28,9.7801,9.5626,9.3785,9.4079,9.5597,9.5787,9.4177,9.2478,9.1468,9.028,8.8903,9.2163,9.0786,9.7263,10.232,10.361,10.264,10.103,10.33,10.716,10.612,10.659,10.843,11.169,11.032,10.93,10.979,9.4529,9.161,8.9599,8.8584,8.5576,8.3564,8.5224,8.3723,8.26,8.3371,8.2603,8.3153,8.1973,8.3179,8.3141,9.0227,9.5302,9.7588,9.7926,9.5777,9.5442,9.5284,9.649,9.7261,9.5684,9.6335,9.5054,9.8091,9.3271,9.4529,9.9127,9.7166,9.3702,9.1655,8.9181,8.7581,8.756,8.6166,8.543,8.5208,8.5004,8.3839,8.3818,8.3032,8.5894,8.8011,9.0549,9.1999,9.304,9.4722,9.4055,9.3265,9.3994,9.5279,9.7983,9.8712,10.065,9.9042,9.8582,9.9127
28.992,7.0834,10.094,12.934,15.212,13.615,12.228,13.464,13.797,15.789,15.812,17.083,16.626,15.486,15.812,10.176,9.9233,6.913,7.9851,11.063,9.9233,10.176,9.4657,7.9851,8.6156,6.913,5.4863,8.4966,10.568,14.636,13.308,11.063,10.176,14.006,12.072,10.787,12.072,12.801,12.428,11.063,12.934,10.176,9.4657,8.2484,7.0834,1.9645,2.476,4.0731,9.0615,9.8356,9.9233,11.259,7.5576,9.0615,11.063,11.507,8.9542,11.259,9.0615,12.977,12.428,22.725,23.112,25.44,26.032,25.342,25.401,25.785,26.221,25.594,24.146,24.556,24.577,23.141,22.202,18.557,17.903,17.033,17.1,18.324,17.602,17.311,17.311,15.238,15.605,13.187,13.761,16.589,15.605,18.697,17.944,11.409,10.896,10.331,10.071,9.7547,9.6149,9.7815,9.6871,9.7352,9.7265,9.507,9.3196,9.3254,9.2523,9.2736,9.4334,9.9583,10.767,10.773,10.53,10.69,10.615,10.96,11.006,10.864,11.389,11.271,11.533,11.199,11.409,9.6602,9.484,9.0175,8.9399,8.7317,8.3422,8.6318,8.635,8.5492,8.3434,8.5754,8.4307,8.4611,8.7153,8.3297,9.7122,9.7214,10.011,9.933,9.7448,9.8015,9.7732,10.076,9.9016,9.5891,9.7226,9.753,9.9205,9.5219,9.6602,10.138,9.8882,9.5754,9.3311,9.0777,8.903,8.9582,8.824,8.6874,8.7026,8.6778,8.538,8.5484,8.5335,8.8526,8.92,9.1753,9.461,9.5073,9.5955,9.6455,9.5518,9.6422,9.6939,9.8628,9.9595,10.158,10.225,9.9926,10.138
29.012,8.548,9.7653,13.276,15.538,13.404,13.486,13.607,15.274,15.538,16.178,17.466,17.333,15.905,14.6,10.476,9.7653,4.3726,8.548,11.866,11.558,11.925,10.476,7.3829,10.223,9.7653,3.2332,9.2538,9.361,14.097,13.233,10.135,11.086,13.276,13.145,12.371,12.527,12.264,12.371,13.233,11.866,11.362,11.806,9.361,8.9152,3.2332,5.2744,6.2435,9.361,11.362,9.2538,11.086,10.223,8.9152,12.527,9.7653,9.2538,10.223,9.7653,14.202,11.925,22.78,23.289,25.912,26.211,26.102,25.986,26.075,26.907,26.22,25.017,25.178,25.2,23.078,22.377,19.476,17.125,17.902,17.902,18.352,17.383,17.902,17.611,16.414,16.925,14.936,15.192,15.905,16.497,19.717,18.352,10.022,9.6009,9.1758,8.6546,8.4729,8.1891,8.556,8.5252,8.4254,8.3698,8.2817,8.0977,7.989,7.9782,7.9336,8.3308,8.7889,9.419,9.3298,9.3086,9.1855,9.426,9.5328,9.5273,9.788,9.5851,10.168,10.176,9.9928,10.022,8.4568,8.2823,7.8268,7.6614,7.5069,7.2079,7.3296,7.2756,7.263,7.2147,7.2519,7.1111,7.5207,7.2011,7.5648,8.4068,8.4634,8.7726,8.5211,8.5953,8.7426,8.5287,8.7419,8.7187,8.8404,8.5753,8.6319,8.8304,8.4234,8.4568,8.7922,8.5826,8.2487,8.0459,7.7649,7.6139,7.6574,7.5248,7.442,7.4319,7.3829,7.2821,7.2787,7.224,7.5038,7.6678,7.8415,8.1275,8.1769,8.2335,8.3516,8.3181,8.2922,8.4218,8.5795,8.7655,8.8431,9.0129,8.7062,8.7922
29.032,8.4016,9.3707,13.808,13.702,13.369,13.702,12.706,15.143,16.36,16.36,17.071,17.849,15.117,14.206,12.751,8.5206,6.9883,6.9883,11.472,9.9986,10.9,9.9986,6.8179,8.5206,7.4625,7.89,9.3707,10.968,13.092,12.882,10.692,11.164,12.133,13.009,11.869,13.483,12.133,12.751,12.133,10.968,10.692,10.081,5.143,9.8282,3.978,3.978,6.8179,9.8282,10.968,9.3707,9.8282,8.1533,10.692,11.977,8.1533,7.4625,10.9,10.968,13.213,12.133,22.386,23.096,25.451,26.155,25.343,25.888,25.256,26.744,25.937,24.24,24.567,24.509,22.777,22.024,19.767,16.659,17.957,17.849,17.808,17.581,17.136,16.493,15.783,15.694,13.092,13.213,15.849,15.51,18.956,18.402,10.171,9.6559,9.321,8.8968,8.6797,8.5108,8.5943,8.6009,8.6265,8.5754,8.4258,8.1669,8.2492,8.0981,8.2538,8.2259,8.8506,9.443,9.4792,9.4475,9.4519,9.4563,9.7094,9.8234,9.8701,10.058,10.328,10.333,9.9857,10.171,8.2976,8.3668,7.7786,7.7864,7.6443,7.4367,7.3565,7.3088,7.261,7.437,7.3856,7.3068,7.3025,7.2811,7.6027,8.1216,8.9799,8.7135,8.5715,8.5024,8.4159,8.5363,8.7197,8.6546,8.5225,8.3916,8.5301,8.5299,8.2887,8.2976,9.0116,8.8108,8.4649,8.2371,7.9835,7.7896,7.838,7.7229,7.618,7.6485,7.5728,7.4318,7.4475,7.4159,7.7315,7.87,8.0773,8.2952,8.45,8.524,8.5777,8.6022,8.6607,8.7386,8.7377,9.0568,9.1581,9.2059,8.9475,9.0116
29.052,7.5252,10.144,13.432,14.545,13.87,14.268,13.432,14.604,15.454,16.019,16.345,17.051,15.912,14.041,13.072,7.051,5.2058,5.9116,10.755,11.03,10.755,10.144,8.5833,10.144,10.536,5.2058,10.144,10.755,14.515,13.154,9.4334,11.226,12.195,12.944,13.432,12.901,13.583,12.769,12.039,10.755,11.226,10.144,9.0291,6.8807,2.9013,4.0407,5.9116,8.2161,10.061,9.891,11.594,10.536,10.963,13.154,9.4334,11.226,10.755,11.226,13.154,11.475,22.796,23.072,25.79,26.439,25.369,25.968,25.531,26.218,25.773,23.932,24.793,24.63,23.413,22.276,19.355,17.525,17.279,17.051,18.464,16.739,17.744,17.388,16.345,16.345,12.944,13.546,15.912,15.206,19.604,18.02,10.314,10.002,9.4719,8.9267,8.8463,8.6341,8.7311,8.7776,8.749,8.6744,8.4992,8.3907,8.3299,8.1622,8.2987,8.5041,9.0567,9.4383,9.626,9.6558,9.4369,9.4393,9.9264,10.083,9.7957,10.236,10.313,10.315,10.138,10.314,8.5996,8.4216,8.3349,8.0572,7.8355,7.6472,7.5898,7.5557,7.5574,7.5039,7.4034,7.4107,7.3235,7.1793,7.3881,8.8284,9.2346,8.7611,8.8493,8.6499,8.7022,8.6871,8.8127,8.8362,8.7667,8.5886,8.6694,8.5689,8.3474,8.5996,9.2102,8.9364,8.6108,8.4328,8.2225,8.0783,7.993,7.8602,7.7937,7.8063,7.8131,7.6861,7.6691,7.5801,7.8538,7.973,8.2527,8.4857,8.585,8.6666,8.6577,8.669,8.7794,8.8348,9.1368,9.202,9.3424,9.1791,9.0597,9.2102
29.072,9.214,9.3212,13.838,15.574,13.724,13.193,13.568,15.865,16.734,16.204,16.792,16.715,15.698,15.746,13.875,7.3431,7.3431,5.2346,11.886,10.436,10.095,10.183,11.323,10.436,8.5082,7.8174,10.095,10.353,14.057,13.838,10.828,11.827,12.224,14.561,12.224,12.736,12.332,11.886,12.488,10.436,11.047,8.8754,7.8174,8.2449,0.18309,2.2243,7.1728,8.8754,11.047,9.214,8.8754,11.047,9.214,12.736,9.7255,8.7564,10.828,11.886,14.333,13.875,22.76,23.705,26.215,26.715,25.591,26.243,25.9,26.837,25.921,24.406,24.695,25.152,23.088,22.564,19.225,17.343,18.149,16.867,18.312,17.343,17.817,17.817,16.049,16.715,13.364,14.162,16.867,16.578,19.588,18.508,10.664,10.066,9.6312,9.2135,8.9621,8.7302,9.0588,9.0282,8.9529,8.8541,8.8213,8.6653,8.5848,8.5144,8.6153,8.8447,9.4648,9.8874,9.8872,9.835,10.177,10.011,10.365,10.188,10.056,10.516,10.755,10.787,10.515,10.664,8.9232,8.664,8.3896,8.1792,7.9147,7.6773,7.7928,7.8312,7.6473,7.6983,7.6485,7.6669,7.6692,7.8123,8.0385,8.9082,9.3143,9.0536,9.072,9.0656,9.1267,9.1451,9.1388,9.0432,8.8058,8.8901,9.0332,9.0355,8.697,8.9232,9.4512,9.17,8.7495,8.5709,8.2779,8.0856,8.256,8.1496,8.0074,7.8986,7.9338,7.8136,7.8533,7.8451,8.0409,8.1285,8.3791,8.7421,8.6918,8.785,8.9924,8.9057,8.8757,9.0332,9.1439,9.3235,9.5085,9.5401,9.3115,9.4512
29.092,9.2249,10.364,13.117,14.818,13.457,14.572,14.276,14.907,16.859,16.648,17.858,16.648,14.907,16.385,13.579,8.5191,4.3438,8.2558,11.333,11.529,11.058,11.529,7.8283,7.1837,7.1837,7.3541,8.2558,10.447,13.886,13.457,11.897,11.266,13.117,12.342,13.204,13.248,12.698,11.897,13.248,12.499,10.839,10.447,7.1837,7.3541,3.2043,0.19404,7.3541,9.3322,9.2249,10.839,9.3322,10.194,8.5191,11.778,10.106,9.7365,10.839,11.333,13.204,13.579,22.747,23.61,25.014,25.895,25.776,26.076,26.055,26.786,26.726,24.988,25.483,25.172,21.808,22.342,20.035,17.917,18.633,17.873,19.332,17.354,17.354,17.354,15.163,16.127,14.173,15.299,16.082,16.468,18.323,19.322,10.555,10.516,9.7637,9.5166,9.1574,8.923,9.1078,9.1089,9.1603,8.9588,8.8784,8.6308,8.744,8.5478,8.8726,8.6622,9.236,9.66,10.015,9.8724,9.8628,10.034,10.03,10.389,10.083,10.507,10.54,10.655,10.41,10.555,8.9186,8.8513,8.6189,8.2759,8.0122,8.0214,7.9161,8.0771,7.9102,7.8542,7.95,7.8198,7.7238,7.8306,7.8645,9.2029,9.0948,9.1705,9.1492,8.9755,9.0373,9.0575,8.9282,9.2362,9.0038,9.0931,8.9438,8.9676,8.7176,8.9186,9.5972,9.329,8.967,8.7349,8.5211,8.348,8.4145,8.2786,8.1837,8.1054,8.1447,8.0521,8.0184,7.9953,8.25,8.3928,8.612,8.7924,8.9037,8.9949,9.1686,9.0936,9.1098,9.1789,9.2838,9.5305,9.6808,9.6038,9.4678,9.5972
29.112,7.3677,11.071,13.592,14.921,13.9,14.082,13.471,15.771,16.228,16.662,17.3,16.662,14.832,15.313,12.249,7.1974,7.3677,7.842,11.91,11.28,11.071,11.851,10.12,10.378,8.5328,7.842,9.7501,10.852,13.863,14.357,11.347,12.249,13.471,13.863,12.76,12.76,13.261,11.91,12.76,12.712,11.851,10.12,9.7501,5.5225,2.7604,0.20767,7.1974,9.2386,11.347,10.208,8.2695,11.347,10.208,11.91,8.9,9.7501,11.91,11.347,12.512,11.851,22.865,23.729,25.878,26.204,25.878,26.204,25.678,26.436,26.282,24.685,25.294,25.497,22.76,22.471,19.902,17.931,18.075,17.96,18.187,17.45,17.96,17.595,16.399,16.336,12.512,13.749,16.892,14.921,19.583,18.646,10.81,10.371,10.019,9.5385,9.4193,9.1612,9.1974,9.2314,9.2598,9.2027,9.0989,8.8999,8.713,8.6447,8.957,9.1273,9.5639,10.015,10.079,10.093,10.032,10.148,10.424,10.47,10.661,10.374,10.925,10.857,10.706,10.81,9.1238,9.1013,8.6961,8.5785,8.4418,8.08,8.2241,7.9388,8.2059,7.8911,7.8032,8.0099,8.1118,7.8152,8.1358,9.165,9.2669,9.5107,9.3463,9.2508,9.1729,9.4722,9.3767,9.4639,9.244,9.1808,9.2594,9.0804,8.9081,9.1238,9.6987,9.4686,9.1486,8.9294,8.73,8.5108,8.5277,8.3795,8.3252,8.3059,8.2363,8.161,8.1315,8.0297,8.4065,8.5961,8.7621,8.9724,9.0878,9.1211,9.1299,9.0947,9.1247,9.3238,9.4702,9.5461,9.8219,9.6812,9.4663,9.6987
29.132,9.2398,10.209,14.359,15.498,13.593,13.219,13.472,15.723,15.796,15.524,17.057,17.319,16.273,15.524,12.25,8.534,7.8432,7.8432,10.462,10.379,11.348,11.348,10.379,8.9012,8.534,7.8432,11.281,10.379,14.359,13.593,11.912,10.462,13.087,14.359,12.713,12.513,13.219,13.262,11.348,11.852,11.348,11.072,8.9012,7.8432,5.7719,2.2501,7.1986,7.3689,10.853,10.379,8.7822,9.347,11.348,12.304,8.2707,8.9012,11.544,10.379,13.262,12.513,22.529,23.158,25.898,26.685,25.506,25.777,25.972,26.846,25.926,24.322,24.662,24.922,23.864,22.25,19.673,16.818,17.199,17.199,18.508,16.76,17.517,17.706,15.891,16.229,13.864,13.262,16.874,16.075,19.503,18.534,11.117,10.659,10.256,9.849,9.6134,9.3274,9.5561,9.4712,9.5089,9.5018,9.2886,9.2146,9.1154,8.956,9.0645,9.1467,9.6358,10.285,10.275,10.219,10.405,10.41,10.595,10.491,10.765,10.764,11.032,11.093,11.026,11.117,9.5274,9.2164,8.9296,8.8326,8.6741,8.4843,8.3632,8.4068,8.3755,8.2701,8.3744,8.3915,8.2681,8.3099,8.4925,9.08,9.5256,9.6669,9.6521,9.6617,9.6612,9.5739,9.7845,9.8528,9.6549,9.6221,9.7995,9.6491,9.5489,9.5274,9.8887,9.6537,9.3683,9.1192,8.8918,8.7659,8.7173,8.6144,8.4879,8.4671,8.4757,8.3364,8.3798,8.2421,8.4881,8.7673,8.9019,9.2071,9.2215,9.3533,9.3531,9.3299,9.3175,9.4196,9.6037,9.9119,9.9963,9.9474,9.7634,9.8887
29.152,8.2664,10.375,14.918,14.829,14.184,13.215,14.079,14.829,15.887,16.599,16.478,17.365,15.494,15.519,13.468,9.2355,7.8389,7.3647,11.068,10.205,9.7471,10.458,8.778,10.375,6.2252,7.3647,10.375,11.54,14.55,12.246,10.205,11.068,13.215,13.127,13.258,11.907,13.258,12.757,12.709,11.344,11.788,10.205,8.8969,9.3428,4.3544,2.2458,5.5194,9.2355,10.205,10.117,9.3428,9.2355,10.117,11.788,9.2355,9.2355,11.344,10.205,14.354,13.589,23.132,23.66,25.943,26.75,25.905,25.653,25.998,26.887,25.901,24.55,25.355,25.036,23.373,22.709,19.747,17.592,17.809,17.381,18.439,16.737,17.702,17.381,15.792,16.332,13.258,13.215,16.87,15.719,19.58,18.374,11.226,10.514,10.357,10.009,9.7635,9.6772,9.6041,9.5117,9.7446,9.6132,9.4758,9.3394,9.3436,9.0432,9.2073,9.683,9.6418,10.486,10.65,10.577,10.632,10.464,10.847,10.92,11.062,11.062,11.333,11.256,11.132,11.226,9.2774,9.1241,9.0103,8.8057,8.7009,8.5619,8.2918,8.4513,8.3417,8.2397,8.1595,8.0969,8.3707,8.2207,8.7148,9.4931,9.5335,9.5477,9.6649,9.4604,9.3665,9.3731,9.6322,9.4277,9.5449,9.4823,9.3333,9.5369,9.0661,9.2774,10.079,9.818,9.5364,9.3117,9.1236,8.9551,8.8486,8.6955,8.701,8.7039,8.6518,8.5559,8.5269,8.4261,8.6494,8.9567,9.21,9.4071,9.4635,9.5872,9.5649,9.4835,9.6281,9.7085,9.9997,10.058,10.138,10.108,9.9807,10.079
29.172,8.9076,9.7577,13.756,15.073,13.6,13.87,14.561,15.53,15.802,15.606,16.67,17.308,16.279,15.504,13.093,8.5404,5.5301,7.3753,11.551,8.5404,10.215,10.215,10.468,10.468,8.5404,7.205,10.468,10.215,14.195,13.226,11.799,10.128,13.138,13.269,11.918,12.364,11.918,12.52,13.093,11.079,11.355,10.386,9.2462,9.7577,5.7783,-6.7744,4.365,8.9076,9.7577,10.386,10.215,8.2771,11.355,11.355,11.079,10.215,11.918,9.7577,13.093,11.355,23.164,23.396,26.212,26.716,25.897,25.81,26.212,26.699,25.855,24.365,24.884,24.839,23.396,22.68,19.863,17.85,17.392,17.82,18.654,17.713,17.523,17.375,16.489,16.279,13.396,14.365,17.064,15.73,19.709,18.083,11.352,11.077,10.561,10.13,9.7626,9.7571,9.7737,9.823,9.8334,9.8146,9.4954,9.4241,9.4048,9.1862,9.4345,9.4888,9.8599,10.479,10.703,10.584,10.852,10.591,10.75,10.86,10.775,10.901,11.289,11.448,11.15,11.352,9.6803,9.4999,9.3196,9.0395,8.7936,8.6677,8.7631,8.6362,8.6043,8.7515,8.5374,8.284,8.6227,8.4423,8.7256,10.116,10.133,9.9203,9.8965,9.9824,9.8575,9.819,10.158,10.119,9.9725,9.7409,9.8675,9.9856,9.7088,9.6803,10.215,10.027,9.6785,9.4437,9.208,9.0316,9.0679,8.9287,8.7999,8.8302,8.7533,8.6604,8.6226,8.5705,8.8785,8.9442,9.2314,9.4354,9.5299,9.565,9.5618,9.6394,9.8456,9.8478,9.9684,10.114,10.204,10.254,10.087,10.215
29.192,10.222,9.3605,13.877,15.08,13.915,14.372,13.607,15.328,16.243,16.617,17.399,17.72,14.965,15.737,12.727,7.2121,4.3721,7.8567,11.294,11.806,10.475,10.867,9.3605,10.867,7.3824,7.2121,9.3605,10.222,13.763,12.775,11.362,12.775,13.486,13.486,14.372,13.486,13.403,11.362,13.915,11.362,11.362,10.867,8.9147,7.2121,4.3721,4.3721,7.2121,9.7648,12.371,9.3605,9.2533,9.2533,7.2121,11.866,11.362,9.3605,11.866,10.222,13.486,13.233,22.799,23.276,25.537,26.157,25.904,26.016,25.911,26.563,26.286,24.795,25.641,24.749,22.799,22.434,20.054,17.842,18.202,18.284,19.132,16.831,17.382,17.657,15.613,15.904,12.727,13.915,16.35,16.111,19.307,18.82,10.083,9.8558,9.1688,8.8131,8.5698,8.4428,8.4747,8.5704,8.5165,8.4703,8.3636,8.2698,8.2022,7.9543,8.2122,8.4331,8.9672,9.3493,9.5584,9.3626,9.4452,9.3516,9.6714,9.7698,9.7571,9.9007,10.238,10.294,10.023,10.083,8.406,8.1998,7.8947,7.8619,7.6123,7.3386,7.5526,7.3598,7.4199,7.2313,7.3603,7.2373,7.191,7.2364,7.4209,8.3394,8.8077,8.8678,8.8172,8.7769,8.7263,8.6066,8.8086,8.7638,8.8044,8.5565,8.7643,8.7874,8.3893,8.406,8.8915,8.6434,8.3504,8.1485,7.9249,7.7443,7.7615,7.5941,7.5621,7.5121,7.4835,7.3951,7.3607,7.2792,7.641,7.745,7.9859,8.3352,8.2868,8.4145,8.2898,8.3364,8.4446,8.5204,8.7872,8.89,9.04,8.9887,8.7756,8.8915
29.212,9.2384,10.852,13.9,14.831,13.9,13.388,13.749,15.259,15.598,16.398,17.367,17.812,16.162,15.795,12.712,8.7808,5.259,7.3675,11.91,10.461,9.7499,10.378,9.2384,10.461,7.1972,7.8417,10.207,9.7499,14.187,13.388,11.071,12.356,13.13,14.081,11.347,13.388,12.76,13.218,11.28,10.852,12.712,10.12,8.5325,7.8417,3.2178,4.3572,6.2281,10.207,12.512,8.8998,9.7499,7.1972,10.461,12.356,8.5325,10.12,11.347,10.378,13.218,13.218,23.471,23.624,26.06,26.844,25.79,25.636,25.878,26.572,25.538,24.492,24.801,25.016,23.325,22.166,19.817,17.367,17.45,17.109,18.337,17.367,18.337,17.317,17.109,16.74,13.592,12.356,17.109,16.073,19.902,17.842,10.133,9.88,9.4786,9.0042,8.6961,8.5022,8.5723,8.6336,8.7508,8.5122,8.3913,8.3218,8.1993,7.9867,8.2988,8.3317,8.9233,9.3174,9.4861,9.4054,9.255,9.3273,9.6526,9.6441,9.8704,9.9152,10.268,10.254,9.9183,10.133,8.7683,8.3215,8.1866,8.0317,7.9618,7.6475,7.6682,7.6025,7.4989,7.6339,7.5665,7.5478,7.5473,7.4373,7.9184,8.7246,9.1401,9.0744,8.894,8.8904,8.8015,8.8778,9.0525,9.2034,8.8236,8.823,8.8438,8.92,8.8719,8.7683,9.0737,8.8758,8.5722,8.3157,8.1163,7.9974,7.9125,7.8069,7.7334,7.7843,7.6862,7.5912,7.549,7.4503,7.7666,7.976,8.2066,8.4685,8.4897,8.5663,8.643,8.6577,8.6719,8.7485,8.9368,9.0749,9.2622,9.2234,9.0019,9.0737
29.232,7.237,10.247,13.125,14.989,13.258,13.788,13.902,14.96,17.132,17.34,17.49,17.357,15.562,15.105,13.428,9.3855,8.3091,9.3855,11.387,11.387,11.111,11.319,7.237,9.7898,8.8207,7.237,8.3091,9.2782,14.397,14.227,10.247,11.387,14.121,12.752,12.552,14.593,11.831,13.258,12.289,12.289,11.319,10.247,5.5621,7.237,4.3971,5.5621,7.237,10.247,10.5,9.3855,9.7898,10.247,10.892,12.552,10.247,9.3855,10.5,10.247,11.387,13.258,22.552,23.691,25.09,26.109,25.469,25.915,25.764,26.89,26.793,25.258,25.472,24.916,22.526,22.401,19.79,17.237,18.363,18.376,18.881,17.603,17.926,17.49,15.929,16.375,13.258,13.258,15.929,15.929,19.157,18.881,10.52,10.062,9.6635,9.2464,8.8981,8.7911,8.9314,8.9976,8.8985,8.8155,8.6854,8.5308,8.5134,8.3662,8.5356,8.6701,9.1712,9.6724,9.7338,9.7021,9.957,9.874,9.8424,9.9905,10.139,10.107,10.577,10.725,10.354,10.52,8.751,8.6365,8.2221,8.1194,7.8724,7.6598,7.9614,7.7226,7.8054,7.7085,7.7914,7.5525,7.5587,7.8602,7.8188,8.7084,8.8564,9.261,9.3005,8.894,9.0081,8.9491,9.2327,9.3219,9.018,9.0317,8.9605,9.0868,8.7236,8.751,9.3352,9.1304,8.7129,8.5069,8.2097,8.0792,8.1783,8.054,7.9361,7.8299,7.8805,7.7403,7.7798,7.7518,8.0283,8.116,8.3456,8.5577,8.626,8.6739,8.8632,8.7898,8.8108,8.8526,8.9716,9.2391,9.4455,9.3999,9.2107,9.3352
29.252,9.3462,10.853,13.593,15.795,14.802,13.749,14.187,15.497,15.523,16.229,17.516,17.961,15.795,15.523,12.761,8.5332,3.2184,7.8424,12.357,10.208,11.348,10.853,8.2699,10.461,9.239,5.7711,9.239,10.461,14.95,12.357,11.543,11.911,13.593,13.471,12.513,12.249,12.712,13.262,11.792,11.543,11.543,10.208,10.208,9.239,0.20808,3.2184,4.3578,9.239,10.208,11.792,8.9004,9.239,10.208,11.852,10.853,9.3462,12.303,10.378,14.187,13.262,23.059,23.153,26.036,26.589,25.838,25.795,25.795,26.684,25.971,24.427,25.221,25.02,23.426,22.683,19.492,16.229,17.039,17.368,18.076,16.759,17.368,17.11,16.74,16.603,13.749,13.086,16.229,15.367,19.751,17.872,10.528,10.064,9.8044,9.3954,9.1726,8.9359,9.0122,9.0529,9.0589,8.9655,8.8076,8.5925,8.6496,8.3501,8.7204,8.6271,9.0237,9.6977,9.8218,9.7623,9.7166,9.8026,10.037,10.146,10.161,10.312,10.464,10.479,10.413,10.528,9.0372,8.7255,8.62,8.3749,8.0835,7.9547,7.9597,7.8549,7.7227,7.7359,7.7994,7.8126,7.7226,7.8125,8.2241,8.9196,9.2069,9.0994,9.1892,9.0993,8.7023,9.0992,9.1891,9.316,9.1059,9.1683,9.0471,9.0126,8.7632,9.0372,9.448,9.2154,8.9265,8.6879,8.4861,8.3446,8.2641,8.1145,8.0794,8.1093,8.037,7.9787,7.9345,7.8196,8.1519,8.3497,8.5102,8.8147,8.8664,8.9556,8.9329,8.9079,9.0073,9.0763,9.2813,9.5437,9.5466,9.5768,9.3856,9.448
29.272,5.4573,9.8943,13.075,13.977,12.948,13.435,12.948,15.76,16.796,17.392,18.023,17.137,15.053,15.409,12.398,7.5286,7.0543,9.4367,11.23,9.8943,11.034,10.758,7.5286,8.4676,6.884,8.2194,9.8943,11.034,14.044,14.044,9.8943,12.199,12.905,11.597,12.948,13.586,12.447,12.447,13.435,12.043,10.539,10.065,7.0543,6.884,4.044,5.4573,4.044,8.9252,10.539,9.0324,8.4676,10.065,10.065,8.4676,12.199,9.8943,10.539,9.8943,11.989,11.597,22.275,23.534,24.827,25.534,25.409,25.74,25.401,26.544,26.637,24.946,25.345,24.703,22.189,22.032,19.57,17.529,17.748,17.202,18.622,17.647,17.499,17.874,14.752,15.481,12.447,13.768,15.183,16.085,18.668,18.668,10.797,10.502,9.9022,9.5515,9.2985,9.1783,9.1912,9.1956,9.2486,9.1141,9.0663,8.925,8.8464,8.577,8.8772,8.8776,9.3266,10.225,10.148,10.24,9.9624,10.024,10.161,10.412,10.401,10.646,10.88,10.851,10.697,10.797,9.1709,8.8883,8.5941,8.5417,8.2588,8.1391,8.0459,7.9704,8.0081,7.9679,8.0202,8.0103,8.1876,7.9146,8.1433,8.9086,9.2792,9.5808,9.4221,9.4989,9.3921,9.372,9.5452,9.5251,9.3844,9.2321,9.2532,9.4407,9.2232,9.1709,9.6625,9.4347,9.0797,8.8473,8.5975,8.4687,8.4673,8.3557,8.2929,8.2267,8.2184,8.1158,8.097,8.0142,8.3313,8.4652,8.6847,9.0145,9.0435,9.0711,9.0335,9.1073,9.1494,9.2347,9.2916,9.6337,9.7214,9.7065,9.4842,9.6625
29.292,7.2404,10.251,14.905,15.566,13.173,13.304,14.596,16.139,15.54,15.566,16.524,17.87,16.859,14.993,12.803,8.5758,7.885,8.5758,10.895,11.586,10.421,10.251,10.504,10.421,8.943,5.8138,11.953,10.251,14.333,13.431,11.114,10.895,12.555,13.635,13.261,12.555,12.803,12.755,12.346,11.39,10.251,11.894,10.251,8.943,3.261,2.8035,3.261,8.5758,10.504,9.2816,10.251,10.251,9.7932,11.39,8.943,9.3889,11.586,9.7932,13.514,12.346,23.448,22.997,26.282,26.895,25.173,25.881,26.132,26.695,25.473,24.237,24.931,25.228,23.792,22.399,19.149,17.559,17.24,17.343,19.024,17.153,17.885,17.559,16.379,16.859,13.514,13.943,16.271,15.814,20.163,17.93,10.868,10.725,10.157,9.7324,9.5134,9.2716,9.474,9.454,9.3352,9.3691,9.1672,9.0079,9.0285,8.8442,9.1984,8.9794,9.7825,10.266,10.283,10.277,10.182,10.095,10.602,10.541,10.761,10.454,10.932,11.097,10.813,10.868,9.2145,9.3152,8.7736,8.7747,8.4116,8.2748,8.3063,8.1877,8.201,8.2537,7.9158,7.987,8.1322,7.7535,8.1688,9.0624,9.3125,9.6657,9.4855,9.4573,9.5655,9.2101,9.4602,9.4441,9.3316,9.3939,9.3147,9.1779,9.1497,9.2145,9.8528,9.5813,9.3223,9.0615,8.8154,8.6428,8.6692,8.5209,8.4466,8.4853,8.3775,8.2454,8.2464,8.225,8.6046,8.6944,8.9472,9.2122,9.1967,9.2785,9.3429,9.3327,9.4367,9.4585,9.6707,9.7817,9.9223,9.9035,9.7049,9.8528
29.312,9.3972,10.259,14.605,15.418,14.097,13.8,14.409,15.228,15.574,15.116,17.647,17.249,16.125,15.116,11.962,7.2487,5.3105,10.259,11.398,10.904,10.512,10.259,8.9513,11.903,7.2487,7.8933,10.259,9.3972,14.972,13.8,11.903,10.904,12.812,13.951,12.812,12.763,13.269,12.564,11.123,11.594,11.398,10.904,10.259,8.3208,2.3002,-3.7204,4.4088,9.2899,11.123,7.4191,11.398,9.3972,9.8015,11.594,9.8015,10.259,12.3,9.2899,13.522,11.962,23.671,23.269,26.192,26.898,25.729,25.564,25.834,26.632,25.655,24.154,25.001,25.102,23.612,22.306,18.239,18.011,16.943,17.502,18.494,17.436,17.893,17.369,16.125,16.45,13.313,13.914,17.107,16.28,19.972,18.546,11.025,10.922,10.401,9.8375,9.5929,9.3925,9.5914,9.4773,9.6241,9.4639,9.2262,9.1193,9.0498,8.9283,9.2045,9.549,9.557,10.35,10.341,10.346,10.314,10.458,10.49,10.617,10.7,11.089,11.218,11.115,10.927,11.025,9.4981,9.3212,9.0639,8.7409,8.6667,8.3732,8.5913,8.3159,8.4266,8.3823,8.205,8.1451,8.1851,8.1284,8.7152,9.302,9.6914,10.012,9.5823,9.4904,9.3607,9.5706,9.9463,9.8244,9.5491,9.5303,9.7954,9.5968,9.3547,9.4981,9.9931,9.7627,9.4309,9.1571,8.9455,8.8179,8.8134,8.6847,8.5847,8.5941,8.5227,8.4184,8.4404,8.3647,8.6877,8.8225,9.041,9.3594,9.3781,9.428,9.5355,9.4912,9.4962,9.637,9.7443,9.8596,10.05,10.002,9.8679,9.9931
29.332,9.3699,10.485,14.382,14.974,14.106,13.773,14.106,15.914,15.914,17.134,17.222,17.392,16.12,15.795,11.934,7.8661,7.2215,9.2627,11.095,10.485,10.402,11.875,10.232,10.402,9.7742,5.2833,10.232,10.232,13.924,13.11,10.485,10.402,13.285,12.736,12.536,13.495,11.875,13.11,13.242,12.536,10.876,10.876,9.2627,8.2936,5.7948,4.3815,6.2524,7.3918,11.095,8.8051,10.876,9.2627,10.232,11.815,8.9241,8.5569,12.736,10.232,13.242,12.536,23.033,23.64,26.059,26.349,25.623,25.914,25.8,26.676,26.263,24.487,25.218,24.85,22.692,22.235,19.696,18.085,17.475,17.896,18.865,17.54,17.896,17.896,15.819,16.252,13.412,13.495,16.36,15.089,19.37,18.401,11.299,10.791,10.432,10.221,9.8368,9.7419,9.5989,9.7272,9.7502,9.6545,9.5356,9.3611,9.3431,9.1788,9.3583,9.785,10.071,10.416,10.528,10.778,10.578,10.62,10.786,11.007,11.154,11.357,11.238,11.261,11.197,11.299,9.6438,9.3753,9.0901,9.0297,8.834,8.7062,8.5991,8.42,8.5088,8.6818,8.6561,8.493,8.3642,8.4985,9.0963,9.4968,9.9703,9.9072,9.8264,9.7295,9.9225,9.6762,9.8105,9.7648,9.7425,9.6348,9.7609,9.6582,9.4707,9.6438,10.179,9.9152,9.5719,9.3824,9.2003,9.0179,8.9365,8.8177,8.7312,8.7594,8.6748,8.6203,8.6054,8.499,8.8655,9.0125,9.2899,9.4268,9.5702,9.6264,9.677,9.5665,9.6943,9.7103,9.978,10.275,10.251,10.181,10.036,10.179
29.352,8.878,11.491,13.539,14.56,12.857,12.901,14.193,14.193,15.802,16.696,17.09,16.837,15.735,15.136,11.431,7.4814,7.0071,8.5394,10.492,10.711,10.987,10.017,9.8471,9.8471,7.0071,8.1722,9.3895,9.7594,13.997,13.232,10.711,10.987,13.388,12.901,11.55,13.232,11.182,12.152,11.491,11.182,11.431,9.8471,5.1619,6.8368,5.8677,-0.1529,5.4101,9.7594,10.987,8.878,9.7594,10.492,10.492,10.987,8.9852,9.3895,11.996,9.3895,13.997,11.942,22.351,23.326,25.564,26.186,25.529,25.364,25.415,26.446,25.735,24.25,24.777,24.724,22.857,21.55,18.539,16.837,17.282,17.481,17.827,17.526,17.481,16.837,15.78,16.038,13.929,13.502,15.78,15.529,19.541,18.082,9.8364,9.5208,9.1487,8.9057,8.3879,8.4188,8.3534,8.4381,8.401,8.2616,8.2362,8.02,7.9966,7.8093,7.9934,8.1632,8.5547,9.0972,9.1018,9.2053,9.2096,9.0719,9.4492,9.3804,9.6157,9.3574,9.8553,9.9664,9.6313,9.8364,8.2964,8.2374,7.7726,7.6649,7.4564,7.3087,7.2837,7.3315,7.3396,7.2473,7.2183,7.0863,7.2108,7.3237,7.3715,8.5265,8.7162,8.4422,8.4345,8.2161,8.4058,8.5123,8.2628,8.4937,8.206,8.285,8.4435,8.3806,8.0512,8.2964,8.8424,8.636,8.2729,8.0916,7.8652,7.6774,7.6996,7.5663,7.4834,7.4859,7.446,7.3356,7.3558,7.2126,7.5943,7.6394,7.9134,8.1397,8.2471,8.3675,8.3058,8.2826,8.4844,8.4199,8.7461,8.8647,9.0078,8.9025,8.7178,8.8424
29.372,7.8717,8.5626,14.111,14.583,13.892,15.207,14.076,15.396,16.692,15.919,18.105,17.48,15.825,14.111,12.279,9.3756,5.5523,8.5626,12.386,10.408,11.881,10.237,9.3756,11.573,7.2272,6.2581,9.3756,8.8108,14.387,13.115,9.7799,12.279,11.573,13.501,12.542,13.248,12.542,12.742,12.542,10.237,10.882,11.377,7.2272,5.5523,5.5523,0.23747,4.3872,7.8717,10.15,9.3756,10.882,11.377,10.237,10.408,10.15,11.821,11.881,11.881,12.742,12.386,23.187,23.406,25.868,26.355,25.568,25.82,26.065,26.852,26.175,24.843,25.289,25.193,23.355,22.29,18.726,17.48,17.99,18.105,18.367,16.94,18.091,17.122,16.94,16.511,14.387,13.248,16.365,15.919,19.322,18.835,10.202,9.8753,9.3487,9.0035,8.6771,8.5807,8.6759,8.5957,8.6372,8.5901,8.4528,8.3215,8.2634,8.2158,8.256,8.4181,8.5829,9.4728,9.6376,9.5334,9.5039,9.5978,9.6595,9.6029,9.9524,10.083,10.245,10.165,10.099,10.202,8.3496,8.228,8.0412,7.7443,7.5404,7.3536,7.4507,7.1952,7.4135,7.3686,7.3437,7.2188,7.2215,7.4984,8.0202,8.3234,8.7209,8.6405,8.7818,8.6289,8.6596,8.6522,8.513,8.8375,8.7713,8.5078,8.603,8.4073,8.2757,8.3496,9.0152,8.7697,8.4848,8.249,8.0495,7.8532,7.8526,7.702,7.6605,7.7009,7.5917,7.4805,7.4805,7.432,7.6708,7.9506,8.1249,8.2935,8.3854,8.5291,8.4537,8.5243,8.5613,8.62,8.7715,9.0396,9.1415,9.1663,8.8919,9.0152
29.392,8.5462,10.866,12.37,15.903,14.599,14.201,14.201,15.536,16.675,16.886,16.905,17.464,15.327,16.176,11.557,9.7636,4.3709,7.8554,11.361,11.085,10.866,10.474,9.3593,10.866,7.8554,7.2108,9.3593,10.133,13.762,13.606,11.361,11.924,13.275,13.144,13.275,13.144,11.865,12.526,12.526,10.221,11.361,10.391,7.3812,8.5462,6.2417,3.2314,7.2108,10.474,10.221,7.2108,9.252,10.221,10.221,12.774,10.866,8.2829,11.361,10.391,13.606,12.37,22.779,23.484,25.528,26.362,25.528,26.073,25.709,26.875,26.548,24.388,25.199,25.03,22.893,22.045,19.306,17.855,17.398,17.529,18.746,16.773,17.84,17.944,16.176,15.19,13.144,13.099,16.773,15.903,19.626,18.074,10.376,10.035,9.5839,9.1356,8.7625,8.6085,8.9291,8.7869,8.7303,8.5868,8.5769,8.4443,8.4487,8.339,8.6271,8.3694,9.0981,9.495,9.8433,9.6286,9.7618,9.683,9.6697,10.004,9.8232,10.165,10.517,10.446,10.199,10.376,8.7244,8.4393,8.2606,8.1161,7.9715,7.6276,7.7422,7.7059,7.7571,7.5781,7.4582,7.5357,7.6863,7.4897,8.1076,8.7907,9.0101,8.9023,9.0233,8.7791,8.9985,9.0761,8.9737,9.0513,8.8658,9.0265,8.9066,8.7354,8.5853,8.7244,9.2693,9.0448,8.6695,8.4697,8.2002,8.0306,8.1425,8.0178,7.929,7.8266,7.8725,7.7541,7.8261,7.7823,7.9857,8.1315,8.243,8.5186,8.7129,8.7716,8.7659,8.8561,8.8579,8.838,9.1027,9.2863,9.3523,9.3409,9.2411,9.2693
29.412,6.2409,11.084,14.814,14.2,14.566,13.098,14.2,14.844,16.241,16.348,17.718,17.38,16.348,15.272,11.923,9.2512,7.3803,9.2512,10.865,10.391,10.133,9.3584,10.391,11.36,9.3584,8.5454,11.36,10.865,14.37,13.401,10.865,12.525,13.401,13.231,12.773,13.912,11.556,13.484,12.261,10.22,11.084,12.525,9.7627,7.8545,4.37,3.2306,8.2821,9.2512,10.865,9.3584,10.473,10.391,9.7627,12.525,8.2821,8.9126,13.605,11.084,14.058,12.261,23.13,23.338,25.891,26.447,25.737,25.737,26.314,26.802,25.646,24.333,25.35,25.283,23.633,22.09,18.994,17.576,17.38,17.463,18.545,17.051,17.855,17.051,15.735,14.303,14.2,13.274,16.674,15.379,19.714,18.745,10.604,10.064,9.807,9.3185,8.933,8.9395,8.96,9.0319,8.9482,8.9925,8.7756,8.5722,8.5716,8.4361,8.7562,8.746,9.2402,9.9832,9.8752,9.9159,9.9465,9.8904,10.201,10.107,10.175,10.438,10.641,10.73,10.449,10.604,8.708,8.7944,8.4321,8.2458,7.8243,7.7069,7.9076,7.6992,7.6428,7.5809,7.5718,7.4581,7.3194,7.9462,7.8876,9.0924,9.1724,9.2524,9.0695,9.122,8.7126,8.9466,8.9711,9.2698,8.8094,8.7329,8.82,8.779,8.628,8.708,9.3707,9.1595,8.8301,8.5786,8.3442,8.2031,8.1922,8.1057,7.9592,7.9996,7.9428,7.8164,7.8188,7.7562,8.0726,8.1767,8.459,8.7058,8.739,8.8162,8.7648,8.8796,8.9487,8.9466,9.1813,9.3738,9.4876,9.4911,9.2779,9.3707
29.432,9.3656,10.872,14.821,15.542,13.882,13.491,14.94,15.815,16.355,15.79,17.058,17.387,15.517,15.909,11.93,8.5525,5.5422,8.8008,9.7699,10.872,11.367,11.091,9.7699,10.481,8.2893,7.3875,11.367,11.091,14.94,13.882,10.481,11.091,12.532,13.238,12.323,13.769,11.563,13.882,12.269,11.3,10.227,9.2584,8.9198,8.2893,5.7905,0.22745,4.3772,10.227,10.398,10.872,10.227,9.3656,10.872,10.872,10.227,8.9198,11.563,8.5525,14.377,10.227,23.065,23.852,25.945,26.418,25.858,25.744,25.764,26.809,26.039,24.34,25.213,25.282,22.932,21.965,19.001,18.357,17.535,17.217,18.825,17.404,17.862,17.387,16.355,15.909,12.532,13.408,16.76,16.116,19.76,18.527,10.884,10.437,9.9033,9.5315,9.2164,9.1655,9.1254,9.19,9.1953,9.1527,8.9384,8.7909,8.7662,8.7051,8.6853,9.2377,9.5744,9.9617,10.13,10.06,10.163,10.044,10.445,10.335,10.46,10.504,10.815,10.877,10.798,10.884,8.9177,8.879,8.5248,8.3753,8.2909,7.9981,8.0834,8.017,7.8495,7.945,7.7188,7.8143,7.8865,7.8254,8.3845,8.6219,9.3054,9.4185,9.2477,9.2289,9.2413,9.2676,9.3356,9.0849,9.2636,9.2024,9.3515,9.1252,8.8777,8.9177,9.5868,9.3701,9.0607,8.8125,8.5319,8.3521,8.4053,8.2792,8.2042,8.1975,8.1343,8.0139,8.006,7.9701,8.3318,8.3538,8.6061,8.8653,8.8811,9.0167,9.0974,9.0883,9.1002,9.1594,9.318,9.4707,9.5933,9.6019,9.4668,9.5868
29.452,9.2512,10.391,13.605,14.874,13.484,14.37,14.37,16.411,16.772,16.284,17.855,17.104,15.611,15.902,13.912,5.2718,7.3803,10.473,11.084,10.22,11.36,11.36,8.7936,9.7627,8.5454,7.3803,8.5454,10.865,13.098,14.37,11.864,11.36,12.261,12.773,12.525,13.912,12.315,13.231,12.525,10.473,12.525,10.133,6.2409,8.2821,3.2306,4.37,8.9126,7.8545,11.084,8.9126,9.3584,9.3584,8.9126,10.391,10.473,8.9126,10.22,10.22,14.37,12.261,22.525,23.758,25.239,25.984,25.843,26.182,25.296,26.874,26.615,24.933,25.339,25.315,22.685,22.56,19.763,17.38,18.241,17.884,18.455,17.528,17.576,17.718,15.807,15.735,13.605,13.231,16.752,16.772,19.473,18.52,10.83,10.559,9.9228,9.7084,9.413,9.2538,9.3596,9.2813,9.2651,9.2842,9.0962,8.9809,8.8958,8.7527,9.0369,9.0872,9.5281,10.086,10.307,10.211,10.189,10.294,10.414,10.588,10.66,10.56,10.856,10.868,10.684,10.83,9.1464,9.021,8.6056,8.3877,8.4147,8.2181,8.1975,8.1215,7.9803,8.0508,8.0344,7.8932,7.997,8.2428,7.7031,9.1803,9.3249,9.3467,9.4186,9.4565,9.184,9.5302,9.5881,9.4024,9.2653,9.3893,9.3366,9.2605,9.025,9.1464,9.7676,9.5162,9.1515,8.9703,8.7595,8.5965,8.5562,8.4538,8.39,8.3097,8.3238,8.2837,8.1768,8.1073,8.4071,8.6086,8.8018,9.0734,9.1282,9.2165,9.1252,9.1561,9.1998,9.2726,9.3331,9.5599,9.8549,9.7236,9.5491,9.7676
29.472,9.2576,10.227,13.237,13.49,14.206,14.376,14.206,16.5,16.418,16.247,17.111,16.778,15.332,16.182,12.779,9.7692,7.3868,7.861,11.562,11.09,11.299,11.366,8.5518,10.139,8.5518,8.5518,10.227,9.7692,14.101,13.919,10.871,13.105,12.779,13.105,12.779,13.882,11.929,13.28,13.919,11.366,12.531,11.09,9.7692,6.2473,3.237,2.2679,8.5518,9.7692,11.366,11.366,10.227,10.397,8.5518,12.375,11.81,10.227,11.366,10.871,12.779,13.149,22.607,23.603,25.346,25.585,25.462,25.923,25.96,26.728,26.622,24.94,25.625,24.836,22.268,22.702,19.691,18.812,18.356,18.192,18.206,17.906,18.526,17.979,16.115,15.332,14.206,13.28,16.622,15.79,18.526,18.86,11.163,10.715,10.305,9.8134,9.5887,9.407,9.62,9.5372,9.4919,9.4212,9.3462,9.2441,9.1844,9.1295,9.3956,9.2693,9.6623,10.505,10.538,10.566,10.531,10.671,10.819,10.937,11.056,11.225,11.486,11.54,11.182,11.163,9.3539,9.1135,8.8654,8.7081,8.46,8.3404,8.353,8.2158,8.3102,8.0345,8.2741,8.3808,8.551,8.2064,8.931,9.0501,9.8778,9.8937,9.4936,9.5438,9.4655,9.6021,9.7424,9.674,9.582,9.5212,9.4428,9.3788,9.2348,9.3539,9.9124,9.6424,9.316,9.1545,8.8955,8.7303,8.7193,8.6166,8.5587,8.4909,8.5049,8.4097,8.3954,8.2956,8.5914,8.7403,8.9923,9.1774,9.2294,9.4175,9.3404,9.321,9.3704,9.5434,9.8129,10.04,10.038,10.016,9.753,9.9124
29.492,9.4019,9.8595,12.412,14.009,13.04,14.483,14.237,15.149,16.543,16.562,17.02,17.216,14.602,15.88,12.87,8.8904,5.1743,8.4328,10.999,11.195,11.195,9.8595,7.0195,8.9977,8.9977,8.4328,8.8904,10.723,14.009,13.942,10.504,9.4019,11.503,13.552,12.412,13.244,11.901,12.008,13.401,12.008,11.901,10.504,8.5518,8.9977,4.0092,-0.14049,5.8801,8.5518,11.443,10.504,10.113,10.723,8.5518,10.999,8.9977,9.8595,9.8595,9.8595,12.87,12.364,21.644,23.236,24.815,25.345,25.427,25.891,25.623,26.411,26.286,24.694,24.96,24.54,22.055,22.013,19.061,17.216,17.88,17.494,17.989,17.479,17.02,16.969,15.542,14.513,12.008,13.839,16.314,16.411,18.159,18.587,11.26,10.956,10.226,9.904,9.8527,9.5897,9.7554,9.673,9.7097,9.6217,9.4285,9.3255,9.2715,9.1799,9.3394,9.3949,9.9793,10.395,10.537,10.392,10.563,10.683,10.757,10.546,10.985,10.972,11.311,11.418,11.118,11.26,9.5906,9.3126,9.1547,8.7985,8.7279,8.7052,8.4801,8.4963,8.4786,8.3278,8.3441,8.2323,8.5831,8.3337,8.6162,9.0824,9.6729,9.6346,9.6049,9.8149,9.7222,9.715,9.7759,9.6821,9.8957,9.6696,9.6166,9.5636,9.3688,9.5906,10.123,9.9026,9.5415,9.3404,9.077,8.9043,8.9549,8.7978,8.7799,8.6625,8.6824,8.5872,8.5715,8.4688,8.7587,8.9193,9.1012,9.5016,9.4578,9.5153,9.5566,9.578,9.6146,9.7021,9.7678,10.018,10.251,10.183,9.9341,10.123
29.513,10.171,10.259,14.913,15.31,14.605,13.643,14.238,15.846,15.65,14.913,16.924,17.756,16.45,15.574,13.269,4.4087,7.2486,8.584,11.331,11.398,10.904,10.512,8.584,11.398,7.8932,8.584,10.259,9.8013,15.228,11.962,10.904,11.902,13.522,13.914,12.812,13.269,12.407,13.522,11.398,10.259,11.123,11.398,8.8322,4.4087,2.3001,4.4087,5.8219,9.8013,12.407,9.3971,9.8013,10.259,11.123,11.962,8.9512,9.8013,12.3,10.171,14.883,11.902,23.703,23.456,26.64,26.81,25.747,25.71,25.941,26.64,25.139,23.738,24.425,25.156,24.097,22.151,18.986,17.369,16.387,16.387,18.66,17.502,17.615,17.107,16.924,15.773,14.238,13.8,17.436,15.941,19.821,18.112,9.8254,9.6144,8.9768,8.7289,8.4411,8.2766,8.3798,8.2961,8.2903,8.2855,8.1206,7.9873,7.8818,7.7915,7.7992,8.4291,8.6642,9.1356,9.1696,9.2249,9.1526,9.0438,9.3561,9.4193,9.8551,9.5086,9.8381,10.091,9.7022,9.8254,8.4482,8.1564,7.8058,7.6379,7.451,7.3608,7.3433,7.2408,7.2116,7.0659,7.0284,7.1868,7.1829,7.1103,7.4282,8.1409,8.4588,8.6524,8.5934,8.5446,8.6276,8.5373,8.4998,8.7593,8.4893,8.7061,8.5779,8.6296,8.3007,8.4482,8.8191,8.5191,8.2631,7.9981,7.8165,7.6622,7.5785,7.505,7.4108,7.4435,7.3881,7.3223,7.2641,7.1939,7.4279,7.6404,7.8878,8.1874,8.2027,8.2763,8.3669,8.3475,8.4879,8.3772,8.6613,8.7939,8.9765,8.8185,8.7859,8.8191
29.532,8.9729,9.747,14.212,15.899,14.459,13.985,13.098,14.548,15.855,15.349,16.367,16.665,16.289,14.804,12.387,7.4691,6.8245,9.3772,10.698,10.974,10.698,8.5271,8.5271,8.9729,8.8657,5.1496,11.478,9.8348,14.459,13.098,10.974,9.3772,12.888,13.098,12.387,12.387,12.139,11.983,12.339,11.537,11.983,10.005,7.8966,6.8245,2.3875,2.3875,6.9948,8.1599,10.088,8.4081,8.9729,9.3772,11.17,12.845,8.8657,7.4691,11.537,10.479,13.814,11.537,23.102,23.123,25.84,26.537,25.15,25.32,25.875,26.287,25.15,23.709,24.408,24.804,23.406,22.031,19.329,16.737,16.824,16.386,18.121,15.899,18.07,16.824,16.683,15.226,12.888,13.814,16.719,15.349,20.088,17.558,9.9714,9.879,9.2394,8.7873,8.5678,8.406,8.5858,8.4959,8.4581,8.4819,8.194,8.1097,8.0885,7.9425,8.3473,8.2274,8.5469,9.3091,9.4791,9.2424,9.2545,9.126,9.3781,9.4509,9.459,9.9646,9.9433,10.099,9.8129,9.9714,8.4467,8.3832,7.9003,7.8181,7.6007,7.4818,7.4659,7.3925,7.2478,7.3804,7.174,7.2212,7.5484,7.2876,7.8121,8.3367,8.6638,8.8454,8.6178,8.8641,8.7139,8.806,8.622,8.748,8.667,8.4893,8.7741,8.753,8.409,8.4467,9.0072,8.7489,8.4586,8.1983,7.9227,7.7664,7.8437,7.7,7.5487,7.6037,7.5093,7.4322,7.4226,7.3899,7.727,7.6995,8.0886,8.2313,8.3165,8.4749,8.4853,8.5294,8.5968,8.4951,8.7738,8.9408,9.0595,9.1225,8.8267,9.0072
29.553,7.8959,8.5264,13.489,14.576,14.458,13.984,14.212,14.547,17.142,16.366,18.159,16.994,14.803,15.123,11.983,10.479,6.8238,8.9722,11.169,11.478,10.698,10.974,10.087,10.698,6.9941,6.9941,8.9722,9.3765,14.18,12.844,9.8341,8.9722,11.929,12.844,11.983,13.489,12.139,12.888,13.097,10.974,11.983,11.537,8.865,6.9941,5.1489,2.8444,6.8238,8.9722,9.8341,9.3765,8.9722,6.9941,8.865,11.537,11.169,8.865,11.537,10.906,13.375,12.712,22.411,23.474,24.982,25.567,25.7,25.695,25.734,26.318,26.38,24.677,24.998,24.886,22.406,21.988,19.396,16.824,17.513,17.687,17.855,17.222,16.944,17.468,15.397,15.767,11.875,13.526,15.123,15.149,18.865,18.273,10.269,9.9192,9.4948,9.1043,8.6618,8.6846,8.7243,8.8111,8.6619,8.6069,8.499,8.3619,8.3389,8.2629,8.3582,8.6647,9.0268,9.5962,9.5459,9.5428,9.6263,9.6566,9.8547,9.8576,9.961,10.167,10.29,10.459,10.055,10.269,8.6597,8.3752,8.0113,7.8999,7.6154,7.6563,7.7068,7.63,7.5553,7.5429,7.4452,7.4677,7.3711,7.3841,7.8686,8.324,8.5343,8.8139,8.8132,8.7398,8.8395,8.8943,8.9072,8.8106,8.9674,8.9328,8.8361,8.748,8.4282,8.6597,9.147,8.9295,8.5391,8.3438,8.109,7.9194,7.9904,7.8717,7.7873,7.7016,7.7357,7.6249,7.5896,7.5541,7.8873,7.8987,8.2357,8.4291,8.5358,8.6092,8.6517,8.5535,8.6902,8.7681,8.8461,9.2633,9.2169,9.2869,8.978,9.147
29.573,8.242,9.8291,14.067,14.968,14.294,13.609,14.263,15.232,15.783,15.805,16.601,17.094,15.805,15.783,12.97,8.242,6.9066,8.242,11.619,9.9169,10.087,8.6092,10.17,9.9169,8.4902,6.9066,10.087,10.561,13.896,12.927,11.56,10.561,11.56,12.221,12.927,13.098,12.221,13.301,11.56,11.619,12.065,7.5512,7.5512,7.0769,2.9272,-1.0522,5.2317,6.9066,10.17,10.17,9.4593,8.6092,10.17,12.221,9.9169,8.9478,12.421,9.8291,13.458,12.47,22.772,23.233,25.036,26.108,24.96,25.905,25.485,26.599,25.762,24.224,24.55,24.618,23.034,21.826,19.292,16.601,17.77,17.077,18.442,17.64,16.449,16.907,15.783,16.468,14.067,13.458,16.312,15.431,19.536,18.242,10.385,9.9637,9.6631,9.2894,8.9983,8.6707,8.8375,8.8295,8.9873,8.9209,8.6113,8.5818,8.4433,8.3769,8.5576,8.5267,9.0328,9.745,9.9441,9.7911,9.5593,9.7456,9.9113,10.013,9.8372,10.446,10.467,10.499,10.239,10.385,8.73,8.5092,8.245,8.2105,8.0448,7.7469,7.7786,7.7508,7.6435,7.5946,7.628,7.6797,7.4129,7.3779,7.7965,8.6612,9.4491,9.1035,8.9975,8.9838,8.6979,8.9423,9.0418,9.1544,8.977,9.0563,8.9088,8.8931,8.7172,8.73,9.3108,9.0704,8.7882,8.5569,8.3597,8.2027,8.0959,8.0017,7.9781,7.9476,7.9105,7.8687,7.7793,7.7136,8.0202,8.1698,8.4033,8.602,8.7218,8.8839,8.8178,8.7663,8.8832,8.9758,9.197,9.2985,9.4946,9.3279,9.1909,9.3108
29.593,7.3736,10.384,13.092,14.926,14.838,13.267,14.193,15.183,17.374,17.062,17.323,18.179,14.087,15.801,14.193,7.2032,7.8478,8.9059,11.916,10.214,9.756,11.353,9.2444,9.2444,8.5386,8.9059,10.467,10.214,13.394,13.224,12.718,10.858,13.092,13.868,12.255,11.857,12.518,11.916,13.598,13.092,11.916,11.353,5.5283,6.2341,2.7663,2.2547,5.5283,7.3736,10.384,10.214,9.756,11.916,8.7869,12.766,9.756,8.9059,11.916,10.467,12.718,13.224,22.688,23.514,25.227,25.572,25.417,26.025,25.928,26.668,26.866,24.953,25.97,25.224,22.266,22.809,20.384,17.374,18.539,18.787,18.383,17.649,17.878,17.044,15.372,15.503,14.087,12.766,15.896,15.604,18.615,19.123,10.694,10.139,9.7576,9.395,9.128,9.0084,9.0699,9.0869,9.088,9.0518,8.9536,8.7706,8.6607,8.462,8.7125,8.8737,9.118,9.9582,10.128,9.944,9.9633,10,10.428,10.409,10.325,10.575,10.756,10.874,10.516,10.694,8.9113,8.8584,8.5896,8.3719,8.0821,7.8881,7.865,7.6875,7.9131,7.7578,7.7798,7.8383,8.0233,7.7155,7.8063,9.146,9.16,9.272,9.0409,9.1492,9.098,9.1655,9.0996,9.3322,9.1012,9.3571,9.126,9.0082,8.7256,8.9113,9.5212,9.268,8.9274,8.7643,8.4997,8.3309,8.3121,8.2054,8.1687,8.1271,8.1202,8.0302,7.9628,7.8927,8.0924,8.4052,8.6278,8.8066,8.9398,9.0448,8.9698,8.9161,9.0676,9.132,9.3935,9.5467,9.4921,9.5816,9.3619,9.5212
29.613,9.4053,10.116,14.013,15.152,14.013,13.126,13.842,14.487,15.927,15.883,16.853,16.565,16.395,14.914,13.247,6.8526,7.9247,7.9247,10.935,10.033,10.116,10.116,10.033,9.4053,7.4972,7.9247,10.033,8.5552,13.555,12.916,11.002,9.8629,12.873,13.247,11.904,13.044,11.447,11.198,13.126,11.002,11.002,11.447,8.188,4.9144,2.4156,1.9041,5.8835,7.4972,12.011,9.001,8.8938,10.116,10.033,11.506,9.4053,9.8629,11.002,11.904,13.044,12.741,22.768,23.014,25.552,26.462,25.531,25.178,25.711,26.161,25.139,23.87,24.487,24.74,23.562,22.074,19.116,16.137,17.992,16.853,17.497,16.565,16.853,16.853,15.254,16.528,13.945,13.518,16.395,15.178,19.405,18.436,10.731,10.532,9.975,9.5497,9.2705,9.1277,9.1582,9.242,9.27,9.1574,9.0405,8.9032,8.6928,8.7179,8.7352,9.0137,9.5024,10.133,9.9781,10.021,9.9467,10.021,10.342,10.453,10.239,10.465,10.898,10.776,10.589,10.731,9.1785,9.0914,8.88,8.519,8.2773,8.1902,8.1762,8.2098,8.0317,8.0611,7.9916,7.9045,8.2335,8.2671,8.841,8.6296,9.5253,9.3727,9.4555,9.4654,9.4651,9.439,9.7033,9.6532,9.4048,9.657,9.3212,9.5559,9.2201,9.1785,9.6826,9.4711,9.1069,8.8717,8.6375,8.4848,8.5211,8.3991,8.2943,8.2703,8.2331,8.1364,8.1714,8.043,8.3878,8.4919,8.7348,9.0453,9.0752,9.147,9.2046,9.1378,9.2616,9.2808,9.477,9.6488,9.845,9.855,9.5695,9.6826
29.633,8.5729,10.16,14.593,15.563,14.122,13.511,14.398,15.93,15.407,16.799,17.237,17.491,16.268,16.203,11.891,9.7902,4.3975,9.7902,11.583,10.248,10.248,10.418,10.418,10.16,8.5729,7.8821,10.16,10.418,15.105,13.126,10.501,10.892,12.801,14.227,12.752,12.801,13.258,13.258,11.95,10.248,11.583,11.111,8.8211,9.7902,2.289,2.289,5.8108,7.8821,11.891,8.5729,8.9401,9.3859,10.418,12.343,8.3096,10.501,12.801,9.3859,14.227,12.552,22.805,23.258,25.944,26.455,25.944,25.944,26.185,26.714,25.676,24.361,25.068,25.079,23.564,22.332,19.146,17.882,18.227,17.556,18.547,17.357,17.491,17.491,16.376,16.268,12.289,14.086,16.643,14.902,19.781,18.214,10.951,10.566,10.182,9.7203,9.4526,9.5006,9.349,9.43,9.4782,9.3827,9.1297,8.9846,9.0303,8.8194,9.1777,9.0751,9.8452,10.367,10.304,10.409,10.128,10.327,10.578,10.636,10.741,10.737,11.003,11.06,10.968,10.951,9.2148,9.1073,8.8388,8.6291,8.6562,8.3516,8.3217,8.2539,8.2093,7.9764,8.1652,8.1098,7.9907,8.1028,8.3567,8.9324,9.5081,9.6789,9.5153,9.4194,9.6198,9.3556,9.6232,9.6109,9.4012,9.4698,9.4454,9.4468,9.1679,9.2148,9.8274,9.5677,9.2846,9.0846,8.8846,8.709,8.598,8.4754,8.4387,8.5142,8.3653,8.2843,8.2596,8.1753,8.4931,8.6016,8.9597,9.1754,9.2363,9.3687,9.1877,9.2165,9.4055,9.4166,9.6802,9.802,9.8934,9.8286,9.6507,9.8274
29.653,8.9132,11.36,13.605,15.078,13.762,14.371,13.402,15.38,17.051,16.616,17.84,17.051,15.326,15.612,13.402,9.3591,7.2106,9.3591,12.525,10.474,9.3591,10.221,7.2106,10.221,7.381,8.9132,10.866,10.391,14.2,13.913,11.085,12.369,13.143,13.099,13.099,12.725,11.36,13.099,11.924,12.316,11.864,10.391,8.9132,7.381,2.2621,3.2312,7.8552,10.391,11.36,9.7634,7.2106,10.474,9.7634,12.525,10.133,9.2518,11.085,9.2518,14.2,13.231,22.636,23.906,25.38,26.094,25.619,26.158,25.718,26.803,26.843,24.794,25.272,24.89,22.661,22.686,19.934,18.456,18.39,18.35,18.854,18.074,17.381,17.656,16.087,15.612,13.402,13.876,16.285,16.349,19.359,18.746,9.512,9.1818,8.9274,8.4493,8.0417,8.0122,8.1048,8.1837,8.1045,7.9062,7.8755,7.6812,7.7126,7.6361,7.8423,7.9212,8.2249,9.0337,8.9125,8.9718,8.9103,8.9336,8.7045,9.1188,9.0871,9.611,9.5972,9.5756,9.3639,9.512,7.9929,7.7231,7.3225,7.4508,7.1099,7.0114,7.0727,7.0256,6.9888,6.8641,7.0008,6.8723,6.9449,7.0779,6.9854,7.9446,8.3813,8.2745,8.3064,8.2139,8.2458,8.3761,8.1296,8.3802,8.0135,8.1873,8.3098,8.251,7.9611,7.9929,8.5496,8.3369,7.9092,7.7182,7.5028,7.3519,7.4346,7.2923,7.2109,7.0957,7.1705,7.0951,7.0499,6.9739,7.2818,7.3643,7.5939,7.8706,7.9669,8.0622,8.0308,8.0892,8.1232,8.2531,8.4084,8.7307,8.7315,8.7622,8.4822,8.5496
29.673,7.2166,8.9193,14.377,14.309,12.531,13.49,14.101,15.542,16.929,17.129,17.891,17.846,15.278,15.79,13.768,8.9193,5.2784,8.9193,11.811,11.366,9.3651,10.872,8.9193,9.3651,7.387,7.387,9.3651,11.562,13.237,13.612,11.366,11.366,12.375,11.811,13.408,13.768,12.78,12.731,13.237,11.299,11.93,10.227,7.8612,5.79,5.5417,2.2681,6.2475,9.7694,10.397,10.139,10.397,11.562,10.227,10.227,10.48,9.7694,10.397,10.227,12.731,12.375,22.531,23.395,25.16,25.866,25.705,26.224,25.451,26.671,26.681,24.969,25.047,25.061,22.607,22.607,20.095,17.662,18.193,18.356,19.001,17.47,17.583,18.526,15.196,16.248,13.408,13.149,16.115,15.909,18.715,18.356,11.093,10.946,10.469,10.08,9.7376,9.5547,9.8004,9.8051,9.6606,9.6617,9.5754,9.3888,9.2918,9.1686,9.5755,9.2205,10.048,10.545,10.587,10.588,10.451,10.622,10.714,10.866,10.83,11.097,11.061,11.293,11.067,11.093,9.5896,9.5423,9.1976,8.8979,8.9062,8.4531,8.6523,8.3683,8.5959,8.5486,8.5247,8.3123,8.3862,8.5776,8.1435,9.7702,10.045,9.7137,9.7909,9.7992,9.8075,9.6659,9.8754,9.8281,9.9173,9.7717,9.8488,9.7152,9.4412,9.5896,10.209,9.9831,9.6257,9.4313,9.1483,8.9977,9.0743,8.9232,8.8432,8.7492,8.8094,8.6639,8.6844,8.6519,8.9066,8.9917,9.3488,9.5537,9.618,9.6946,9.7218,9.6973,9.6275,9.8812,10.153,10.176,10.369,10.314,10.093,10.209
29.693,8.3123,10.251,13.905,14.993,14.23,13.943,14.596,15.565,15.933,16.378,17.152,17.915,15.933,15.565,11.586,7.8848,5.5653,8.9428,11.953,11.323,10.421,10.895,8.9428,11.114,8.3123,9.2814,11.39,10.251,14.124,14.23,11.39,11.39,12.803,13.905,12.803,13.304,13.173,13.431,12.803,11.114,12.399,9.7929,7.2402,7.4106,7.4106,-6.7392,5.5653,9.3887,10.421,8.9428,10.421,9.7929,9.2814,11.39,8.5756,10.251,12.755,8.5756,13.905,13.173,22.827,23.448,25.818,26.271,25.681,26.062,26.238,26.378,26.282,24.558,25.094,24.952,23.351,22.34,19.715,17.558,17.915,18.003,18.55,16.783,17.24,17.607,16.314,15.814,14.089,12.555,16.314,15.54,19.783,18.884,9.9881,9.6456,9.1819,8.7754,8.5799,8.3968,8.5391,8.5066,8.5393,8.3932,8.3031,8.1395,8.0669,7.9461,8.2091,8.1683,8.8886,9.5531,9.3524,9.3169,9.3136,9.3205,9.3351,9.3903,9.8843,10.005,10.144,10.068,9.9577,9.9881,8.337,8.2123,8.0013,7.8179,7.4682,7.5656,7.3988,7.3296,7.3293,7.2939,7.2287,7.1732,7.2284,7.3012,7.4253,8.1415,8.4154,8.5045,8.7153,8.481,8.577,8.5767,8.9537,8.6317,8.6393,8.7596,8.578,8.6251,8.223,8.337,8.9223,8.6936,8.2917,8.0921,7.8783,7.6866,7.7623,7.6296,7.5316,7.513,7.4755,7.3782,7.3598,7.3579,7.6184,7.6719,7.9012,8.2433,8.2042,8.4775,8.3982,8.3576,8.4431,8.5479,8.6104,8.918,8.9771,9.013,8.8078,8.9223
29.713,8.9878,9.8497,13.999,14.195,13.688,15.008,13.829,15.364,15.87,15.978,17.285,16.839,15.139,15.139,10.989,8.8806,7.9115,8.1748,10.02,9.8497,9.8497,9.8497,9.8497,8.9878,7.484,7.0097,10.494,10.02,13.505,13.999,10.989,10.989,13.03,13.829,11.493,11.493,13.113,12.903,12.402,12.354,11.185,8.8806,8.1748,7.0097,2.86,-0.1503,5.1645,9.8497,10.989,8.8806,10.713,10.103,8.8806,11.552,9.8497,10.103,12.154,9.8497,13.113,12.354,22.507,23.262,25.473,25.87,25.473,25.473,25.415,26.502,25.857,24.262,24.563,24.819,22.426,21.587,18.881,17.979,17.347,16.959,18.338,17.158,16.942,17.01,15.008,16.68,14.563,13.113,15.532,15.805,19.144,18.338,10.028,9.7991,9.2242,9.0052,8.5626,8.4755,8.6308,8.5281,8.5572,8.5706,8.3759,8.2859,8.1571,7.9636,8.0322,8.4225,8.5466,9.3793,9.5246,9.6662,9.3266,9.2708,9.5748,9.6296,9.7018,10.106,10.092,10.102,9.7209,10.028,8.5174,8.4006,8.0731,7.9387,7.717,7.5261,7.3479,7.4671,7.5724,7.4086,7.6217,7.5816,7.3997,7.1886,7.5909,7.9757,8.721,8.7073,8.9677,8.6535,8.6259,8.7361,8.6627,8.8909,8.6089,8.7154,8.6582,8.6182,8.4959,8.5174,9.0264,8.7582,8.5131,8.3016,8.0901,7.9094,7.8353,7.7087,7.7138,7.6896,7.6543,7.5981,7.583,7.4362,7.7441,7.9417,8.1934,8.365,8.5244,8.586,8.4672,8.4849,8.6448,8.7676,8.8787,9.0736,9.1756,9.0123,8.9382,9.0264
29.733,8.8472,9.3587,14.44,14.786,14.194,14.47,12.87,15.131,15.379,16.27,16.806,17.67,14.44,15.749,12.369,5.3793,3.966,7.4505,11.965,11.4,9.8163,9.3587,5.3793,10.069,7.4505,8.1414,9.3587,10.956,13.899,13.201,11.152,11.4,12.121,12.827,11.965,13.899,12.369,12.121,11.4,11.46,10.956,11.519,6.9763,8.1414,3.966,2.8266,7.4505,8.8472,11.152,9.8163,10.461,8.5086,10.68,11.152,8.8472,9.8163,10.956,10.461,13.201,12.121,22.388,23.26,25.123,25.669,25.517,25.804,25.749,26.408,25.984,24.434,24.794,24.975,22.599,22.291,19.31,16.368,17.67,17.251,17.878,16.976,16.27,17.251,15.771,16.481,12.739,13.796,16.425,15.682,18.814,18.59,10.188,9.9991,9.4057,9.0142,8.763,8.5645,8.8344,8.7648,8.8213,8.6115,8.5861,8.3463,8.3301,8.2004,8.4755,8.6087,9.0082,9.3975,9.7245,9.4253,9.3787,9.37,9.6451,9.7349,9.673,10.11,10.14,10.149,10.085,10.188,8.5905,8.5909,8.1275,7.9597,7.9676,7.6123,7.6894,7.6897,7.6637,7.7778,7.4406,7.55,7.6679,7.4708,7.964,8.771,9.253,8.9252,8.8992,8.8995,9.0598,9.0305,9.0416,8.9513,8.9253,9.0024,8.8821,8.8936,8.5599,8.5905,9.2799,9.0003,8.6475,8.4782,8.2065,8.0578,8.1294,8.0171,7.9209,7.8375,7.8532,7.7745,7.7434,7.6908,8.0526,8.1217,8.3752,8.586,8.6013,8.8131,8.8969,8.7915,8.8426,8.9175,9.0881,9.3175,9.2724,9.4279,9.2422,9.2799
29.753,7.3784,10.863,14.198,15.609,13.911,13.229,14.198,15.27,15.9,16.75,17.574,17.067,15.533,16.282,11.862,8.9107,7.3784,6.239,11.802,11.358,11.358,11.358,8.9107,9.7608,7.2081,8.7917,9.7608,11.082,14.198,14.368,10.389,12.523,13.141,14.198,13.229,12.771,13.603,11.921,12.367,11.358,10.389,10.218,10.389,7.8526,3.2287,5.5331,7.3784,7.8526,9.3565,10.218,11.358,10.389,8.7917,11.082,10.863,10.218,11.921,11.554,14.564,13.229,23.024,23.272,26.138,26.397,26.018,25.647,25.841,26.8,26.133,24.596,25.305,24.671,23.167,22.497,19.624,16.75,17.653,16.492,18.543,17.526,17.395,17.461,16.282,15.508,13.272,14.368,16.75,16.346,19.712,18.347,10.394,10.037,9.7801,9.4374,8.9138,8.9376,9.0858,8.9122,8.9037,8.8867,8.6101,8.6815,8.5846,8.4339,8.5195,8.6073,9.1869,9.5325,9.8225,9.7733,9.7416,9.8209,9.7484,10.062,10.21,10.178,10.326,10.707,10.263,10.394,8.9809,8.7701,8.3194,8.2672,7.9972,7.945,7.8852,7.7794,7.8232,7.7467,7.8364,7.9437,7.7671,7.7182,8.2128,8.6894,9.1952,9.1706,9.2084,9.2289,9.1212,9.2109,9.1763,9.0349,9.1171,9.1237,9.1987,9.0464,8.8144,8.9809,9.4153,9.1317,8.8106,8.6093,8.3741,8.193,8.1996,8.122,8.013,7.9912,7.9786,7.8514,7.8442,7.8212,8.019,8.225,8.4271,8.6921,8.7532,8.8742,8.8977,8.8899,8.9476,9.0153,9.0789,9.4704,9.6512,9.4931,9.2915,9.4153
29.773,7.5456,8.2364,13.891,13.891,14.257,14.061,14.061,15.498,15.866,16.901,17.154,17.071,15.593,15.474,12.834,7.0714,7.0714,8.6037,12.416,9.4538,10.556,10.082,8.6037,10.556,6.9011,8.6037,8.6037,9.0495,14.535,13.604,10.556,11.614,13.296,12.416,13.092,12.922,12.216,12.216,12.789,12.06,9.9114,10.164,8.9423,6.9011,5.2261,1.9526,2.9217,8.4847,10.775,10.164,9.4538,10.082,12.06,10.556,11.495,9.8236,11.953,10.556,12.464,10.082,22.541,23.296,25.075,25.498,25.534,25.645,25.593,26.318,26.054,24.659,25.307,24.769,22.464,22.128,19.77,18.211,18.545,17.531,18.04,17.531,17.531,17.071,15.226,16.102,14.061,13.891,15.975,15.426,18.399,18.04,10.722,10.43,9.8495,9.5514,9.1766,9.0416,9.1384,9.1958,9.1635,9.1159,8.9652,8.8899,8.766,8.6331,8.9405,8.9818,9.611,9.8777,10.113,10.194,9.9548,10.006,10.212,10.272,10.378,10.529,10.828,10.727,10.598,10.722,8.9282,8.9441,8.594,8.4348,8.2404,8.0721,8.2089,7.8431,7.9608,7.9935,7.8803,7.9348,7.8963,7.8524,8.0154,9.1174,9.2154,9.4552,9.322,9.2859,9.1055,9.1479,9.2322,9.2782,9.4593,9.2355,9.3334,9.1927,9.0277,8.9282,9.5701,9.316,8.9988,8.7902,8.5602,8.4331,8.3928,8.2622,8.2322,8.1873,8.173,8.0525,8.0568,7.9454,8.2714,8.4518,8.665,8.9035,9.04,9.0656,9.0456,9.0023,9.1309,9.2858,9.535,9.6599,9.725,9.6377,9.542,9.5701
29.793,8.5785,10.531,13.427,14.599,13.866,13.271,14.036,15.841,15.752,16.014,17.754,17.383,14.54,16.014,12.035,10.056,4.0359,9.0243,12.035,10.531,10.75,11.222,7.9479,9.4286,7.0462,9.0243,8.2112,11.026,14.232,13.866,9.0243,10.958,12.39,12.035,12.896,12.94,12.39,11.53,11.53,11.589,11.026,10.056,9.0243,7.0462,4.9376,-0.11386,5.9067,10.056,11.026,10.056,10.531,10.139,9.0243,10.139,8.5785,7.9479,11.026,11.589,13.067,11.026,22.439,23.283,24.899,25.384,25.334,25.384,25.403,26.077,26.17,25.09,25.587,24.706,22.103,21.624,19.505,17.274,18.121,18.015,18.186,16.34,16.717,17.129,15.401,15.401,12.896,13.578,16.418,15.752,19.496,18.325,10.905,10.542,10.056,9.6772,9.3733,9.2563,9.2761,9.3244,9.3631,9.1696,9.0562,8.9668,8.8753,8.8017,9.118,9.0574,9.6955,10.247,10.1,10.222,10.389,10.087,10.185,10.501,10.478,10.639,10.922,10.895,10.627,10.905,9.2151,9.1096,8.6666,8.5666,8.3191,8.1452,8.2554,8.1712,8.0229,8.3306,8.0736,7.9305,8.1916,7.8887,8.6553,8.7609,9.3301,9.3802,9.4857,9.3426,9.3339,9.2199,9.3927,9.3441,9.4699,9.4188,9.327,9.1516,8.9677,9.2151,9.7855,9.5017,9.132,8.965,8.7493,8.5601,8.5804,8.4928,8.3847,8.3074,8.3351,8.2568,8.2448,8.1683,8.513,8.6146,8.9261,9.0046,9.1415,9.2821,9.2614,9.2762,9.344,9.4734,9.6396,9.8833,9.8783,9.9332,9.6617,9.7855
29.813,7.0078,10.101,13.93,14.561,13.827,14.225,13.54,15.163,17.283,17.091,17.715,16.837,14.817,16.121,13.028,10.018,6.8374,8.9859,11.183,10.987,11.183,8.8786,8.9859,10.101,7.0078,3.9975,8.8786,10.101,12.4,12.901,10.711,10.987,12.152,11.996,12.152,12.901,11.55,12.726,12.4,11.431,11.996,10.018,6.8374,7.482,5.1625,2.858,5.8683,9.3902,9.8477,8.1728,9.3902,10.987,8.9859,12.152,7.482,9.8477,9.76,12.152,12.901,12.352,21.74,23.264,24.347,24.91,25.416,25.736,25.163,26.602,26.853,24.759,25.362,24.668,21.259,22.263,19.951,18.147,17.977,18.336,18.173,17.204,17.236,17.008,14.472,15.411,12.77,12.726,15.362,16.302,17.977,18.134,10.984,10.535,10.118,9.8141,9.5187,9.3529,9.3655,9.5009,9.4994,9.3319,9.2527,9.1907,9.0162,8.8697,9.0406,9.2966,9.6039,10.282,10.499,10.381,10.221,10.301,10.373,10.623,10.794,11.05,11.036,11.083,10.758,10.984,9.2831,9.2975,8.8959,8.6615,8.6484,8.2714,8.3357,8.3883,8.2332,8.3544,8.2645,8.1507,8.3963,7.9572,8.6776,9.1857,9.6286,9.57,9.8331,9.7357,9.7538,9.7507,9.7852,9.6927,9.6784,9.8584,9.6578,9.3805,9.3564,9.2831,9.8791,9.6476,9.3058,9.1178,8.9399,8.7332,8.6871,8.5545,8.5255,8.4752,8.496,8.4509,8.3545,8.2987,8.598,8.794,8.9387,9.1452,9.3137,9.4408,9.35,9.3258,9.4806,9.5246,9.7936,10.017,9.9631,9.9477,9.7452,9.8791
29.833,8.91,10.862,14.197,15.533,13.759,14.197,14.197,16.282,16.151,16.902,17.715,17.606,16.409,15.533,12.259,9.3559,3.228,8.5428,11.357,11.081,10.862,10.218,8.5428,9.7602,8.91,7.852,10.218,10.388,13.873,12.522,10.388,12.366,13.228,13.398,12.722,13.481,13.228,13.759,12.77,11.357,10.388,10.862,8.91,7.2074,3.228,0.21773,8.2795,10.388,10.13,9.3559,9.7602,10.218,10.862,11.92,10.218,9.3559,11.92,10.13,14.3,12.259,22.77,23.215,25.9,26.36,25.522,25.725,26.011,26.872,26.275,24.387,25.187,24.872,23.271,22.177,19.512,17.852,17.46,17.837,18.543,17.46,18.197,17.102,16.672,16.173,13.481,14.3,17.394,16.826,19.76,18.071,9.7157,9.2754,8.9672,8.4973,8.1289,8.1503,8.0672,8.2062,8.0809,8.0896,7.9337,7.7546,7.7689,7.6645,7.838,7.966,8.1734,8.9524,9.0968,8.8381,8.9273,8.9409,9.1028,9.0965,9.3583,9.3731,9.5286,9.8916,9.4835,9.7157,8.2912,7.7031,7.6757,7.4512,7.2006,7.2008,7.1991,6.9857,6.9609,7.0202,7.0619,6.9894,7.255,6.9518,6.8516,8.1424,8.326,8.634,8.5514,8.1608,8.4551,8.6387,8.5973,8.557,8.5841,8.2728,8.5024,8.3875,8.1075,8.2912,8.5846,8.3537,8.0475,7.8472,7.6004,7.4312,7.3858,7.2964,7.1886,7.2404,7.1762,7.0366,7.0156,6.9793,7.2752,7.4407,7.7018,7.9025,8.0355,8.0175,8.0513,7.9666,8.1201,8.211,8.2804,8.5074,8.6077,8.5999,8.4523,8.5846
29.853,7.9157,10.993,12.732,15.169,14.567,16.045,13.546,15.169,18.992,17.606,18.752,17.242,14.567,15.918,12.732,10.993,7.4882,10.107,12.158,12.002,11.895,10.024,8.8848,9.8539,9.8539,10.024,9.8539,12.158,13.238,14.231,10.993,11.438,12.002,14.823,14.004,14.905,12.776,13.833,15.368,12.864,12.907,11.189,4.0036,8.5462,5.1687,7.0139,7.0139,10.498,11.556,10.993,8.179,11.556,8.8848,10.107,9.3963,9.8539,10.498,12.732,14.567,13.117,22.781,24.665,25.282,26.217,26.032,26.84,26.384,27.536,28.089,25.874,26.491,25.13,22.002,22.358,20.528,19.396,19.138,18.981,19.649,18.534,17.518,18.089,15.169,16.249,14.567,14.478,15.72,17.473,19.463,19.567,9.8877,9.5587,9.1113,8.7071,8.4489,8.2765,8.4625,8.3785,8.4617,8.2207,8.2085,8.0733,8.0523,7.9132,8.2264,8.2646,8.5892,9.2722,9.2691,9.2519,9.2583,9.32,9.6345,9.7516,9.6889,10.072,9.9231,9.9371,9.9472,9.8877,8.2824,7.8819,7.7164,7.6157,7.3197,7.241,7.2866,7.1903,7.2929,7.1017,7.0671,7.2318,7.0032,7.0896,7.1887,8.1404,8.6496,8.5566,8.5202,8.5336,8.3781,8.4772,8.688,8.5972,8.2776,8.4651,8.4276,8.1892,8.1151,8.2824,8.7867,8.5609,8.1527,8.0334,7.7605,7.5956,7.6304,7.4815,7.4384,7.336,7.411,7.3132,7.2874,7.136,7.464,7.623,7.8626,8.0222,8.1128,8.2342,8.2147,8.2086,8.3248,8.3325,8.5215,8.7911,8.8639,8.829,8.6686,8.7867
29.873,7.0286,10.732,12.173,14.522,13.523,14.246,12.017,15.932,16.142,16.534,17.488,17.029,14.493,14.493,11.512,7.9304,5.8892,9.411,12.017,11.008,8.8995,11.204,9.0067,10.039,6.8583,8.8995,9.0067,8.4419,12.879,13.132,10.513,11.008,11.512,12.373,12.922,12.173,12.173,12.373,13.561,10.941,11.008,9.411,7.5029,5.8892,4.0183,-1.1005,9.0067,9.411,11.204,10.732,9.0067,11.008,7.5029,12.421,8.4419,8.1937,9.411,11.008,12.879,12.173,21.872,23.542,24.617,25.456,25.499,25.788,25.176,26.414,26.558,24.322,25.093,24.748,21.789,21.715,19.516,17.029,17.722,17.93,18.899,17.621,17.256,17.176,14.726,15.259,13.523,13.951,16.323,16.323,18.561,18.103,10.02,9.7127,9.2031,8.8627,8.6407,8.3844,8.5101,8.5201,8.4985,8.4005,8.3096,8.2805,8.1458,7.9212,8.2307,8.3892,8.6526,9.2377,9.4699,9.4252,9.2804,9.2989,9.4542,9.7313,9.7285,9.9918,10.003,9.9131,9.8547,10.02,8.3732,8.2466,7.8889,7.7556,7.6175,7.3751,7.4053,7.1482,7.2442,7.1763,7.1773,7.1095,7.5465,7.2225,7.6183,8.7264,8.5718,8.6596,8.4711,8.5415,8.8603,8.5814,8.8454,8.497,8.6954,8.6751,8.6286,8.5607,8.2779,8.3732,8.8803,8.6791,8.2787,8.1211,7.9427,7.7432,7.7094,7.6086,7.5663,7.4851,7.5167,7.4386,7.373,7.2906,7.5924,7.7583,7.9289,8.2224,8.2848,8.342,8.2567,8.3042,8.4196,8.548,8.8461,8.9673,9.0509,8.8909,8.676,8.8803
29.893,5.8517,8.5234,14.455,14.688,13.486,14.209,13.372,15.346,15.394,16.496,16.821,17.495,15.959,15.895,11.475,6.9912,5.1459,8.9693,12.136,11.926,11.534,8.862,8.4044,10.971,8.1562,8.4044,8.862,8.9693,13.811,13.094,10.971,11.167,11.872,11.167,13.523,13.012,11.534,13.486,11.98,11.415,11.167,8.862,8.9693,6.9912,-0.16888,2.8414,6.8208,7.4654,10.476,9.8311,8.9693,10.001,9.8311,10.971,8.1562,8.5234,10.695,8.862,12.709,12.335,22.841,23.247,25.793,26.115,25.282,25.346,25.677,26.43,25.527,24.355,24.708,24.5,23.24,21.872,18.969,16.68,17.45,16.44,18.559,17.435,17.96,16.662,14.99,14.8,13.705,12.709,16.68,15.513,19.478,18.156,10.255,9.9099,9.4979,9.1236,8.7757,8.6437,8.7378,8.8431,8.75,8.645,8.5157,8.2228,8.2502,8.1735,8.4439,8.4851,9.0348,9.2023,9.7658,9.5009,9.478,9.4465,9.7221,9.8003,9.8863,9.9432,10.219,10.242,9.9845,10.255,8.667,8.4431,8.1212,7.9529,7.7554,7.5103,7.6277,7.598,7.6471,7.5127,7.5125,7.4861,7.6734,7.515,8.3216,8.72,8.9385,9.0983,8.8532,8.8467,8.8542,9.0864,9.1806,9.0598,9.0889,8.9236,8.9343,8.9203,8.7206,8.667,9.0912,8.9331,8.5354,8.3105,8.0779,7.9396,7.9657,7.8154,7.6976,7.7367,7.6857,7.5408,7.5255,7.4851,7.8121,7.9178,8.1604,8.3411,8.3758,8.4994,8.5914,8.5296,8.6535,8.7949,8.9243,8.9536,9.1245,9.1757,8.9308,9.0912
29.913,9.0481,9.9099,14.06,14.534,13.748,13.992,13.565,14.961,16.442,15.843,17.153,17.02,15.225,15.424,11.245,9.9099,6.8996,9.0481,10.982,11.049,11.049,9.9099,6.8996,8.235,6.8996,8.235,9.0481,9.9099,14.534,12.463,10.163,10.774,12.214,13.173,13.091,13.173,11.951,12.92,12.92,11.049,11.049,9.4523,8.9408,7.5442,5.9305,-1.0592,8.235,9.0481,11.049,9.0481,10.554,9.9099,9.4523,10.554,10.163,10.08,11.951,10.163,13.602,12.963,22.385,23.198,25.54,26.136,25.338,25.771,25.643,26.432,25.898,24.256,24.997,24.579,22.752,22.121,18.875,18.235,17.003,18.039,18.543,17.574,16.612,17.514,16.184,15.301,13.602,13.602,15.424,15.776,18.809,18.941,10.547,10.125,9.578,9.2008,8.9722,8.8025,9.0132,8.9266,8.9366,8.9088,8.7824,8.6316,8.6181,8.4565,8.6003,8.6755,9.1492,9.7961,9.737,9.8335,9.9166,9.8712,9.9852,10.214,10.289,10.364,10.624,10.707,10.454,10.547,8.9118,8.4866,8.377,8.1991,7.8806,7.7239,7.6717,7.7558,7.6601,7.7998,7.7041,7.9126,7.6751,7.5206,7.9853,8.9967,9.0041,9.1963,8.945,8.9425,8.9991,9.0001,9.2262,9.0718,8.9364,9.1745,9.2032,9.009,8.8523,8.9118,9.3352,9.0684,8.7166,8.5302,8.2573,8.0932,8.1887,8.0272,7.9382,7.909,7.9142,7.8073,7.8123,7.7455,8.0303,8.0883,8.4232,8.6373,8.7077,8.8716,8.8689,8.8344,8.8808,9.0033,9.1214,9.2801,9.4724,9.271,9.2,9.3352
29.933,7.517,10.053,14.596,15.446,14.537,13.538,14.596,15.903,15.903,15.749,17.239,17.736,15.771,15.771,12.893,6.8724,5.9033,7.0428,10.527,9.4252,11.218,10.746,9.4252,8.9136,7.9445,7.0428,8.4561,10.053,13.862,13.538,11.218,11.585,11.218,13.575,11.218,12.805,12.936,13.862,12.893,11.022,10.746,11.218,9.8827,6.8724,-0.11727,5.4458,5.9033,8.575,11.585,8.2078,9.8827,10.746,10.527,11.218,11.466,8.575,10.136,11.022,14.032,12.805,22.761,23.42,25.553,26.109,25.198,25.333,25.572,26.482,25.755,24.183,24.584,24.501,22.738,21.908,19.347,17.239,17.606,18.012,18.052,16.337,17.904,17.517,16.278,15.041,14.26,13.721,16.567,16.011,19.415,18.208,10.608,10.261,9.7354,9.4155,9.1473,9.0057,9.0821,9.0839,9.0624,9.0145,8.8388,8.8035,8.6344,8.5221,8.584,8.5626,9.6483,10.004,10.024,9.9437,9.8571,10.029,10.239,10.076,10.234,10.268,10.693,10.727,10.546,10.608,8.9761,8.8308,8.5259,8.3484,8.0757,8.0955,7.9701,7.9671,8.0637,7.8562,7.8461,7.7753,7.9487,8.0074,8.104,8.986,9.2246,9.1561,9.2613,9.4114,9.2894,9.1155,9.386,9.2964,9.3163,9.2563,9.3731,9.1601,8.935,8.9761,9.4984,9.2244,8.9385,8.6932,8.4593,8.2777,8.3055,8.17,8.114,8.072,8.0433,7.9839,7.915,7.8862,8.0964,8.3666,8.554,8.7543,8.8397,8.9488,8.9497,8.9053,8.9153,9.076,9.3128,9.5268,9.5379,9.5139,9.3076,9.4984
29.953,8.9207,10.399,14.208,15.543,14.311,14.067,13.921,15.91,16.931,17.218,18.463,17.471,15.543,15.334,12.781,8.9207,6.249,9.2593,11.368,11.368,11.812,10.481,10.481,10.228,8.9207,7.3884,11.092,10.873,14.208,13.921,11.368,12.533,13.239,13.409,12.27,12.781,12.533,11.931,13.409,10.399,13.492,11.3,8.5535,7.8627,6.249,0.2284,7.3884,10.873,10.873,10.228,9.3665,9.2593,10.481,11.092,11.564,9.7708,13.492,10.141,13.769,12.781,23.03,23.746,25.272,26.137,25.851,26.101,25.782,26.615,26.712,24.715,25.392,25.247,22.609,21.919,18.956,17.833,17.848,18.463,18.528,17.471,16.931,17.388,15.387,15.619,13.613,13.921,16.117,16.249,19.259,18.667,10.557,10.363,9.9356,9.5293,9.2911,9.1297,9.1657,9.1055,9.2336,9.0897,8.943,8.9034,8.7087,8.624,8.7844,8.9215,9.247,10.013,9.9071,9.8876,9.8506,9.9675,10.035,10.152,10.156,10.417,10.544,10.697,10.452,10.557,9.1505,8.8843,8.589,8.4259,8.3317,8.1131,8.1395,7.9745,8.1184,7.8999,7.991,8.0507,8.0771,7.9941,8.644,9.2108,9.5114,9.476,9.2818,9.3018,9.1145,9.3283,9.2951,9.4455,9.3812,9.2394,9.2062,9.2659,8.9807,9.1505,9.6234,9.3616,9.0769,8.8594,8.6339,8.5032,8.4379,8.3157,8.2618,8.1517,8.1938,8.1845,8.1074,7.9519,8.2632,8.4202,8.6962,8.9429,8.9586,9.0919,9.1188,8.9737,9.1683,9.2177,9.3451,9.62,9.5759,9.6383,9.4244,9.6234
29.973,8.9326,10.885,13.781,14.953,14.22,13.118,13.781,16.261,16.106,17.071,17.4,17.23,16.129,15.922,13.251,7.23,7.23,8.3021,11.576,11.884,10.885,11.38,10.411,11.576,9.2712,8.3021,10.493,10.24,14.894,14.114,11.104,11.38,12.545,13.294,12.745,13.294,13.504,13.625,12.545,11.824,12.389,9.7827,7.23,7.4003,2.793,0.24031,6.2609,9.3784,11.38,9.2712,8.5654,10.24,11.104,11.884,9.7827,10.24,11.38,10.885,11.576,12.793,23.023,23.392,25.669,26.334,25.847,25.941,25.691,26.613,26.013,24.548,25.117,24.74,23.091,22.389,18.874,17.142,17.875,17.738,18.874,17.596,17.738,18.261,16.261,16.695,13.163,13.118,16.195,16.772,19.783,18.369,10.942,10.583,10.1,9.7243,9.4235,9.1828,9.3902,9.4544,9.4256,9.2846,9.1461,9.0573,9.0096,8.7456,9.0883,9.0859,9.7271,10.226,10.327,10.365,10.199,10.31,10.488,10.391,10.466,10.643,10.777,10.998,10.637,10.942,9.4029,8.9855,8.8306,8.6053,8.2757,8.2004,8.3759,8.1866,8.2595,8.2757,7.9626,8.1926,8.3119,8.4487,8.8343,8.9536,9.5366,9.6871,9.7197,9.8565,9.7309,9.6315,9.6616,9.7273,9.4878,9.749,9.671,9.7247,9.3867,9.4029,9.8427,9.5754,9.2317,9.0166,8.7841,8.6147,8.689,8.5462,8.4697,8.3992,8.3706,8.3299,8.3346,8.2276,8.4976,8.7248,8.9059,9.1303,9.1968,9.2794,9.3175,9.3016,9.3635,9.4646,9.6082,9.827,9.9235,9.9373,9.7379,9.8427
29.993,8.5444,10.219,13.874,14.961,14.057,14.369,14.199,15.782,15.782,17.209,17.607,17.396,14.961,15.901,11.083,8.5444,7.3793,10.132,11.922,10.864,10.864,9.3574,8.9116,9.7617,8.5444,8.7926,9.7617,10.39,15.271,14.843,10.864,11.359,13.4,14.369,12.524,13.23,12.26,13.4,13.142,12.368,11.359,10.864,8.9116,8.5444,4.369,2.2605,7.209,10.132,10.219,11.359,10.864,10.39,11.359,10.39,10.864,10.472,11.922,10.864,12.723,12.524,22.498,23.487,25.587,26.227,25.338,25.953,26.072,26.642,26.227,24.828,25.402,25.189,22.905,22.373,19.095,18.073,17.942,18.348,18.817,17.121,17.654,18.335,15.901,15.189,12.368,14.873,16.283,15.61,19.781,18.519,11.237,10.721,10.329,9.9939,9.6903,9.4369,9.6121,9.625,9.6379,9.5089,9.3529,9.1922,9.269,9.0162,9.2764,9.5972,9.9105,10.37,10.406,10.516,10.363,10.528,10.675,10.703,10.792,10.908,11.101,11.238,10.985,11.237,9.6137,9.275,9.0061,8.733,8.6273,8.3505,8.4722,8.3965,8.3938,8.3044,8.26,8.1986,8.2139,8.4239,8.5669,9.3497,9.7931,9.7349,9.5349,9.4592,9.5153,9.5227,9.6444,9.5174,9.5249,9.427,9.6704,9.7101,9.332,9.6137,10.026,9.8485,9.4565,9.1922,8.9383,8.8243,8.8627,8.757,8.66,8.6378,8.5992,8.4676,8.4834,8.4263,8.7715,8.8814,9.0906,9.3264,9.3893,9.4714,9.534,9.561,9.5305,9.6862,9.6745,9.9569,10.097,10.162,9.8889,10.026
30.013,9.8936,11.537,14.239,14.607,13.435,13.873,14.239,15.052,16.445,16.778,16.724,17.513,15.76,15.408,12.198,5.2084,2.9039,7.5279,12.198,9.4361,11.935,11.229,7.9554,8.2187,8.586,6.8833,8.2187,10.147,13.873,13.586,9.8936,9.8059,12.198,14.607,12.398,12.772,13.074,12.198,13.157,11.033,12.198,10.538,8.586,9.0318,2.9039,4.0434,5.4567,9.4361,11.229,9.0318,8.9245,8.586,10.064,12.772,5.2084,8.9245,11.537,11.229,15.052,13.278,22.398,23.373,25.044,25.721,25.302,25.447,25.687,26.3,25.721,24.043,25.208,24.956,22.565,22.816,19.588,17.003,17.391,17.201,17.761,16.986,17.513,17.054,16.724,15.408,12.904,12.904,16.167,16.167,19.388,18.219,9.8387,9.3392,9.0106,8.7161,8.4027,8.3013,8.1516,8.3667,8.3291,8.1385,8.0937,7.9138,7.9317,7.7474,7.8363,7.7897,8.4371,9.0665,9.038,9.3637,9.2908,9.1529,9.1831,9.5088,9.7041,9.4661,9.6499,9.9585,9.7872,9.8387,8.2043,7.9234,7.7193,7.5268,7.3076,7.2181,7.107,6.9468,7.2498,7.1228,6.8895,7.0903,7.0248,6.7984,6.95,7.7207,8.4226,8.6054,8.4013,8.2548,8.4063,8.4239,8.5056,8.4455,8.7768,8.7146,8.3288,8.2296,8.0831,8.2043,8.6532,8.4335,8.0956,7.9169,7.7152,7.5195,7.5317,7.3575,7.3269,7.3139,7.2751,7.153,7.135,7.0165,7.2969,7.511,7.7809,7.9384,8.074,8.0439,8.0642,8.0129,8.2646,8.2875,8.3811,8.6076,8.7527,8.7064,8.4728,8.6532
30.033,7.8676,10.878,14.857,15.203,14.383,14.579,14.071,15.548,16.361,16.842,17.541,17.343,16.765,15.624,11.569,8.5584,4.383,9.3715,11.373,10.486,11.373,8.8066,9.7757,11.097,9.7757,5.5481,9.7757,10.404,14.383,13.774,11.373,11.936,13.618,14.383,11.373,13.774,11.877,12.786,11.817,12.275,11.569,11.936,8.9256,7.8676,5.7963,5.5481,6.2539,7.223,10.486,9.2642,9.3715,10.146,10.878,13.156,7.8676,9.7757,11.936,10.233,14.579,13.497,23.182,23.317,26.168,26.688,25.711,25.84,25.997,26.717,25.392,24.658,24.857,25.247,24.129,22.125,18.914,16.688,17.326,16.507,18.254,17.135,18.468,17.118,16.917,16.188,14.383,13.244,16.917,16.166,19.795,17.853,9.9625,9.7567,9.0872,8.6785,8.4924,8.3079,8.347,8.3598,8.3677,8.3823,8.1794,8.1656,8.0393,7.8442,8.0261,8.3103,8.4474,9.3351,9.5377,9.3198,9.126,9.1865,9.3024,9.4695,9.818,9.6889,10.05,10.11,9.8355,9.9625,8.4795,8.1732,7.7814,7.683,7.6662,7.3429,7.3695,7.2089,7.2651,7.4633,7.2745,7.0888,7.1536,7.1278,7.2428,8.3031,8.6043,8.6606,8.8152,8.7351,8.6806,8.5258,8.6408,8.7801,8.8951,8.5709,8.6038,8.6454,8.4829,8.4795,8.7902,8.6174,8.3047,8.031,7.8617,7.719,7.6093,7.5037,7.3952,7.4478,7.337,7.3052,7.2985,7.1884,7.4695,7.657,7.8332,8.0742,8.2058,8.2838,8.1743,8.1639,8.3588,8.3977,8.5794,8.7214,8.865,8.8325,8.633,8.7902
30.053,9.4239,10.052,13.861,14.624,12.76,14.227,14.475,15.04,15.445,16.336,16.565,17.124,16.336,15.196,11.923,7.9433,6.8712,5.9021,10.954,11.021,8.9124,8.9124,9.4239,11.021,9.7938,6.8712,10.745,10.135,14.227,12.386,11.525,11.021,13.062,13.574,12.935,12.186,12.186,11.525,10.745,10.135,9.4239,10.052,7.0415,5.4445,1.9227,2.8918,5.4445,10.052,9.7938,9.0196,9.4239,9.7938,8.2066,10.526,8.5738,5.4445,11.525,10.526,14.031,13.062,22.791,23.419,25.747,26.155,25.189,25.589,25.675,26.326,25.369,23.777,24.624,24.761,23.258,22.14,19.529,16.49,17.124,16.783,17.847,17.124,17.546,16.766,16.155,15.902,13.861,13.423,16.155,15.77,19.375,18.515,10.25,9.791,9.2209,9.0332,8.5968,8.5772,8.6293,8.5471,8.7072,8.4931,8.4095,8.2651,8.21,7.9879,8.1936,8.4644,8.9151,9.3278,9.4567,9.53,9.3927,9.3417,9.7924,9.7969,9.8703,9.8194,10.179,10.355,10.129,10.25,8.4335,8.2631,8.069,7.8061,7.8402,7.5544,7.4334,7.3784,7.3836,7.4896,7.2702,7.2735,7.4054,6.9451,7.4675,8.4537,8.5125,8.8376,8.772,8.6198,8.7098,8.7687,8.7507,8.6477,8.6001,8.5024,8.5982,8.357,8.3746,8.4335,9.0112,8.7399,8.4296,8.1988,8.0351,7.8642,7.7902,7.6988,7.6208,7.6303,7.5541,7.4931,7.4439,7.4127,7.6698,7.8515,8.0672,8.3225,8.4944,8.4679,8.4574,8.4737,8.5909,8.7043,8.9162,9.0615,9.1546,9.0427,8.9213,9.0112
30.073,8.5702,9.7875,15.56,15.927,14.224,13.937,14.083,14.987,16.373,15.76,17.235,17.405,16.699,16.178,13.123,7.2348,4.3948,8.5702,13.255,10.415,10.498,10.89,11.109,10.498,7.4051,6.2657,10.415,10.157,14.869,13.63,11.385,11.948,12.394,13.168,12.394,12.55,12.798,12.55,11.109,10.498,11.385,11.948,8.8184,8.5702,4.3948,3.2554,6.2657,9.7875,10.245,9.3832,10.498,9.7875,9.3832,12.55,10.245,10.245,11.58,9.7875,13.9,11.317,23.363,23.533,26.529,27.03,25.723,25.851,25.915,26.438,25.175,24.14,24.53,25.125,23.817,22.329,18.937,16.854,17.076,17.147,18.646,17.488,17.633,16.929,16.948,16.133,13.508,14.395,17.355,16.436,20.157,18.414,10.355,9.9556,9.5296,9.1152,8.911,8.7124,8.7288,8.7225,8.7993,8.7445,8.6104,8.4849,8.3807,8.2473,8.4335,8.5288,9.0777,9.6345,9.6985,9.7149,9.6148,9.536,9.8506,9.8572,9.9859,10.324,10.409,10.426,10.304,10.355,8.6882,8.3994,8.2058,8.0684,7.9311,7.6491,7.6461,7.643,7.523,7.6439,7.3839,7.4898,7.4069,7.4039,7.8937,8.6973,9.0928,8.9866,9.2022,8.923,8.8426,8.638,8.9643,8.8242,9.001,8.8949,8.8919,8.7206,8.5313,8.6882,9.1482,8.8517,8.6323,8.4129,8.2392,8.074,7.9445,7.8239,7.7831,7.8243,7.7294,7.6516,7.6491,7.5175,7.863,8.0531,8.2043,8.5457,8.6156,8.7126,8.6351,8.5969,8.7871,8.7669,9.1714,9.3131,9.2589,9.1528,9.0362,9.1482
30.093,9.9306,9.473,14.276,15.245,13.472,12.941,13.91,15.613,16.058,15.613,17.173,17.173,16.482,15.518,12.809,6.9203,8.2557,7.0906,10.794,9.9306,11.07,10.184,8.6229,10.575,9.0687,7.0906,8.5039,9.0687,14.555,12.941,10.794,9.8428,12.435,13.769,11.633,13.315,13.315,13.623,9.9306,11.633,10.575,12.079,9.9306,7.5648,2.4833,-0.069439,2.4833,8.6229,10.101,8.5039,11.633,9.473,11.07,11.07,9.473,8.6229,11.633,8.9615,14.308,12.853,22.786,22.928,25.694,26.613,25.326,25.245,25.627,26.223,25.289,24.124,24.455,24.81,23.421,21.89,18.807,17.238,16.92,17.595,18.165,17.366,17.107,16.204,16.463,16.596,13.91,13.111,16.92,16.058,19.643,18.332,10.424,10.072,9.6813,9.3408,9.0252,8.9195,9.0689,8.8734,8.9769,8.8591,8.6581,8.6277,8.5654,8.3792,8.5725,8.7674,8.8401,9.7963,9.912,9.791,9.7431,9.5828,9.7525,10.126,10.248,10.384,10.799,10.516,10.372,10.424,8.8927,8.5614,8.5476,8.0802,8.0047,7.8904,7.8523,7.7057,7.8044,7.587,7.5862,7.6154,7.4854,7.6253,7.7896,8.798,8.8791,9.2588,8.9859,8.9427,8.8672,8.9251,9.1306,9.0319,8.9886,8.9046,8.9943,8.9103,8.7845,8.8927,9.3294,9.0829,8.7746,8.5328,8.3684,8.2112,8.1398,8.0254,7.9123,7.9239,7.8914,7.811,7.8115,7.6504,7.9828,8.1385,8.383,8.6902,8.7204,8.8682,8.8033,8.6985,8.8873,8.919,9.248,9.4247,9.5706,9.3705,9.1254,9.3294
